1.28088 0.394383
1.49443 0.197551
0.474101 0.76823
0.392853 0.55397
0.675176 0.628871
0.515909 0.513401
0.903722 0.717297
0.200266 0.606969
0.0230537 0.242887
0.194085 0.804177
0.221589 0.400944
0.183561 0.108809
0.869082 0.296032
0.90652 0.524287
0.413702 0.771358
0.744999 0.769914
0.400688 0.352458
0.0986539 0.949327
0.743936 0.0860558
0.271845 0.663227
1.41996 0.348893
0.0907566 0.020023
0.647321 0.0630958
0.377142 0.53976
0.53065 0.760249
0.724873 0.667724
0.751897 0.0392803
0.402072 0.738534
0.910217 0.354049
0.9855 0.165974
1.25466 0.330337
0.323826 0.893372
0.495509 0.68667
0.563503 0.814767
0.68238 0.215825
0.208833 0.881062
0.911899 0.431953
0.879446 0.281059
1.16133 0.307458
0.632233 0.226107
0.265225 0.276235
0.787295 0.416501
0.239873 0.906804
0.145914 0.126075
0.700699 0.760475
0.979962 0.383188
1.09192 0.368664
0.416027 0.232262
0.827737 0.244413
0.215523 0.732149
0.177457 0.79347
0.232087 0.745071
0.105406 0.950104
0.0742914 0.521563
0.249212 0.240062
0.132208 0.134902
0.735738 0.0782321
0.0988676 0.204655
0.65258 0.819677
0.0734563 0.157807
1.41908 0.125468
1.36062 0.0723288
0.0058857 0.923069
0.841451 0.180372
0.230715 0.39169
0.507863 0.552485
0.820395 0.452576
0.98473 0.0996401
0.750764 0.757294
1.08833 0.62891
0.0500953 0.747803
0.951923 0.497259
0.231898 0.830012
1.41586 0.0769947
0.925142 0.248044
0.894288 0.229137
1.00645 0.316867
0.464985 0.231428
0.104885 0.633072
0.316314 0.651132
0.396059 0.546107
1.03791 0.113281
0.666812 0.59254
0.475697 0.847684
0.614526 0.00323146
0.487848 0.598481
1.26417 0.233892
0.965556 0.48295
0.681595 0.304956
1.02567 0.182556
0.882777 0.0408643
0.585491 0.695984
0.963102 0.63764
0.490921 0.184622
0.863841 0.627158
1.0578 0.328374
1.07502 0.202213
0.930435 0.257265
0.753082 0.0876436
0.368417 0.877384
0.982682 0.0937402
0.157376 0.361601
0.816428 0.593211
0.951412 0.288778
1.14104 0.288379
0.466208 0.189751
1.25045 0.331479
0.26617 0.436497
0.171331 0.685786
0.542848 0.774274
1.33671 0.203548
1.17691 0.548042
0.420451 0.904932
0.704518 0.5762
0.230185 0.273911
1.34398 0.492399
0.701454 0.291053
0.255167 0.684178
1.05224 0.139058
0.854983 0.492422
0.252036 0.221966
0.705057 0.121259
0.195509 0.360443
0.701591 0.334972
0.557691 0.658831
0.863511 0.258906
0.213882 0.072545
0.152528 0.647207
0.514232 0.28827
0.468674 0.0911486
0.826402 0.265461
0.689361 0.157272
0.732204 0.207844
0.788895 0.426199
1.25638 0.394388
0.345548 0.326013
1.0554 0.638654
1.44409 0.136075
0.580972 0.00540855
0.415345 0.114668
0.0695298 0.449105
0.298249 0.473894
1.34563 0.0939195
0.140805 0.382896
0.426779 0.65712
1.2095 0.131702
0.0728474 0.0534223
0.647341 0.780868
0.992374 0.44256
0.168457 0.589637
0.819243 0.529899
0.843139 0.361917
0.430347 0.888723
0.674027 0.16982
0.864764 0.525747
0.878444 0.596196
0.330457 0.829808
0.0991276 0.0988374
0.681309 0.225491
1.24901 0.290829
0.505173 0.878278
0.486869 0.814909
0.93979 0.0363274
0.364135 0.778257
0.435821 0.221009
0.280058 0.612442
0.155193 0.674605
0.283355 0.401188
0.446431 0.434009
0.326694 0.385748
0.753657 0.154724
0.785798 0.0145793
0.537732 0.382167
0.431934 0.737408
0.368343 0.649659
1.00186 0.31195
0.919265 0.00600477
0.877729 0.642693
0.733337 0.400709
0.51219 0.718867
0.21621 0.0328927
0.0898928 0.685722
0.265343 0.618958
1.00592 0.567831
0.00159175 0.00570914
0.431695 0.26157
0.256214 0.341354
0.930706 0.31323
1.40351 0.186265
0.22224 0.503461
1.467 0.191112
0.557966 0.706067
0.329697 0.926576
0.699233 0.552568
1.22052 0.594497
0.371652 0.604379
0.665512 0.166955
0.583368 0.611981
0.845855 0.645602
0.761773 0.148342
0.819803 0.0329634
1.00693 0.518151
1.26267 0.515049
0.159316 0.48981
0.721779 0.0484997
1.22098 0.384658
0.906678 0.452122
0.203632 0.413078
0.349375 0.406767
0.0246886 0.717597
0.825112 0.446743
0.0830514 0.0742604
0.911419 0.59728
0.314823 0.219788
1.07055 0.462852
0.471762 0.536743
0.309921 0.477551
0.259897 0.458039
1.46918 0.257585
0.469325 0.402379
0.793516 0.554448
0.883292 0.191028
0.675973 0.360105
0.297978 0.606542
1.34633 0.109778
0.528315 0.199003
0.920235 0.592692
0.967278 0.596341
0.0832456 0.560872
0.797583 0.242626
0.0267452 0.343841
0.0128324 0.923692
0.244763 0.447982
0.689776 0.795231
0.21969 0.292889
1.39489 0.366028
0.672925 0.272987
0.260322 0.282284
0.23642 0.202977
0.889234 0.176239
0.179147 0.227552
0.227452 0.119989
0.653185 0.648545
1.50818 0.100857
0.87144 0.070557
0.556869 0.496431
0.617456 0.293177
0.345183 0.912391
0.801245 0.190709
0.0490988 0.431844
0.0504425 0.523548
0.284196 0.661792
1.00507 0.327616
0.482954 0.0501679
1.00329 0.681922
1.46706 0.31294
1.09689 0.297933
1.21009 0.189064
0.837385 0.0534394
0.143485 0.157275
0.345296 0.136171
0.834478 0.0580523
0.0792314 0.92522
0.663371 0.256969
0.831407 0.168837
0.827877 0.476355
0.744684 0.58225
1.05547 0.225236
0.373614 0.633585
0.761231 0.0166506
0.290939 0.522629
0.567108 0.307168
0.972644 0.645134
0.627008 0.269022
1.01072 0.332892
0.303398 0.759208
0.365044 0.683574
0.0228796 0.845123
0.454661 0.66796
0.353869 0.256228
0.103576 0.514382
0.486457 0.359942
0.0621088 0.0238632
0.0071792 0.487254
0.414224 0.708262
1.2339 0.50741
0.661137 0.0782579
0.270105 0.483648
1.54137 0.0433947
0.119381 0.244858
1.02443 0.611241
0.131328 0.961565
1.35198 0.166094
0.673126 0.757282
1.14444 0.00698012
0.81921 0.736462
0.136343 0.787642
0.388782 0.239321
1.2109 0.0950428
1.08637 0.277214
0.245097 0.937714
1.11248 0.0966814
0.483035 0.692463
0.645641 0.434398
0.931827 0.323983
0.851132 0.129976
0.114932 0.377997
0.193695 0.659878
0.161878 0.880683
0.824775 0.210863
0.954204 0.528885
1.12641 0.122086
0.0541174 0.514936
0.564724 0.211565
0.640176 0.160162
0.435949 0.433758
0.00768649 0.649787
0.178514 0.461949
0.119061 0.78025
0.0886389 0.0471826
0.745467 0.177133
0.548737 0.596191
0.907825 0.70034
0.762992 0.406615
1.23906 0.577678
1.16789 0.374201
0.540098 0.0974906
1.20704 0.387323
1.02965 0.635204
0.729972 0.624658
0.710538 0.578813
0.959771 0.0294762
1.1033 0.599707
0.196587 0.143942
0.277056 0.77741
0.260264 0.666707
0.442657 0.105576
1.41422 0.102233
0.678542 0.270321
0.282467 0.287736
0.313855 0.506915
0.200996 0.294601
0.793836 0.64452
1.36884 0.232848
0.963197 0.629359
1.13624 0.0284525
0.836358 0.617582
0.402066 0.0767534
1.38825 0.172722
0.253138 0.359786
0.626589 0.37871
0.921776 0.100686
0.460649 0.86944
0.861613 0.104174
0.563982 0.366796
0.557566 0.272189
0.849885 0.0682348
0.651493 0.471639
0.413582 0.224415
0.348015 0.576721
0.425939 0.12608
1.09132 0.480155
0.687153 0.192486
1.32851 0.133388
0.414628 0.184577
0.00399931 0.900772
0.408377 0.808617
0.926352 0.687527
0.248084 0.0447295
0.159764 0.861265
0.758301 0.667908
0.573164 0.193493
1.27553 0.154711
0.962643 0.323852
0.491035 0.532514
