1.28088 0.394383
1.49443 0.197551
0.474101 0.76823
0.392853 0.55397
0.675176 0.628871
0.515909 0.513401
0.903722 0.717297
0.200266 0.606969
0.0230537 0.242887
0.194085 0.804177
0.221589 0.400944
0.183561 0.108809
0.869082 0.296032
0.90652 0.524287
0.413702 0.771358
0.744999 0.769914
0.400688 0.352458
0.0986539 0.949327
0.743936 0.0860558
0.271845 0.663227
1.41996 0.348893
0.0907566 0.020023
0.647321 0.0630958
0.377142 0.53976
0.53065 0.760249
0.724873 0.667724
0.751897 0.0392803
0.402072 0.738534
0.910217 0.354049
0.9855 0.165974
1.25466 0.330337
0.323826 0.893372
0.495509 0.68667
0.563503 0.814767
0.68238 0.215825
0.208833 0.881062
0.911899 0.431953
0.879446 0.281059
1.16133 0.307458
0.632233 0.226107
0.265225 0.276235
0.787295 0.416501
0.239873 0.906804
0.145914 0.126075
0.700699 0.760475
0.979962 0.383188
1.09192 0.368664
0.416027 0.232262
0.827737 0.244413
0.215523 0.732149
0.177457 0.79347
0.232087 0.745071
0.105406 0.950104
0.0742914 0.521563
0.249212 0.240062
0.132208 0.134902
0.735738 0.0782321
0.0988676 0.204655
0.65258 0.819677
0.0734563 0.157807
1.41908 0.125468
1.36062 0.0723288
0.0058857 0.923069
0.841451 0.180372
0.230715 0.39169
0.507863 0.552485
0.820395 0.452576
0.98473 0.0996401
0.750764 0.757294
1.08833 0.62891
0.0500953 0.747803
0.951923 0.497259
0.231898 0.830012
1.41586 0.0769947
0.925142 0.248044
0.894288 0.229137
1.00645 0.316867
0.464985 0.231428
0.104885 0.633072
0.316314 0.651132
0.396059 0.546107
1.03791 0.113281
0.666812 0.59254
0.475697 0.847684
0.614526 0.00323146
0.487848 0.598481
1.26417 0.233892
0.965556 0.48295
0.681595 0.304956
1.02567 0.182556
0.882777 0.0408643
0.585491 0.695984
0.963102 0.63764
0.490921 0.184622
0.863841 0.627158
1.0578 0.328374
1.07502 0.202213
0.930435 0.257265
0.753082 0.0876436
0.368417 0.877384
0.982682 0.0937402
0.157376 0.361601
0.816428 0.593211
0.951412 0.288778
1.14104 0.288379
0.466208 0.189751
1.25045 0.331479
0.26617 0.436497
0.171331 0.685786
0.542848 0.774274
1.33671 0.203548
1.17691 0.548042
0.420451 0.904932
0.704518 0.5762
0.230185 0.273911
1.34398 0.492399
0.701454 0.291053
0.255167 0.684178
1.05224 0.139058
0.854983 0.492422
0.252036 0.221966
0.705057 0.121259
0.195509 0.360443
0.701591 0.334972
0.557691 0.658831
0.863511 0.258906
0.213882 0.072545
0.152528 0.647207
0.514232 0.28827
0.468674 0.0911486
0.826402 0.265461
0.689361 0.157272
0.732204 0.207844
0.788895 0.426199
1.25638 0.394388
0.345548 0.326013
1.0554 0.638654
1.44409 0.136075
0.580972 0.00540855
0.415345 0.114668
0.0695298 0.449105
0.298249 0.473894
1.34563 0.0939195
0.140805 0.382896
0.426779 0.65712
1.2095 0.131702
0.0728474 0.0534223
0.647341 0.780868
0.992374 0.44256
0.168457 0.589637
0.819243 0.529899
0.843139 0.361917
0.430347 0.888723
0.674027 0.16982
0.864764 0.525747
0.878444 0.596196
0.330457 0.829808
0.0991276 0.0988374
0.681309 0.225491
1.24901 0.290829
0.505173 0.878278
0.486869 0.814909
0.93979 0.0363274
0.364135 0.778257
0.435821 0.221009
0.280058 0.612442
0.155193 0.674605
0.283355 0.401188
0.446431 0.434009
0.326694 0.385748
0.753657 0.154724
0.785798 0.0145793
0.537732 0.382167
0.431934 0.737408
0.368343 0.649659
1.00186 0.31195
0.919265 0.00600477
0.877729 0.642693
0.733337 0.400709
0.51219 0.718867
0.21621 0.0328927
0.0898928 0.685722
0.265343 0.618958
1.00592 0.567831
0.00159175 0.00570914
0.431695 0.26157
0.256214 0.341354
0.930706 0.31323
1.40351 0.186265
0.22224 0.503461
1.467 0.191112
0.557966 0.706067
0.329697 0.926576
0.699233 0.552568
1.22052 0.594497
0.371652 0.604379
0.665512 0.166955
0.583368 0.611981
0.845855 0.645602
0.761773 0.148342
0.819803 0.0329634
1.00693 0.518151
1.26267 0.515049
0.159316 0.48981
0.721779 0.0484997
1.22098 0.384658
0.906678 0.452122
0.203632 0.413078
0.349375 0.406767
0.0246886 0.717597
0.825112 0.446743
0.0830514 0.0742604
0.911419 0.59728
0.314823 0.219788
1.07055 0.462852
0.471762 0.536743
0.309921 0.477551
0.259897 0.458039
1.46918 0.257585
0.469325 0.402379
0.793516 0.554448
0.883292 0.191028
0.675973 0.360105
0.297978 0.606542
1.34633 0.109778
0.528315 0.199003
0.920235 0.592692
0.967278 0.596341
0.0832456 0.560872
0.797583 0.242626
0.0267452 0.343841
0.0128324 0.923692
0.244763 0.447982
0.689776 0.795231
0.21969 0.292889
1.39489 0.366028
0.672925 0.272987
0.260322 0.282284
0.23642 0.202977
0.889234 0.176239
0.179147 0.227552
0.227452 0.119989
0.653185 0.648545
1.50818 0.100857
0.87144 0.070557
0.556869 0.496431
0.617456 0.293177
0.345183 0.912391
0.801245 0.190709
0.0490988 0.431844
0.0504425 0.523548
0.284196 0.661792
1.00507 0.327616
0.482954 0.0501679
1.00329 0.681922
1.46706 0.31294
1.09689 0.297933
1.21009 0.189064
0.837385 0.0534394
0.143485 0.157275
0.345296 0.136171
0.834478 0.0580523
0.0792314 0.92522
0.663371 0.256969
0.831407 0.168837
0.827877 0.476355
0.744684 0.58225
1.05547 0.225236
0.373614 0.633585
0.761231 0.0166506
0.290939 0.522629
0.567108 0.307168
0.972644 0.645134
0.627008 0.269022
1.01072 0.332892
0.303398 0.759208
0.365044 0.683574
0.0228796 0.845123
0.454661 0.66796
0.353869 0.256228
0.103576 0.514382
0.486457 0.359942
0.0621088 0.0238632
0.0071792 0.487254
0.414224 0.708262
1.2339 0.50741
0.661137 0.0782579
0.270105 0.483648
1.54137 0.0433947
0.119381 0.244858
1.02443 0.611241
0.131328 0.961565
1.35198 0.166094
0.673126 0.757282
1.14444 0.00698012
0.81921 0.736462
0.136343 0.787642
0.388782 0.239321
1.2109 0.0950428
1.08637 0.277214
0.245097 0.937714
1.11248 0.0966814
0.483035 0.692463
0.645641 0.434398
0.931827 0.323983
0.851132 0.129976
0.114932 0.377997
0.193695 0.659878
0.161878 0.880683
0.824775 0.210863
0.954204 0.528885
1.12641 0.122086
0.0541174 0.514936
0.564724 0.211565
0.640176 0.160162
0.435949 0.433758
0.00768649 0.649787
0.178514 0.461949
0.119061 0.78025
0.0886389 0.0471826
0.745467 0.177133
0.548737 0.596191
0.907825 0.70034
0.762992 0.406615
1.23906 0.577678
1.16789 0.374201
0.540098 0.0974906
1.20704 0.387323
1.02965 0.635204
0.729972 0.624658
0.710538 0.578813
0.959771 0.0294762
1.1033 0.599707
0.196587 0.143942
0.277056 0.77741
0.260264 0.666707
0.442657 0.105576
1.41422 0.102233
0.678542 0.270321
0.282467 0.287736
0.313855 0.506915
0.200996 0.294601
0.793836 0.64452
1.36884 0.232848
0.963197 0.629359
1.13624 0.0284525
0.836358 0.617582
0.402066 0.0767534
1.38825 0.172722
0.253138 0.359786
0.626589 0.37871
0.921776 0.100686
0.460649 0.86944
0.861613 0.104174
0.563982 0.366796
0.557566 0.272189
0.849885 0.0682348
0.651493 0.471639
0.413582 0.224415
0.348015 0.576721
0.425939 0.12608
1.09132 0.480155
0.687153 0.192486
1.32851 0.133388
0.414628 0.184577
0.00399931 0.900772
0.408377 0.808617
0.926352 0.687527
0.248084 0.0447295
0.159764 0.861265
0.758301 0.667908
0.573164 0.193493
1.27553 0.154711
0.962643 0.323852
0.491035 0.532514
0.646668 0.640368
1.03418 0.460067
0.765449 0.00584319
0.379996 0.19163
0.994494 0.444097
0.33428 0.653087
0.309948 0.349324
0.727443 0.426412
0.485835 0.0504663
0.133395 0.809355
0.737226 0.28428
0.254764 0.359247
0.546337 0.140338
0.60327 0.10339
0.154487 0.86909
0.22533 0.802604
0.442936 0.395684
0.644476 0.532342
0.0290047 0.0530733
0.0561712 0.419144
0.259947 0.219853
1.14619 0.622791
0.104145 0.461489
0.578412 0.459936
0.797166 0.202232
0.10087 0.962551
0.672017 0.384509
1.5146 0.103244
0.27122 0.921405
0.719587 0.00472651
0.266237 0.287189
0.89133 0.261886
1.08992 0.0364959
1.0423 0.350505
1.36486 0.285149
0.781993 0.675255
0.906906 0.432873
0.0121185 0.996042
0.140418 0.264624
1.19226 0.291057
0.263098 0.729702
0.538436 0.00695418
0.0165198 0.886344
0.249905 0.639199
0.20964 0.925379
0.390179 0.547723
0.2195 0.828622
0.315355 0.112911
0.772066 0.46125
0.246278 0.187693
0.349566 0.360164
0.51921 0.615491
0.731745 0.378799
0.709738 0.694091
0.0254539 0.650066
0.879257 0.693692
0.34143 0.67532
1.04602 0.464393
1.16583 0.176656
0.459893 0.334016
0.907059 0.182003
0.344418 0.0245755
0.195332 0.417663
0.300209 0.385282
1.14508 0.129663
0.0186141 0.144946
1.08351 0.530552
0.740747 0.24699
0.31771 0.541743
0.332972 0.417174
1.07328 0.47685
0.130813 0.463442
0.9104 0.26642
0.303705 0.278005
0.634198 0.458269
0.427935 0.586537
1.18739 0.389667
0.729114 0.322451
1.34292 0.533712
0.827445 0.0996293
0.816123 0.043379
1.16374 0.517722
1.1576 0.138845
1.01425 0.232565
0.84617 0.00788008
1.23155 0.473045
0.179339 0.167241
0.78796 0.291431
0.35069 0.193564
0.0447004 0.112157
1.05176 0.615894
0.299526 0.678161
0.432754 0.645644
0.218 0.0901297
0.456383 0.381603
1.35157 0.141796
1.31738 0.39005
0.788509 0.708616
1.47705 0.114199
6.62984e-05 0.154927
0.435265 0.0316532
0.377732 0.0350389
0.921815 0.478869
1.02756 0.587197
0.377804 0.43474
0.444147 0.573122
0.113686 0.468185
0.348587 0.194948
0.180665 0.101124
0.828477 0.0604589
0.116787 0.142289
0.362748 0.769121
0.204319 0.564252
1.19173 0.411551
0.849366 0.448322
1.42057 0.312491
0.0502344 0.157555
1.08728 0.349562
1.22852 0.393928
0.993048 0.145373
0.481311 0.507617
0.0566946 0.925318
0.803996 0.122664
0.0956168 0.33715
0.15869 0.324096
0.150299 0.256673
0.954044 0.487639
0.502593 0.558645
1.19037 0.390888
1.03266 0.54736
1.07504 0.446876
0.530321 0.558198
1.28239 0.0674623
1.01136 0.220679
0.00908764 0.0438913
1.05354 0.0465127
0.239264 0.0368176
0.9004 0.281382
0.510435 0.739794
0.761061 0.249262
0.920727 0.20628
1.0687 0.00220922
1.12016 0.53703
0.555952 0.481124
0.119352 0.133548
0.745116 0.395316
0.621165 0.717779
0.820881 0.408417
0.0200124 0.748942
0.629689 0.647672
0.0428868 0.806149
0.547988 0.568379
0.0783665 0.0343068
0.0516441 0.539584
0.465783 0.429613
0.0292871 0.413732
1.36793 0.254906
1.0349 0.399924
0.925938 0.706995
0.600751 0.512941
0.704097 0.438924
0.370378 0.943081
0.122472 0.292207
1.09093 0.474063
0.718979 0.635246
0.845933 0.544885
0.24726 0.926294
0.480893 0.53766
0.204005 0.213122
0.869685 0.442789
0.804972 0.546222
0.0836738 0.0300651
0.61161 0.321047
0.869995 0.722377
0.745386 0.50148
0.15428 0.123969
0.0655736 0.283917
0.0710866 0.0208639
0.678086 0.390289
0.790275 0.623701
0.855429 0.35109
0.686579 0.216457
1.17737 0.054214
1.1159 0.326097
0.0675205 0.821842
0.503715 0.480193
0.202086 0.329309
0.0730976 0.992352
0.325263 0.578702
0.698419 0.339071
1.00986 0.540197
0.793912 0.102443
0.20256 0.119584
0.665668 0.211604
0.375943 0.725771
0.836712 0.31356
0.390512 0.792995
0.631683 0.327805
1.47539 0.279178
0.0222032 0.609179
0.512134 0.380434
1.07626 0.505339
0.707169 0.467274
0.970999 0.215066
0.332704 0.944697
0.365249 0.48845
1.13508 0.0520103
0.253089 0.0488258
0.532664 0.630351
0.427432 0.283138
0.154634 0.697741
1.11044 0.609356
0.233379 0.0117453
0.320776 0.815294
1.16656 0.167648
0.912064 0.0468473
0.935042 0.413894
0.139813 0.83505
0.173235 0.483742
0.114268 0.0148069
0.300741 0.0374063
0.380781 0.321982
1.06559 0.0290106
0.0576405 0.511386
1.08153 0.267567
0.462019 0.532647
0.820487 0.0913142
0.539921 0.678351
0.883363 0.387011
0.978972 0.196428
0.211976 0.806322
0.973072 0.230677
0.379147 0.0903681
0.303785 0.00323105
0.168836 0.146135
1.46424 0.160135
0.937257 0.64745
0.254708 0.862918
0.252187 0.0601557
0.378473 0.862147
0.362882 0.417489
0.922768 0.489597
0.821171 0.0443661
0.269423 0.822875
0.665174 0.287181
0.212283 0.784295
0.579873 0.104331
0.167064 0.847953
1.48123 0.252535
0.224287 0.164692
0.143473 0.318191
0.331567 0.896618
0.844483 0.165882
0.0196655 0.447123
0.137955 0.892721
0.895714 0.507555
0.0636301 0.263617
0.33167 0.203578
0.0433248 0.529754
0.315003 0.347287
0.651658 0.457171
0.344951 0.436149
0.853395 0.587891
0.417652 0.615935
0.0495196 0.037932
0.653492 0.132558
0.366635 0.1442
0.126733 0.687545
0.0689302 0.120243
0.307324 0.271468
0.66122 0.678068
0.161535 0.339732
0.779941 0.716247
0.134632 0.815197
1.05815 0.652588
0.165464 0.291188
0.00370907 0.687294
0.262159 0.553925
0.570722 0.112988
0.566473 0.735723
0.106955 0.28508
0.749574 0.170819
0.14182 0.416706
0.204339 0.637054
0.701156 0.75829
0.890879 0.292555
0.652984 0.304929
0.195287 0.285365
0.28277 0.255076
0.142432 0.579176
0.651009 0.286074
0.188242 0.86385
0.564388 0.533636
0.84978 0.474687
1.23069 0.129542
0.772728 0.551633
0.266857 0.257939
0.635043 0.815905
0.170894 0.688576
0.277328 0.320772
0.132643 0.0443619
0.497573 0.554097
0.467331 0.484919
0.591097 0.729499
0.0262432 0.0175198
0.288777 0.837272
0.207988 0.849692
0.567588 0.518436
0.543144 0.590012
0.574083 0.326868
1.08104 0.526751
0.021842 0.939879
0.00489071 0.0643416
0.700648 0.333894
0.0896555 0.567817
0.572911 0.0779371
0.165854 0.161353
1.13226 0.518596
0.972459 0.155289
0.153602 0.456162
0.0583761 0.798474
1.10632 0.384539
0.634846 0.325518
0.337835 0.158316
0.800949 0.169748
0.350298 0.543165
0.187252 0.0189329
0.0873471 0.812189
0.2464 0.170368
0.379525 0.162573
0.980687 0.0513816
1.30501 0.566728
0.872544 0.607427
0.521101 0.400148
1.13101 0.463378
0.563295 0.00947013
0.253466 0.0475882
0.836863 0.067696
0.63054 0.652514
1.2401 0.148236
1.15458 0.507775
0.282316 0.677342
0.330863 0.0494732
0.345184 0.848912
0.936288 0.195336
0.415787 0.0253549
0.843782 0.0645876
0.104739 0.110427
0.223479 0.893318
0.567527 0.840899
1.08518 0.224164
1.05993 0.188752
0.291409 0.965882
0.336918 0.450117
0.918595 0.108785
0.245199 0.409213
0.331949 0.247431
0.73493 0.192734
0.708142 0.677655
0.121702 0.180886
0.603084 0.0470658
0.434048 0.827705
1.41274 0.0529768
0.0733574 0.877099
0.0931315 0.787729
1.09177 0.304075
0.336382 0.564484
0.281726 0.883299
0.962041 0.119679
0.175706 0.846642
0.748045 0.358948
0.133046 0.0485317
0.780483 0.594779
1.04986 0.637733
1.14084 0.15261
0.980534 0.0825677
0.191699 0.0321839
0.636233 0.717227
1.22461 0.515712
0.714151 0.565681
0.184091 0.0189879
0.196115 0.750337
0.925713 0.667559
0.15456 0.744149
1.03248 0.660966
0.479342 0.442278
0.422445 0.114594
0.278843 0.575203
0.787032 0.332706
0.861297 0.00612195
0.0706194 0.423378
0.738039 0.554889
0.42102 0.119224
0.963409 0.572735
0.235955 0.783413
0.448165 0.882928
0.628479 0.655813
0.459934 0.743078
0.700491 0.282835
0.424674 0.102683
0.408667 0.350207
0.215556 0.202787
0.901646 0.513024
0.179019 0.557002
0.0173975 0.800708
0.183486 0.179138
0.827203 0.446622
0.0877799 0.0285004
0.144872 0.387273
0.434704 0.498153
1.15132 0.140684
1.4712 0.0699438
0.694261 0.431407
1.39043 0.395988
0.848609 0.580872
0.772619 0.725354
0.194993 0.558473
0.744031 0.267611
1.06997 0.110183
0.196138 0.816667
0.264402 0.910262
0.988181 0.494317
0.577614 0.529918
0.420015 0.189401
0.957806 0.202326
0.366788 0.161494
0.900721 0.14008
0.788781 0.580261
0.244994 0.156257
0.227888 0.7194
1.39308 0.299007
0.392992 0.407673
0.801897 0.0154844
0.732404 0.280851
0.137919 0.00211305
0.448251 0.79341
0.210786 0.629471
0.798193 0.706522
0.296621 0.73727
1.33905 0.370865
0.645861 0.74439
0.21506 0.23649
1.09239 0.669918
0.731674 0.565189
0.461705 0.614859
0.568382 0.0637327
1.32394 0.0330907
0.682181 0.021094
0.795176 0.692082
1.1078 0.42472
0.0890248 0.215033
0.239169 0.732818
0.374492 0.317548
0.143561 0.832095
0.298141 0.503394
1.43827 0.0792805
0.314289 0.752971
0.158925 0.928603
0.859027 0.569424
1.15736 0.0882007
0.836519 0.345963
1.14992 0.348881
0.815499 0.513491
0.369076 0.545356
0.301376 0.252053
0.0452629 0.477887
0.806191 0.133512
0.438402 0.780407
0.905535 0.205809
1.16482 0.56463
0.765937 0.571755
0.929971 0.132
0.680103 0.688399
0.390829 0.0447959
0.562528 0.771381
0.199706 0.429751
0.352535 0.710807
0.797074 0.559249
0.694717 0.200168
1.12041 0.350901
0.083864 0.723838
0.456757 0.847031
0.407977 0.864442
0.529527 0.477323
0.0352182 0.650757
0.738442 0.653093
0.711594 0.0804055
0.467629 0.101054
0.133052 0.425361
0.334302 0.153375
0.211009 0.559335
0.000573622 0.437667
0.599341 0.419191
0.535966 0.420218
0.571563 0.41966
1.20752 0.351851
0.940166 0.138826
0.640537 0.0536473
0.0462968 0.113207
0.76179 0.175496
0.396265 0.687766
1.06503 0.280593
0.177398 0.158607
1.00506 0.504399
0.819519 0.455477
0.364572 0.476366
0.333873 0.661914
0.805611 0.396091
0.918964 0.377377
1.08858 0.30508
0.730064 0.200847
0.507343 0.548938
0.444163 0.297849
0.76438 0.208175
0.334522 0.665822
0.240741 0.945608
0.554105 0.427999
0.596793 0.627863
0.127164 0.318
0.420922 0.659112
0.0516057 0.462033
0.351302 0.552692
0.945632 0.607122
0.143734 0.976935
1.25549 0.378316
1.06236 0.369946
0.0505854 0.953274
1.47415 0.205989
1.44858 0.297956
0.901106 0.320857
0.908507 0.223441
0.54169 0.352948
0.23584 0.419502
1.22238 0.41515
0.0315002 0.0738238
1.30847 0.284354
0.432148 0.584522
0.784329 0.690067
1.29357 0.460535
1.10804 0.530043
0.0920184 0.684309
0.359151 0.703921
0.0804291 0.0745054
0.0798517 0.871851
0.692513 0.0286548
0.494594 0.511929
0.144934 0.80451
0.125678 0.744732
0.761273 0.743163
0.905349 0.092576
0.612711 0.482107
0.782527 0.329285
0.320073 0.311602
1.32975 0.291378
1.09276 0.0521674
1.26918 0.273731
0.110655 0.418925
1.42408 0.167104
0.231457 0.429714
0.738684 0.343497
0.399602 0.0754011
0.961266 0.508861
0.547333 0.532111
1.1906 0.382915
0.405302 0.395617
1.29955 0.264745
0.286124 0.771723
1.06103 0.0376578
0.0642851 0.71232
0.185617 0.866993
0.411273 0.294901
0.419628 0.201067
0.134839 0.818996
0.770327 0.377888
1.43352 0.217346
1.40892 0.281401
0.947887 0.394842
1.17036 0.33023
0.144191 0.948206
0.0430313 0.147407
0.941945 0.00591033
0.383416 0.79177
0.122578 0.16961
1.11645 0.182012
0.742353 0.446649
0.232515 0.274335
0.189001 0.828721
0.95555 0.616163
1.1486 0.459635
0.639828 0.048346
0.276851 0.603984
0.691218 0.466855
0.55971 0.361644
0.0406706 0.482426
0.948078 0.51986
0.140379 0.224338
0.569765 0.624136
0.958416 0.567269
0.560043 0.567648
0.595113 0.175605
0.038587 0.36718
0.241641 0.479688
0.587673 0.114316
1.03625 0.451258
0.110505 0.114054
1.21779 0.106892
0.845241 0.344156
1.44767 0.260918
0.686291 0.26688
0.883058 0.156244
1.26632 0.520482
0.124641 0.381656
0.573838 0.115414
1.09021 0.576601
0.843221 0.164362
0.990479 0.557619
1.14079 0.409217
0.0125547 0.853776
0.234678 0.859285
0.538376 0.0299501
0.419803 0.47917
0.0313554 0.130979
0.510725 0.0877818
0.515782 0.766863
0.287377 0.11353
0.485756 0.798297
0.393019 0.0343803
0.503367 0.0535336
0.627373 0.364793
0.263866 0.867977
0.122505 0.352506
1.05174 0.46729
0.540903 0.584421
0.471263 0.679287
0.0899362 0.355387
1.21204 0.0632429
0.478631 0.171385
0.213592 0.703121
1.22608 0.281711
0.215704 0.0945434
0.447043 0.508434
0.209423 0.759688
1.36831 0.0553866
1.05051 0.0597998
0.583119 0.650626
0.39666 0.794763
0.332424 0.613683
0.670442 0.298639
0.511804 0.307496
0.644491 0.512906
0.0150156 0.393948
0.965849 0.0196445
0.746891 0.0698885
1.09498 0.401306
0.177175 0.477996
0.652136 0.048639
0.411801 0.873412
1.00421 0.571639
0.2621 0.142225
0.329459 0.154393
0.603251 0.594832
0.152373 0.472507
0.412229 0.69504
0.244722 0.385001
0.658194 0.464208
0.36547 0.164654
0.0506989 0.926588
0.139967 0.221171
0.097322 0.331917
0.531155 0.495355
0.53403 0.0344874
0.438373 0.653787
0.013227 0.609736
0.858712 0.00386199
1.25963 0.549238
0.744581 0.122798
0.345478 0.450345
0.763185 0.417313
1.26918 0.00493794
1.39281 0.0937589
0.239852 0.917369
0.0287771 0.268558
0.195934 0.089161
0.851107 0.514103
0.827776 0.527224
0.794847 0.661518
0.87393 0.571064
0.383631 0.221536
0.813877 0.102577
1.13135 0.101377
0.318745 0.015051
0.611486 0.387067
1.12959 0.313885
0.327058 0.501173
0.294189 0.369793
1.40006 0.17485
0.474793 0.235453
0.193704 0.897424
0.662576 0.168225
0.382992 0.745172
0.204776 0.496178
0.369272 0.192586
0.118206 0.0309635
0.716294 0.564406
0.0927478 0.17843
0.15206 0.655914
1.25832 0.32263
0.311219 0.123838
1.04018 0.688542
0.413061 0.694985
1.05996 0.562866
0.0835043 0.200379
0.811471 0.320145
0.555765 0.65684
0.496568 0.899437
0.312905 0.321526
0.905925 0.286825
0.70708 0.744678
1.07644 0.0295571
0.122754 0.461816
1.03591 0.378859
0.221762 0.450056
0.462195 0.000767693
0.453862 0.190303
0.787956 0.672021
0.126917 0.778152
0.0918959 0.493503
0.666947 0.00771607
0.241317 0.522448
1.23231 0.257423
0.904588 0.141065
1.0707 0.314397
0.819444 0.53536
0.30331 0.899687
0.777394 0.565256
0.767105 0.614496
0.0831016 0.0138811
0.88336 0.0391351
0.313337 0.403431
1.25422 0.392179
0.263039 0.285885
0.0724223 0.173579
0.690137 0.442665
0.459065 0.702437
0.484183 0.0502544
1.34694 0.0233231
0.677889 0.407959
0.906925 0.538074
0.596603 0.26003
0.817179 0.643391
0.946543 0.406224
0.050307 0.589339
0.0773256 0.685173
0.706409 0.240662
0.585855 0.834949
0.480744 0.902216
0.392625 0.664511
0.857261 0.619965
1.03022 0.0784585
0.755332 0.580422
0.143948 0.0133406
0.780102 0.410222
0.0758245 0.663091
0.756501 0.0891839
0.357009 0.589522
0.427964 0.244425
0.821749 0.642521
0.207392 0.857978
0.434232 0.751295
0.675948 0.0217983
1.25595 0.0119682
0.0357939 0.590602
0.958651 0.576724
0.00116566 0.670766
1.01433 0.0544375
0.472169 0.240195
0.203122 0.586287
0.47831 0.659901
0.946438 0.6408
1.46755 0.243758
0.400697 0.0509667
0.143883 0.590354
1.19487 0.579678
0.868358 0.632015
0.838168 0.214373
0.797487 0.616955
1.20064 0.234686
0.273917 0.805799
1.33218 0.239309
0.196899 0.00385829
0.893322 0.58523
1.19983 0.533165
1.25416 0.0879172
0.970025 0.386394
0.721854 0.290423
0.0260357 0.102048
0.713925 0.58196
1.03746 0.309771
0.16345 0.722097
0.68838 0.755394
0.115792 0.315721
0.348543 0.521583
0.0741075 0.756846
1.21583 0.0708083
1.32859 0.316802
0.929874 0.577898
0.889907 0.469413
0.693822 0.742143
0.270851 0.30229
1.03565 0.152917
0.358125 0.697616
1.04226 0.0858521
0.567939 0.489424
0.664256 0.648018
0.0155669 0.522075
0.572594 0.823013
0.839975 0.263759
0.197737 0.245651
1.03073 0.332238
0.901925 0.226481
0.0841392 0.887748
0.0860398 0.523216
0.863786 0.536243
0.830377 0.0106416
0.0363003 0.0559791
0.93903 0.0366738
0.818402 0.0635237
1.33071 0.170937
0.589175 0.16894
1.12199 0.131653
0.708808 0.274417
0.0540663 0.135705
0.708412 0.0977211
0.0331694 0.424995
0.137374 0.0842894
0.740407 0.453226
0.803772 0.549173
0.720161 0.22658
0.829712 0.0872588
0.41029 0.445533
0.365163 0.617387
0.629404 0.674785
1.16198 0.21092
1.20377 0.287504
0.581597 0.039521
0.750968 0.359441
0.0378806 0.397874
1.3082 0.484641
0.140669 0.360305
1.02421 0.685309
0.632983 0.00132573
0.185048 0.70576
0.878125 0.575875
0.538199 0.405038
1.16293 0.186983
0.993137 0.272133
0.0447614 0.115752
0.795855 0.669598
0.0191755 0.0933659
0.0410702 0.0403427
0.836687 0.34234
0.60871 0.690096
1.00982 0.141623
0.53093 0.150208
0.20217 0.506247
0.116145 0.236512
0.235761 0.868918
0.199487 0.455144
0.606986 0.537407
0.0976111 0.44274
0.896241 0.0980574
0.683217 0.122013
0.0619703 0.0737159
0.656728 0.474219
1.11805 0.166998
0.873844 0.139216
0.44862 0.75879
0.918612 0.173174
0.73608 0.727586
0.579414 0.687151
0.772934 0.737555
0.407776 0.521386
0.193722 0.717508
0.0831502 0.205993
0.226637 0.689566
0.430014 0.643331
1.2149 0.347868
1.03411 0.275933
1.23829 0.480859
0.626431 0.437928
0.278216 0.265539
0.571825 0.589629
0.249168 0.950714
0.462732 0.464505
0.667683 0.464159
0.257419 0.530892
0.957093 0.342262
0.455499 0.702641
0.435559 0.144156
0.259521 0.750902
0.722755 0.778803
0.0977466 0.44435
0.701447 0.0622386
0.60536 0.323107
0.626827 0.610046
1.31569 0.113363
0.123842 0.937901
0.150616 0.409635
0.911076 0.414467
0.233878 0.135875
0.891478 0.676407
0.170784 0.410651
0.439764 0.410836
1.36373 0.161952
0.551413 0.299663
0.584829 0.0340263
1.18993 0.520012
0.627463 0.440458
0.374078 0.0998469
0.188562 0.892116
1.14199 0.048004
0.648669 0.347815
1.08892 0.169182
0.987669 0.405786
0.570293 0.253006
1.04524 0.536564
0.205244 0.499773
0.827852 0.733968
0.561166 0.0432225
0.115664 0.201899
0.227674 0.97061
0.12139 0.860834
0.0528188 0.775025
0.377077 0.0258531
0.563872 0.669857
0.394387 0.122217
0.291939 0.423981
0.223386 0.0187743
1.26647 0.239732
0.312094 0.647033
0.113377 0.0993164
0.553559 0.0691378
0.0562143 0.695535
0.261407 0.554866
1.18861 0.22218
0.466561 0.0659098
0.350789 0.728589
1.06669 0.526892
1.06211 0.108823
0.695221 0.567389
0.492956 0.712244
0.303254 0.42872
1.21486 0.605827
0.704114 0.765928
0.22376 0.537606
0.65264 0.62725
0.673287 0.646295
0.257564 0.275352
1.35479 0.512008
0.482641 0.116508
0.340272 0.0770289
0.915447 0.0914027
0.0271788 0.594273
0.798419 0.752395
1.01057 0.0557698
0.452266 0.0516508
1.12605 0.534206
0.679382 0.579573
0.198047 0.978229
0.488637 0.298248
0.641037 0.107613
0.377966 0.321734
0.879483 0.60851
0.981733 0.0816417
0.966257 0.515819
0.646543 0.379011
0.609079 0.339602
0.440043 0.911033
1.41686 0.264676
1.09128 0.405098
0.101319 0.674919
0.561464 0.524898
1.29685 0.402153
0.385752 0.284874
0.518358 0.213991
0.945898 0.0424307
1.05619 0.120201
0.596039 0.301399
0.911778 0.208278
1.11677 0.560176
0.940268 0.652399
1.2446 0.408875
0.0813168 0.896493
0.118509 0.454491
0.167925 0.268023
0.379707 0.391488
0.782221 0.530851
1.08295 0.0128304
0.188144 0.383285
1.14159 0.0301674
0.332907 0.417051
0.433863 0.708421
1.00306 0.390566
0.230405 0.119964
0.363319 0.281647
0.548724 0.525373
0.0795157 0.022916
0.0505557 0.822139
0.389941 0.168778
0.290529 0.0517661
0.281365 0.440813
0.663041 0.43739
0.621349 0.446045
0.474192 0.0902622
0.35092 0.642059
0.0461411 0.961596
0.0942787 0.289518
0.344014 0.454649
0.559396 0.871113
0.110269 0.947894
0.203399 0.283392
1.04642 0.468477
1.14966 0.163543
1.50546 0.11544
0.358953 0.162647
1.10619 0.0524885
0.154645 0.790125
0.019919 0.176006
0.112637 0.257327
0.245667 0.0261872
1.12153 0.112998
0.398851 0.437823
0.12451 0.359984
0.545515 0.231855
0.91541 0.385378
0.813432 0.367581
1.31532 0.354771
0.751212 0.768377
0.665013 0.784929
1.27416 0.0403683
0.0252245 0.851502
0.306016 0.0974775
0.153914 0.84703
0.559392 0.155233
0.276462 0.483568
0.728667 0.581196
1.03134 0.158592
0.917612 0.0572967
0.834021 0.115024
1.28588 0.519828
0.484725 0.679643
0.792673 0.36057
0.647811 0.639973
0.885443 0.450057
0.293765 0.318035
0.928763 0.403191
1.19348 0.167267
1.13253 0.451879
0.802308 0.751554
0.609836 0.440217
0.306601 0.728256
0.252187 0.524819
0.476908 0.386026
1.16783 0.644457
0.221371 0.773603
0.228382 0.482384
0.47296 0.495949
0.594606 0.243745
0.24945 0.167179
0.549927 0.393167
0.330317 0.073749
0.729735 0.570765
0.650254 0.358825
0.792425 0.248992
0.00464165 0.716548
0.0319555 0.164764
0.281347 0.747157
0.188544 0.533348
0.343822 0.553743
1.14364 0.0992475
1.26933 0.438045
0.281284 0.0117881
0.858102 0.587725
0.572723 0.500659
0.819593 0.638513
0.813128 0.0948478
0.295979 0.0341828
0.641623 0.769301
0.40049 0.456955
0.68713 0.30577
0.882622 0.684782
0.0748532 0.755033
0.308499 0.296033
0.559039 0.84985
1.12528 0.230689
0.342932 0.893119
0.784124 0.647433
0.556914 0.133104
0.322389 0.495224
0.00334865 0.681625
0.374114 0.285543
0.195992 0.750374
0.615436 0.644239
0.728832 0.653287
0.923298 0.335551
0.963138 0.416126
0.541146 0.808718
0.645128 0.24875
0.0989436 0.742097
0.306808 0.297912
0.33564 0.219303
0.713995 0.118118
0.356712 0.0961575
1.07494 0.39375
0.481797 0.680667
0.0229382 0.891817
0.573211 0.58246
0.553238 0.708644
0.834928 0.17433
0.131043 0.826748
0.556709 0.0721944
0.464727 0.898478
0.269155 0.580815
0.379301 0.735031
0.654077 0.608857
0.587917 0.680337
0.847517 0.431918
0.809874 0.00333222
0.0203336 0.425826
1.172 0.405555
0.190179 0.516046
0.357652 0.0918645
0.439546 0.842312
0.376474 0.403447
0.955365 0.659826
0.78996 0.665953
0.819004 0.552939
0.407272 0.197161
0.644235 0.703669
1.38077 0.0535511
0.191758 0.449652
0.0804493 0.149964
0.785971 0.00994797
0.515068 0.808404
0.143992 0.67498
0.9267 0.368006
0.110918 0.319776
0.0393634 0.554068
0.448938 0.586137
0.311174 0.895901
0.196693 0.954704
1.07884 0.427046
0.21478 0.198083
0.184868 0.0293628
0.355883 0.266301
0.677464 0.308517
0.588717 0.354493
0.221564 0.971783
0.515423 0.520852
1.14973 0.466253
0.276962 0.430903
1.26658 0.274258
1.25262 0.0681104
0.633924 0.0483486
0.00431722 0.706575
0.0202956 0.154917
1.46874 0.145065
0.260625 0.156293
0.581789 0.663295
0.0251574 0.621472
1.18887 0.382229
0.201286 0.579601
1.30152 0.338155
0.0148556 0.682742
0.770712 0.44074
0.691711 0.793305
0.821755 0.492141
0.706974 0.594719
0.921063 0.404539
0.793584 0.151149
0.699554 0.0256415
0.506023 0.743133
0.180451 0.368298
0.602309 0.740005
0.183123 0.97071
0.255625 0.958775
1.09615 0.544142
0.229079 0.251961
0.196388 0.809034
0.910818 0.217331
0.0421364 0.135007
0.343633 0.00857304
1.16287 0.54208
0.972032 0.14456
0.403373 0.807114
0.725329 0.711088
0.773969 0.642339
0.852047 0.645571
0.562457 0.353195
0.268308 0.559672
0.858002 0.328573
0.521454 0.261656
0.293064 0.00907761
0.677424 0.23701
0.203776 0.72196
0.347325 0.791513
0.8682 0.0323497
0.471796 0.291569
0.250201 0.618806
0.139566 0.689768
0.466565 0.645801
0.469694 0.0116926
0.405074 0.846977
0.468175 0.891572
0.248278 0.699738
0.216707 0.382767
1.02015 0.632214
0.500903 0.865361
0.364587 0.0746203
0.845728 0.356471
0.00321421 0.0964953
0.042028 0.595663
0.208323 0.316133
0.626019 0.478332
0.293753 0.61819
0.251842 0.360932
0.00135307 0.886886
1.07385 0.34732
0.687477 0.384199
0.443435 0.383805
0.512261 0.571328
0.451594 0.824122
0.432785 0.349026
0.593697 0.453309
0.679727 0.10971
0.330653 0.481572
0.14469 0.736382
0.812915 0.588401
0.170535 0.8878
0.649339 0.430632
0.624834 0.386928
0.930923 0.327525
0.214472 0.62301
0.455089 0.571433
0.107936 0.986939
0.613599 0.00795897
0.166418 0.0935964
0.560121 0.114265
0.453331 0.498351
0.122692 0.971227
1.15452 0.0589577
0.642103 0.241726
0.893042 0.143034
0.315864 0.945654
0.163758 0.374985
0.804843 0.437569
0.600375 0.380276
0.930143 0.284309
0.416859 0.770611
0.534466 0.690794
0.267505 0.735523
0.840496 0.275897
1.01668 0.375837
0.47358 0.160762
0.0800144 0.246217
0.271361 0.0832669
0.736624 0.601317
0.324793 0.276343
1.25436 0.607557
0.432771 0.156282
0.611224 0.156223
0.389036 0.767033
0.448308 0.892639
0.83792 0.373561
0.196382 0.558955
0.930969 0.330728
0.913644 0.308374
0.129073 0.163057
0.153309 0.891285
0.785577 0.338052
0.237074 0.384316
0.138975 0.251609
0.411623 0.547737
0.213343 0.723225
1.01201 0.425925
0.693365 0.0209454
0.45054 0.0817345
0.557945 0.45742
0.911302 0.0479816
1.16566 0.282911
0.503989 0.879411
0.630727 0.266048
0.532045 0.554369
0.222514 0.931437
1.42704 0.324961
0.446565 0.83803
0.650183 0.414018
0.126776 0.750772
0.670367 0.665715
0.0650418 0.0811671
0.625675 0.686678
0.182653 0.230544
0.155508 0.415558
1.09518 0.486148
0.330726 0.733338
1.00605 0.693572
0.208403 0.790017
0.62843 0.109111
0.0431429 0.918341
1.39608 0.461486
0.767605 0.12429
0.872983 0.671802
0.501837 0.584853
0.222477 0.464789
0.000580707 0.90886
1.22852 0.368523
1.26284 0.0515924
0.14406 0.533062
1.08353 0.249216
0.456926 0.189509
0.506776 0.353584
0.152531 0.133153
0.0714241 0.990446
0.842544 0.732396
1.52335 0.137293
1.32273 0.534294
1.2095 0.21152
0.168508 0.966402
0.966887 0.119558
0.127137 0.693007
1.08251 0.0976298
0.644407 0.489764
0.490539 0.77872
0.187117 0.787124
1.27635 0.182807
1.14457 0.432964
0.326551 0.379351
0.488994 0.659718
0.664148 0.221014
0.405849 0.559494
0.68179 0.65862
0.209858 0.727209
0.611512 0.848739
0.872265 0.270707
0.044615 0.392351
0.125802 0.273928
1.03683 0.319846
0.930666 0.702045
0.511635 0.139488
0.31121 0.648727
1.00374 0.134069
1.17492 0.311823
0.167975 0.941074
0.055203 0.835205
1.12742 0.471414
0.979153 0.383512
1.14123 0.445793
1.03869 0.380875
0.261162 0.373001
0.117272 0.854548
0.526162 0.444682
0.132107 0.693017
1.0498 0.0248686
0.650448 0.375724
1.25198 0.228644
1.29812 0.511992
0.868364 0.58926
0.321725 0.388019
0.0495755 0.889721
0.357578 0.754775
0.3827 0.437493
0.180711 0.353516
0.41303 0.49981
1.18633 0.286077
0.12996 0.891607
0.476445 0.253167
0.893401 0.674058
0.0359753 0.47603
0.263128 0.637593
0.0923396 0.413533
0.0362234 0.100344
0.428888 0.278446
1.5586 0.00798011
0.682682 0.725565
0.41588 0.574596
0.875827 0.273151
0.5553 0.533647
0.178649 0.729517
0.744383 0.415707
0.920028 0.551747
0.267782 0.957028
0.347871 0.214953
0.0811399 0.549223
0.174062 0.209338
1.43679 0.0504407
0.30735 0.378089
1.14151 0.511375
1.15837 0.345322
0.105843 0.71364
0.182933 0.529557
0.216239 0.0210835
0.511962 0.342237
0.788364 0.0354828
0.222306 0.0505891
0.367611 0.843358
0.467706 0.477245
0.31319 0.106707
0.706978 0.773145
0.734667 0.426709
0.979224 0.594293
0.198494 0.56716
0.276411 0.269696
0.136785 0.348338
0.411245 0.45871
0.989921 0.26889
0.0942944 0.247766
0.43047 0.223859
0.421959 0.252346
0.712968 0.558282
0.135353 0.83482
0.0502451 0.317152
0.694817 0.441411
1.18444 0.0107392
1.3538 0.48128
0.85782 0.00846868
0.0685078 0.800474
0.393404 0.145157
0.210464 0.568943
0.12326 0.142206
1.43352 0.385509
0.55801 0.398518
1.20586 0.174864
0.00489881 0.298694
0.437627 0.484394
0.398879 0.914465
0.697049 0.330476
0.480816 0.0794991
1.01064 0.177804
0.452586 0.644437
0.248636 0.714563
0.0607503 0.119594
0.289674 0.276292
0.139888 0.0122294
0.638064 0.102375
0.439735 0.0674315
0.78069 0.185166
0.756464 0.0446891
0.729269 0.249762
0.160542 0.155687
0.100094 0.816655
0.471652 0.820812
0.860652 0.653502
0.657995 0.782753
0.520549 0.508204
1.15831 0.00125782
0.828647 0.235653
0.146566 0.896038
0.428648 0.00676295
0.271443 0.0512168
0.42567 0.715316
1.00351 0.414493
0.32691 0.204495
1.3262 0.0556795
0.881323 0.226062
0.797965 0.523198
1.18789 0.348379
0.741754 0.384062
0.827074 0.628089
0.396141 0.887117
0.755796 0.14869
0.504818 0.233197
0.796959 0.227945
0.00398201 0.794331
0.611594 0.593246
0.898745 0.290437
0.923937 0.25328
0.730482 0.212809
1.14243 0.315445
0.794096 0.300935
1.00461 0.145221
0.0457345 0.563875
0.552498 0.623811
0.223746 0.335684
0.00124295 0.161019
0.183878 0.433319
1.04564 0.403191
0.0222389 0.240253
0.786228 0.177188
0.131723 0.255205
0.455979 0.0221609
0.33209 0.354747
0.829987 0.0109114
0.1826 0.976691
0.90222 0.545102
0.449793 0.0599016
1.07945 0.318915
0.312445 0.872922
0.903197 0.475989
0.535134 0.651091
0.626944 0.271941
0.242644 0.536432
0.745568 0.493976
1.30213 0.144628
0.171579 0.407591
0.7396 0.0230164
0.11727 0.557722
0.226125 0.303839
0.394622 0.0660107
0.548896 0.657403
1.0342 0.10435
0.928347 0.160395
0.532183 0.823348
0.448785 0.25542
0.949581 0.166045
0.565782 0.438262
0.203486 0.521366
0.770068 0.660668
0.718154 0.627301
0.308866 0.667672
0.820919 0.210166
1.35226 0.432147
0.102183 0.51935
0.839476 0.448542
0.484672 0.289369
0.497798 0.660021
0.770647 0.0173722
0.659344 0.301487
0.905314 0.0105854
0.907028 0.180545
1.2163 0.569026
1.25554 0.39201
1.14776 0.544624
0.509015 0.64676
0.234928 0.569313
1.32802 0.23268
0.238773 0.403471
0.492606 0.705687
0.0101459 0.601599
1.08531 0.462981
0.211964 0.558363
0.0452673 0.979453
0.741217 0.310283
0.647685 0.500848
1.07862 0.62407
0.0992282 0.623145
0.187927 0.928843
1.32047 0.301707
0.469987 0.105877
0.41948 0.680621
1.21487 0.261442
1.33977 0.320226
1.1655 0.609187
0.236963 0.815214
1.51676 0.117923
0.889667 0.441471
0.605605 0.0843719
1.01952 0.0124802
0.202281 0.273638
1.10246 0.439629
1.0072 0.44939
0.545625 0.564112
1.12912 0.173862
0.245094 0.552822
0.158119 0.340849
0.520509 0.0291947
0.111476 0.412984
0.0814985 0.787263
0.601728 0.851418
0.892935 0.366788
0.708606 0.771609
0.910899 0.256529
0.298751 0.594684
0.0623334 0.209382
0.673796 0.81369
0.542017 0.649721
0.518353 0.495046
0.741448 0.449341
0.47565 0.80782
0.576872 0.393943
0.347011 0.223665
0.283058 0.746396
0.00413772 0.206513
0.61557 0.826513
0.168048 0.479326
0.0507663 0.595243
0.414407 0.419139
0.346449 0.659527
1.50415 0.235534
0.557336 0.438425
0.980657 0.123074
0.612853 0.0211931
0.587122 0.525976
0.964118 0.660498
0.575464 0.744916
1.0311 0.40982
0.334242 0.0702509
0.894862 0.272228
0.824707 0.605552
0.206475 0.976479
0.0621969 0.830867
0.140797 0.477308
1.31067 0.0304474
0.45049 0.267197
1.35295 0.334589
0.0721023 0.583101
1.08216 0.00241037
0.102764 0.363496
0.357771 0.738156
0.100662 0.477534
1.08275 0.53168
0.541397 0.672425
1.27495 0.250624
0.00991935 0.888727
1.00867 0.21723
0.121637 0.479358
0.205318 0.931261
0.10356 0.770648
1.37657 0.144399
0.351 0.851327
0.949492 0.220752
0.236938 0.672351
0.154835 0.00125721
0.599336 0.000616314
0.804777 0.155936
0.199511 0.666369
1.03352 0.0705368
0.0239541 0.802712
0.777931 0.162112
1.06351 0.623118
1.1251 0.180941
0.652509 0.301619
0.245879 0.844377
0.30906 0.839191
0.0921108 0.386059
0.723466 0.174608
0.247817 0.955935
0.129054 0.139639
0.644081 0.232319
1.20285 0.172117
0.428324 0.822945
0.450938 0.243385
0.139673 0.780215
0.770955 0.272612
0.158121 0.68972
0.211565 0.623344
0.790468 0.0395525
0.69702 0.649909
0.253428 0.948254
0.170238 0.185082
1.20744 0.0951994
0.0535054 0.793202
1.19856 0.5137
1.02386 0.122846
1.46307 0.30209
0.116522 0.527653
0.0928079 0.194191
0.307428 0.215213
1.22805 0.0817017
1.09623 0.376194
0.171488 0.244964
0.0369162 0.300446
0.273264 0.908329
0.403984 0.313588
0.132111 0.0937902
0.578142 0.131244
1.40968 0.212788
0.917814 0.598011
0.474684 0.402029
0.576728 0.238696
1.01228 0.490177
0.0925287 0.737075
1.38255 0.186679
0.688933 0.175256
0.0525902 0.753552
0.156164 0.682129
0.49721 0.446054
0.119024 0.759351
0.352903 0.4511
0.614963 0.542972
0.616344 0.500247
0.396067 0.313896
0.98398 0.262086
0.30845 0.17405
0.618526 0.0306254
0.537837 0.740039
0.969343 0.0650395
0.729973 0.0863347
0.894027 0.297067
0.866593 0.138133
0.242465 0.829059
0.441515 0.608781
1.3307 0.259002
0.102368 0.358782
1.12986 0.639313
0.414409 0.425883
0.789248 0.673306
0.234661 0.235652
0.230563 0.254484
1.15049 0.0242916
0.290559 0.40988
0.454492 0.656653
1.17924 0.490673
1.11346 0.106969
0.140657 0.621065
0.517587 0.63442
0.590204 0.438352
0.109841 0.286219
0.869917 0.635472
0.669469 0.0341488
0.0826515 0.1578
0.947098 0.379799
0.441427 0.609239
0.669978 0.0735002
1.03267 0.573176
0.996455 0.0821781
0.293601 0.111881
0.736191 0.200799
0.423154 0.598195
0.330473 0.446542
0.991473 0.104792
0.20424 0.164887
0.196503 0.0967668
0.592334 0.197382
0.36003 0.0826362
0.817137 0.0690197
0.0928968 0.8893
0.970006 0.539406
0.159224 0.657366
0.674112 0.320179
0.736826 0.0684469
0.843615 0.00799569
0.642847 0.672374
1.27378 0.0727716
0.998349 0.256083
0.479045 0.847334
0.0273006 0.404403
0.130155 0.0563925
0.504617 0.568673
0.53258 0.126047
0.27507 0.161218
1.47192 0.175342
0.857823 0.279778
0.161716 0.624338
0.455259 0.627991
0.778671 0.413929
0.047038 0.54845
0.570092 0.699924
0.316991 0.250811
0.886056 0.183169
1.41247 0.442955
0.221514 0.00222359
0.0951722 0.840808
1.31362 0.389194
0.663016 0.403615
1.1967 0.153183
0.439598 0.785726
0.302854 0.344086
0.47262 0.172645
0.809419 0.0438439
0.0518989 0.974934
1.08101 0.260831
0.319269 0.367778
0.627943 0.161534
0.0542823 0.876525
1.04759 0.195007
0.0506529 0.73195
0.256499 0.504614
0.191728 0.984486
0.937687 0.446392
1.1704 0.104388
0.0630509 0.362317
0.209642 0.0812776
0.47697 0.891999
0.48384 0.562997
0.3674 0.786109
1.04699 0.248423
0.0962132 0.762912
0.176712 0.792905
1.09403 0.156147
0.449182 0.521135
0.0397178 0.108082
0.888329 0.0726647
0.665278 0.773755
0.217719 0.80765
0.950148 0.496051
0.399055 0.095178
0.246022 0.35019
1.32645 0.298903
0.202377 0.81601
0.427962 0.728169
1.2109 0.0382457
0.699515 0.308093
1.48622 0.24553
0.656568 0.227061
1.12347 0.492323
0.473987 0.392188
0.234691 0.71893
1.10568 0.497142
0.111753 0.931183
1.09806 0.532685
1.03676 0.562861
0.808109 0.213202
1.3618 0.480388
0.648778 0.335194
1.01785 0.225397
1.25074 0.0425917
0.876443 0.392505
0.157602 0.461325
0.872926 0.326417
0.629589 0.372454
1.24164 0.524181
0.42943 0.670891
0.652393 0.533723
0.943185 0.214405
0.0939208 0.379914
1.14398 0.63734
0.840316 0.64822
0.166501 0.0518483
0.392104 0.810932
0.287718 0.715902
0.970166 0.314873
0.250649 0.293584
0.91222 0.622391
0.950594 0.46485
0.207294 0.969675
0.191976 0.60786
1.23869 0.569807
0.25029 0.599531
0.292964 0.770089
0.350391 0.324874
1.23795 0.231166
0.212215 0.099183
0.0595376 0.0178198
1.06307 0.672372
0.754358 0.631993
0.951398 0.679911
0.40699 0.105066
0.849448 0.110036
0.292606 0.368347
0.26657 0.356944
0.661221 0.230581
0.530023 0.461543
0.673363 0.108485
0.189395 0.0365229
0.0274848 0.0998714
0.336912 0.552773
0.329081 0.333533
1.01719 0.520455
0.620304 0.306403
0.895814 0.113471
0.116993 0.340058
0.420575 0.202383
0.791426 0.465008
0.0602147 0.0604668
0.323984 0.0620097
0.226764 0.4673
0.52621 0.847466
0.319255 0.0791234
0.520345 0.664335
1.14504 0.468248
0.478693 0.773296
0.137723 0.635846
0.172126 0.535006
0.663437 0.486418
0.0434229 0.511673
0.773635 0.259782
0.81208 0.707223
1.05142 0.188465
0.849564 0.0991501
0.0508173 0.825162
0.25213 0.403852
0.692287 0.5638
0.568916 0.267302
0.045325 0.740734
0.0574181 0.129428
0.53259 0.016278
0.317205 0.498285
0.47581 0.0203813
0.382664 0.367134
0.890425 0.105737
0.742069 0.353999
0.416086 0.124104
0.640883 0.330134
1.06354 0.438761
0.2761 0.13625
1.01553 0.22727
0.504474 0.253563
1.1164 0.580985
1.09573 0.314225
0.516409 0.0882787
0.473228 0.635708
0.640903 0.08233
0.617094 0.2666
0.144179 0.889479
0.845612 0.0512101
0.736717 0.330719
0.69296 0.716124
0.660428 0.196035
0.84676 0.705638
1.39147 0.349363
0.0280906 0.246216
0.61895 0.354468
0.312738 0.335087
0.442571 0.411714
0.650748 0.414874
0.425973 0.0568581
0.659176 0.822095
0.215099 0.481613
0.280735 0.0947876
0.205606 0.820287
0.247154 0.790924
0.673305 0.395883
0.178215 0.451459
0.834901 0.43894
1.34013 0.049533
1.31521 0.164367
0.150467 0.319897
0.390275 0.52468
0.4929 0.428043
0.00890064 0.547015
0.485143 0.323255
0.637538 0.488408
0.20301 0.359784
0.10102 0.318298
0.213144 0.547503
1.02922 0.276719
0.499415 0.569472
0.0374816 0.459513
1.4172 0.0129633
0.760475 0.301997
0.840678 0.543937
1.30286 0.116194
0.469453 0.192042
0.621507 0.782721
0.973522 0.582992
0.201542 0.751878
1.45687 0.293212
0.42341 0.61547
0.806668 0.298343
0.226963 0.272181
1.31846 0.186981
0.282778 0.685175
0.398156 0.836184
0.879015 0.613461
0.0399192 0.0587572
0.560314 0.708676
0.912921 0.538686
0.651355 0.543038
0.224176 0.40183
0.0824226 0.0775673
0.984781 0.218758
0.494644 0.542479
0.57383 0.0814416
0.405771 0.605683
1.12338 0.196659
0.485483 0.753789
1.00505 0.624795
0.835724 0.319081
0.336962 0.618198
0.534371 0.634438
0.462293 0.0195871
0.244847 0.787428
0.796159 0.00502245
0.774319 0.721134
0.575405 0.605642
1.18738 0.0942707
1.24356 0.148449
0.9053 0.230139
0.325132 0.923659
0.170163 0.179092
1.19832 0.340269
0.196828 0.0421432
0.967321 0.285341
0.102917 0.0992222
1.23438 0.261579
0.319312 0.619058
0.503273 0.0501762
1.51226 0.116136
0.417537 0.744202
1.32268 0.0991157
0.19978 0.0429388
0.464282 0.0494439
0.95297 0.40105
0.210256 0.522272
0.0299599 0.969022
1.15702 0.24696
0.832964 0.1397
0.420235 0.355587
0.18711 0.577451
0.499221 0.0485586
0.994849 0.346891
0.120405 0.988816
0.128831 0.941801
0.12436 0.175564
0.309026 0.450487
0.0665136 0.546783
0.707044 0.714574
0.876493 0.0206964
0.305453 0.205699
0.226847 0.513113
0.794235 0.292697
0.128084 0.91427
0.482633 0.784151
0.369356 0.42639
1.13559 0.352254
0.520728 0.860898
0.746521 0.305831
0.12741 0.746321
1.10399 0.137118
0.414533 0.256248
1.30972 0.240938
1.4694 0.088538
0.296936 0.522463
0.154489 0.425932
1.0533 0.269631
0.795731 0.0296093
0.288115 0.903584
1.21968 0.464878
0.466677 0.586727
0.63307 0.34495
0.00565141 0.537714
0.129084 0.760313
0.964529 0.384376
0.0234216 0.526524
0.627755 0.724296
0.369412 0.172029
0.652659 0.556255
0.32508 0.665193
0.650343 0.0436154
0.183958 0.789813
0.69014 0.0779682
0.413189 0.491974
0.873606 0.383425
0.356806 0.290513
1.12564 0.268848
1.22694 0.393114
0.269071 0.432099
0.322998 0.63412
0.221187 0.489583
1.20315 0.150322
0.988703 0.267624
0.0142745 0.444206
0.959404 0.302247
0.981948 0.188467
0.818041 0.453473
0.646774 0.394842
1.24941 0.07497
0.798928 0.0878351
0.189031 0.254382
0.502721 0.840236
0.246178 0.288277
0.00940813 0.137364
1.05829 0.36126
0.575738 0.402615
0.946615 0.343268
0.988831 0.349179
0.752079 0.267712
0.945121 0.649239
0.905096 0.489495
0.668719 0.288762
0.00868049 0.60649
0.768303 0.361597
0.631798 0.717209
0.925401 0.453378
1.31719 0.00104169
0.58871 0.585579
0.512398 0.823347
0.23564 0.678101
0.53034 0.698349
0.984748 0.608368
1.24927 0.324014
0.138406 0.551088
0.342705 0.570695
1.28006 0.248455
0.25059 0.382994
0.865243 0.623911
0.141715 0.259927
0.109309 0.954776
0.369084 0.493549
0.764332 0.62327
0.448181 0.528549
0.924173 0.48351
0.292263 0.0240662
0.2572 0.152464
0.285269 0.869257
1.11242 0.0285841
0.27334 0.858694
0.820745 0.435588
0.607278 0.419521
0.979311 0.606573
1.19541 0.294094
0.325971 0.902718
0.783828 0.307774
1.19288 0.397848
0.619824 0.118217
1.55434 0.0873379
0.852948 0.133047
0.157557 0.783585
0.403794 0.31311
0.929989 0.0463421
0.483253 0.846113
0.398405 0.334425
0.367484 0.171482
0.0652255 0.813858
0.893333 0.280578
0.426351 0.0671061
0.564011 0.227857
0.218428 0.000522443
0.510422 0.265848
1.15753 0.646415
0.819711 0.43695
0.400332 0.597793
1.28537 0.564764
0.461489 0.790344
0.0632169 0.372424
0.856594 0.523955
0.390395 0.233048
1.19969 0.577497
0.424504 0.203328
1.20145 0.454599
0.288303 0.166258
1.21729 0.299405
0.600942 0.505431
0.311222 0.707972
0.145988 0.0620732
0.385726 0.0354423
0.346467 0.803242
0.675056 0.219743
0.609325 0.281845
0.686173 0.602594
0.262476 0.689024
0.967962 0.581526
0.290552 0.101891
0.122981 0.425497
1.21116 0.190181
0.689563 0.0825982
0.319095 0.732547
1.40608 0.134282
0.429701 0.479427
0.123947 0.247535
0.968334 0.564951
0.660865 0.10805
1.29726 0.264518
1.27809 0.331969
1.35098 0.0246303
0.0296899 0.635965
0.307594 0.136107
1.18982 0.304447
0.794692 0.609728
0.699545 0.0491733
1.15277 0.578167
1.31708 0.0855488
0.081454 0.942171
0.471076 0.734808
1.28744 0.353919
0.0917595 0.681899
0.803825 0.637196
0.572582 0.785448
1.13624 0.204722
0.127137 0.334906
1.2212 0.584522
0.543198 0.506776
0.431035 0.1658
0.120134 0.159304
0.355479 0.142537
0.143515 0.584432
0.54421 0.720204
0.568689 0.648405
0.539787 0.108633
1.06546 0.519132
0.579135 0.238118
0.404612 0.714262
0.571255 0.371033
0.339002 0.390915
0.826503 0.624493
0.157154 0.546156
0.104895 0.513222
0.275165 0.455836
0.882825 0.549846
0.573438 0.367684
0.438411 0.140534
1.40913 0.27485
0.076602 0.374991
0.12623 0.382889
0.0539622 0.224854
0.873737 0.521501
0.0956866 0.976515
0.339584 0.262218
0.324789 0.122052
1.3244 0.451065
0.450931 0.83629
1.17211 0.408093
0.309982 0.502602
0.524577 0.257334
1.05207 0.308774
0.756984 0.343226
1.25717 0.437534
0.0991609 0.897932
0.585584 0.310224
0.226499 0.846401
0.243524 0.972215
0.979589 0.401837
0.13332 0.662561
0.733035 0.491168
0.859854 0.37562
0.2997 0.733551
0.471444 0.431088
0.333987 0.704257
0.0184298 0.22361
0.433952 0.843306
0.942912 0.376948
1.07645 0.0751938
0.379552 0.779499
0.219382 0.401273
1.19017 0.367028
0.190678 0.133375
1.18616 0.370976
1.27467 0.486538
0.473198 0.850663
1.02239 0.641419
0.995477 0.371292
0.0259761 0.435209
0.631459 0.705539
0.476046 0.368081
0.799425 0.210202
0.251845 0.242261
0.858651 0.637112
0.16553 0.760714
0.0542861 0.917072
0.180664 0.173207
0.0713471 0.925858
1.07199 0.122545
0.735704 0.432712
0.698427 0.538553
0.345216 0.204519
0.436173 0.808991
0.586534 0.282295
0.902774 0.592793
0.741896 0.240683
0.325151 0.641597
0.00197622 0.268289
0.790483 0.129139
0.624402 0.609117
0.0777825 0.985679
0.703177 0.467394
1.34361 0.235939
0.835675 0.384633
0.954719 0.0837769
0.0340852 0.167278
1.07619 0.332506
0.872295 0.611356
1.08979 0.139357
0.349045 0.339623
0.963165 0.445936
0.714169 0.538422
0.975815 0.0949078
0.252711 0.846241
1.41002 0.202785
0.0191199 0.628191
1.15732 0.150092
0.852091 0.532608
0.409363 0.453184
0.722868 0.0704025
0.433649 0.757918
0.579893 0.289197
0.631075 0.358766
0.462147 0.12019
0.938957 0.486577
1.2734 0.105332
0.605186 0.724203
0.435766 0.441428
0.498385 0.843408
0.609863 0.136396
0.955276 0.282949
0.686698 0.180123
0.49974 0.792165
0.115068 0.384256
0.172745 0.408132
0.339246 0.163059
0.584696 0.166518
1.08274 0.250525
0.384473 0.172635
0.871198 0.327122
0.598773 0.0452796
0.655547 0.416875
0.109805 0.132522
1.00513 0.563184
0.44217 0.053175
0.502564 0.250687
1.22586 0.43671
1.29237 0.139389
1.34662 0.0847128
0.427748 0.278961
0.355312 0.0471742
0.748887 0.523081
0.310874 0.504214
0.145739 0.833873
1.25966 0.526423
1.38569 0.294854
0.604433 0.643121
0.735407 0.740022
0.441306 0.625652
0.638611 0.156876
1.12038 0.317082
0.341675 0.0674892
0.8446 0.49282
0.162167 0.125528
0.022488 0.334473
0.894684 0.118948
0.238089 0.461079
0.918469 0.0474988
1.10328 0.588669
0.00606925 0.18331
0.327817 0.524268
0.623607 0.711627
1.35487 0.304735
0.296376 0.110091
0.526431 0.805601
0.854692 0.486887
1.23664 0.560872
0.0310446 0.383131
0.0526188 0.777884
0.186226 0.965357
1.1871 0.57261
0.967964 0.338261
0.657765 0.545486
0.914828 0.674646
0.934232 0.0152197
0.679206 0.258488
0.710122 0.411377
1.38019 0.323467
0.554224 0.733277
0.24549 0.95764
0.876767 0.305254
1.10086 0.342951
0.205731 0.397625
0.0248862 0.801044
0.583881 0.497843
0.0841956 0.914952
0.337194 0.881468
0.780784 0.551594
0.735543 0.293849
0.538881 0.693651
1.1385 0.169829
0.310747 0.919933
0.803101 0.237317
1.03461 0.133672
0.743727 0.269233
0.981289 0.401516
1.23203 0.587238
0.0696764 0.339388
1.3915 0.430293
0.0467272 0.132576
0.606903 0.0319453
0.434273 0.844322
1.48347 0.0815278
0.0200135 0.128435
0.00206597 0.581605
0.517278 0.722438
0.795124 0.100912
0.71131 0.457157
1.08376 0.220288
0.836973 0.27114
0.692323 0.276094
0.961065 0.308837
0.215275 0.681264
1.02757 0.184055
0.602005 0.621925
0.375611 0.439811
1.093 0.267044
0.0302889 0.116112
0.306935 0.492429
0.057248 0.962317
1.02674 0.631307
0.330174 0.202239
0.722808 0.770732
0.892107 0.159301
0.728575 0.780249
1.28181 0.392145
0.511387 0.553775
0.24849 0.841784
0.321124 0.92606
0.153914 0.248474
0.0596441 0.0983097
1.26074 0.259197
0.313284 0.303456
0.712206 0.45497
0.715195 0.410981
0.510673 0.0167703
0.249015 0.696865
1.12864 0.0166367
0.125885 0.130951
0.807361 0.66521
0.717034 0.145255
0.960296 0.615822
0.556845 0.714344
1.02914 0.225524
0.138314 0.195055
0.862687 0.601378
0.925634 0.11402
0.0174793 0.0111076
0.184976 0.194073
0.000315686 0.306862
0.910284 0.152152
1.12597 0.357718
0.0375333 0.482106
0.825925 8.03829e-05
0.275978 0.395302
0.399419 0.845161
0.720327 0.294776
0.889165 0.270474
0.508766 0.526617
0.232487 0.0048907
0.488427 0.804407
0.222103 0.309342
0.164908 0.925016
0.952206 0.14314
0.575786 0.250302
0.202555 0.194097
0.834888 0.213759
0.259546 0.0987217
0.719213 0.0397864
0.533427 0.522358
0.0692649 0.120669
1.07745 0.394328
1.01153 0.0416778
1.24231 0.37073
0.261385 0.230974
0.881593 0.328038
0.601173 0.552373
0.951157 0.0144709
0.160087 0.274667
0.384757 0.785977
0.760752 0.649221
0.436074 0.494122
0.546091 0.35731
0.872281 0.127919
1.09534 0.539868
0.0378406 0.455307
0.115382 0.447069
0.133512 0.506655
0.737034 0.765574
0.866217 0.634318
0.0569112 0.500408
0.687832 0.312291
0.40503 0.0241837
0.733041 0.347637
0.672572 0.703667
0.961558 0.502312
0.224836 0.254512
0.029524 0.434504
0.611085 0.115278
1.37658 0.462284
0.27875 0.486784
0.136623 0.237336
0.77755 0.273577
0.86092 0.51114
1.35429 0.125437
0.365642 0.334333
0.263075 0.189566
0.953658 0.206888
0.886146 0.100061
0.455635 0.565228
0.751864 0.198241
0.0389092 0.728679
0.9809 0.124113
1.0172 0.515643
0.0378782 0.81409
0.901756 0.698164
0.31099 0.15841
0.894568 0.0565368
0.348059 0.509358
0.0319152 0.870172
0.864305 0.344732
0.61578 0.141002
0.76806 0.462912
1.35819 0.227998
1.45315 0.294086
0.496895 0.846009
0.862616 0.378122
0.941278 0.0479073
0.372921 0.294515
1.08518 0.483573
0.640566 0.375737
0.763984 0.294304
0.270716 0.786213
1.19784 0.213982
0.935487 0.413081
0.790547 0.0917848
0.783917 0.101687
0.784794 0.423765
0.466269 0.141721
0.366953 0.2299
0.616356 0.610801
0.107357 0.0440851
0.130103 0.252605
0.0431693 0.838064
1.06742 0.483449
0.302376 0.276289
1.14493 0.405217
0.0883952 0.581415
0.878851 0.718886
1.21292 0.54858
0.395433 0.365368
0.717168 0.231806
0.927297 0.0789736
0.118994 0.681626
0.233464 0.130839
0.136627 0.942828
0.758217 0.159106
0.741453 0.155253
0.471191 0.688664
0.0952097 0.612764
0.0764163 0.0396644
0.31404 0.561121
0.383937 0.0612336
0.712823 0.114078
0.806726 0.0297458
0.437094 0.487009
1.30554 0.474132
0.589701 0.153904
0.149592 0.941204
0.650492 0.642323
0.960705 0.527264
0.360766 0.726461
0.802344 0.477136
0.406723 0.838399
0.399673 0.898085
0.201009 0.852569
0.48026 0.777892
1.04704 0.342275
0.157453 0.830331
0.40092 0.420488
0.0888317 0.486525
0.382829 0.317897
0.301223 0.837615
1.17975 0.500568
0.966415 0.333403
0.413207 0.62849
1.30055 0.574764
0.60437 0.454406
0.624282 0.76691
0.328537 0.366727
0.362276 0.601284
1.06693 0.318965
0.124188 0.00659137
0.90547 0.300796
1.29079 0.431896
1.19297 0.520221
1.12087 0.0935307
0.21032 0.613399
0.954154 0.675287
0.855746 0.0956266
0.183423 0.045038
1.3384 0.361992
0.582353 0.586874
0.450944 0.120767
0.597593 0.106038
0.160165 0.678695
0.135669 0.699951
0.0939336 0.897292
0.311385 0.831716
0.62952 0.659117
0.062468 0.0487414
1.10107 0.173862
0.132631 0.61728
0.757931 0.505544
0.288732 0.854704
0.889514 0.626694
0.431908 0.668063
0.833886 0.303049
0.65509 0.444456
0.204233 0.00398931
0.6455 0.364578
1.27004 0.447237
1.06261 0.28082
0.150414 0.77763
0.466095 0.861097
0.676562 0.487347
0.483757 0.555197
0.437333 0.302792
0.41687 0.614615
0.463779 0.855236
1.32947 0.449588
0.492174 0.305313
1.34314 0.299494
1.05417 0.342652
0.0356165 0.128892
0.300871 0.334409
0.610525 0.507493
0.552932 0.866688
0.270438 0.58115
0.395082 0.0281286
0.390458 0.176175
0.848204 0.251832
0.253657 0.946501
0.7883 0.0436286
0.347908 0.2858
0.546311 0.032837
0.228731 0.156077
1.08482 0.593413
0.946716 0.694897
1.13647 0.28351
0.166649 0.591266
0.555212 0.297186
0.482009 0.783763
0.333092 0.727095
1.22597 0.17886
0.195963 0.97833
0.473697 0.884433
0.820249 0.567696
0.0750145 0.140915
0.566052 0.82646
0.600259 0.0625448
1.17166 0.289086
0.00594274 0.783865
0.607898 0.122035
0.530543 0.822401
0.999906 0.00764006
0.688942 0.513263
0.263764 0.625691
0.695252 0.521437
0.72146 0.0633352
0.735362 0.0894529
0.89663 0.572985
0.325806 0.0312695
0.56493 0.654794
0.13268 0.190544
0.311215 0.349539
0.277352 0.639271
0.668057 0.162368
0.978927 0.0222512
0.0385973 0.20375
0.157982 0.658322
1.14293 0.342072
0.988316 0.176181
1.39251 0.341133
0.444724 0.101472
0.990079 0.510559
0.67714 0.140051
0.0374617 0.384574
0.875602 0.538616
0.492921 0.300826
0.793635 0.375821
0.713613 0.672571
0.0482881 0.281311
0.0207106 0.723734
0.647024 0.0115097
0.23385 0.266706
1.14397 0.230778
1.20957 0.256051
0.524458 0.721341
1.02333 0.397317
0.149795 0.327726
0.892889 0.4968
1.25715 0.133128
0.23954 0.86441
0.586135 0.184015
0.276529 0.0952848
0.999055 0.14778
1.03491 0.191751
0.289447 0.526645
0.63332 0.575488
0.350723 0.158507
1.20788 0.114786
0.573547 0.638615
0.350621 0.57491
0.711421 0.662353
1.10885 0.0911701
0.263701 0.23043
0.144583 0.670302
0.130007 0.516717
0.475318 0.15627
0.600124 0.58407
0.445184 0.397135
0.432591 0.74632
0.544408 0.163709
0.404939 0.88796
1.24738 0.0452454
0.836896 0.101926
0.878022 0.48007
0.696024 0.32711
0.465175 0.828221
0.683638 0.753242
0.583097 0.798157
0.212676 0.350263
0.849184 0.45625
0.136595 0.514962
0.23712 0.481518
0.970667 0.453981
0.522547 0.504734
0.706048 0.348608
1.34535 0.498922
0.727219 0.455855
0.851655 0.350081
0.195955 0.219491
0.773231 0.159062
0.649035 0.0299815
1.25219 0.0626813
0.313218 0.427305
0.733926 0.31805
1.18919 0.62094
0.198809 0.169045
0.177738 0.639798
0.19619 0.0318471
0.631631 0.739568
0.540155 0.585162
0.30528 0.50566
0.524899 0.674768
0.757628 0.283445
0.772334 0.36378
0.489521 0.76744
0.120907 0.733353
0.501071 0.69222
0.0765164 0.479966
0.469569 0.571756
0.665731 0.470738
0.710662 0.169365
0.279475 0.718343
0.964836 0.568749
0.555971 0.210665
0.813182 0.19832
1.0163 0.36553
0.0896328 0.792012
0.139849 0.615025
0.968102 0.453176
0.434533 0.731172
0.428427 0.40386
0.155574 0.906531
0.45425 0.320308
0.692537 0.0896708
0.766701 0.164697
0.53087 0.510614
1.02035 0.580735
0.445977 0.772311
0.527171 0.414221
0.547803 0.049817
0.472151 0.0839169
0.289077 0.443846
0.493954 0.253827
0.591913 0.630601
0.199718 0.700622
0.397919 0.0590315
0.883731 0.654105
0.669314 0.00979468
1.01195 0.340648
1.0127 0.48491
0.199677 0.03822
0.805078 0.345583
0.68178 0.559275
1.36241 0.246221
0.624811 0.220429
0.707211 0.413966
0.157988 0.918573
0.0630306 0.938118
1.0263 0.185782
0.908328 0.456153
0.050816 0.920097
0.728622 0.65839
0.95398 0.278123
0.46542 0.37256
1.11657 0.47027
0.58096 0.331861
0.196681 0.332921
1.08666 0.0191599
1.05006 0.013167
0.729938 0.241485
0.959319 0.0903151
0.325176 0.339741
0.521076 0.559007
1.02603 0.131471
0.0414066 0.12308
0.0225248 0.354467
0.752674 0.154994
0.984733 0.439605
1.17784 0.434276
0.648824 0.351797
0.319248 0.416042
0.88296 0.202968
0.0170556 0.348245
0.305676 0.528173
0.167448 0.407937
0.0888357 0.581729
0.357911 0.0787398
0.330566 0.623585
0.317969 0.027843
0.0818326 0.683591
0.53692 0.283592
0.14091 0.00158508
0.688135 0.111693
0.49476 0.702694
0.836326 0.258355
0.346898 0.137873
1.10628 0.363679
0.827172 0.132837
0.227247 0.56305
0.696561 0.54032
0.766539 0.333202
0.0507685 0.343711
0.853447 0.59051
1.05369 0.20165
0.29845 0.274193
0.0311329 0.156433
0.103344 0.921116
0.0537941 0.657171
0.0763046 0.543225
0.659195 0.214632
0.150303 0.958615
0.779176 0.296857
0.404655 0.254611
0.266724 0.322017
0.847942 0.0198888
0.865756 0.392399
0.0675087 0.338782
0.841681 0.258759
0.869579 0.616062
0.587199 0.686046
0.759814 0.453228
0.485407 0.591131
1.20232 0.102727
1.12589 0.560715
0.0786979 0.318696
1.32508 0.341765
0.811538 0.0461652
0.947047 0.171628
0.0934192 0.612081
0.526135 0.676453
0.00633643 0.419748
0.0215453 0.598529
0.970403 0.628209
0.303494 0.0936982
0.444445 0.75177
0.773694 0.657471
0.48496 0.543378
0.660168 0.148664
0.919598 0.234716
0.782957 0.566953
0.0615434 0.126719
0.869792 0.707297
0.421948 0.679172
0.451693 0.670362
0.502954 0.323859
0.127441 0.370858
1.33779 0.313321
1.41523 0.409241
0.537874 0.598724
0.960489 0.0896951
0.424957 0.225705
0.935896 0.34399
0.498428 0.269765
0.0725357 0.650771
0.454174 0.304561
0.996389 0.411243
0.965466 0.616914
0.254373 0.674487
1.0995 0.0421745
1.37139 0.404034
0.560309 0.254609
0.00390091 0.0684713
0.486945 0.303233
0.41605 0.000952164
0.921316 0.646601
0.382872 0.698511
0.420569 0.219655
0.0978372 0.618505
0.741414 0.763703
0.0420714 0.199635
0.538301 0.209607
1.37089 0.13451
0.356091 0.86193
0.151654 0.216707
1.47376 0.109989
0.403324 0.250362
0.584414 0.579355
0.355429 0.0604453
0.319566 0.522031
1.10891 0.523328
0.200591 0.265902
0.838447 0.17158
0.539107 0.339659
0.151278 0.632968
0.285104 0.884118
0.475433 0.0221182
0.757521 0.443395
0.337767 0.441622
0.782917 0.524004
0.146179 0.943298
0.0382574 0.329315
0.658108 0.786007
1.31217 0.207015
0.668839 0.205979
0.234849 0.938453
0.252356 0.547242
0.39333 0.285398
0.254868 0.479701
0.239744 0.516374
0.709715 0.705081
0.20748 0.513153
0.374289 0.838687
0.678516 0.368008
1.1533 0.506809
1.001 0.247313
0.414126 0.549966
0.159726 0.710495
1.34706 0.291371
0.364514 0.14381
0.816542 0.437947
0.604244 0.130624
0.705208 0.218741
0.585247 0.195955
0.659134 0.706628
0.870488 0.290361
0.00121175 0.713324
0.0253098 0.258594
0.999705 0.480645
0.482201 0.650861
0.7995 0.47195
1.44965 0.101207
0.0648916 0.313008
0.420272 0.511937
0.0277714 0.0430831
0.611423 0.633223
0.471586 0.279946
0.508785 0.334301
0.468195 0.313258
0.149313 0.505248
0.578404 0.49596
0.703526 0.0115476
0.456959 0.39664
0.159467 0.368985
1.02155 0.409917
0.640671 0.313242
0.512689 0.786444
0.84042 0.722255
0.170769 0.586457
0.141284 0.713641
0.617844 0.0722057
0.00435046 0.767907
1.01363 0.491039
0.634477 0.113902
0.177421 0.310101
0.484681 0.238204
0.971333 0.0523519
0.922698 0.560009
1.15261 0.101121
1.36837 0.144144
1.349 0.00831128
0.0748091 0.966297
1.04253 0.489755
0.0544534 0.725028
0.364407 0.423966
1.50734 0.117021
0.108182 0.902004
0.0892196 0.201942
0.299978 0.405788
0.647941 0.0882672
0.638128 0.239777
0.267849 0.324453
0.542974 0.0769535
1.17124 0.25032
0.120589 0.843786
0.306358 0.807217
0.471723 0.255119
0.752804 0.591203
0.971331 0.200646
0.783503 0.594091
0.449272 0.630286
0.70162 0.380752
1.16241 0.272374
0.849517 0.24468
0.51005 0.0505952
0.685159 0.55003
0.530425 0.868377
0.890525 0.165939
0.167872 0.712248
0.0137544 0.335314
0.734683 0.343267
0.836395 0.0517102
0.356904 0.488263
0.167662 0.359704
0.0960375 0.737314
0.315601 0.667299
1.03556 0.46645
0.189265 0.0929419
0.473541 0.760807
0.366131 0.453524
0.669035 0.268606
0.867943 0.37927
0.062554 0.546342
0.923726 0.296586
0.0489418 0.512397
1.34958 0.153154
0.14699 0.940007
0.784797 0.327084
0.861178 0.536692
0.00444294 0.044701
0.591372 0.337968
1.17247 0.278563
0.383388 0.557501
0.146865 0.608389
0.867982 0.138449
0.170826 0.478508
0.418475 0.395535
1.04368 0.5402
0.547726 0.633497
1.34624 0.390423
0.969908 0.283542
1.05371 0.483706
0.141731 0.0333506
0.655797 0.059814
0.493109 0.567538
0.555993 0.714771
0.829282 0.115746
1.09095 0.120372
0.513746 0.427441
0.57125 0.0916457
0.867433 0.673415
0.382808 0.711743
1.13286 0.0554283
0.42698 0.43976
0.0226146 0.0078925
0.323516 0.45506
0.00775501 0.0106253
0.268744 0.39861
1.08942 0.263598
0.142476 0.111658
0.990678 0.504654
0.28753 0.602185
0.389776 0.139805
1.37104 0.298133
0.0534499 0.176077
1.07047 0.0537829
0.260185 0.966641
0.719648 0.189453
0.832938 0.702663
0.670987 0.102418
0.977679 0.222839
0.51765 0.783772
0.473075 0.0570541
0.407917 0.537802
0.939935 0.157559
0.420558 0.879212
1.516 0.171536
0.250816 0.954996
0.0124155 0.531582
0.306172 0.309097
0.794987 0.69092
0.582 0.244841
0.0404664 0.248258
1.26736 0.317039
1.16145 0.493823
0.671217 0.138695
0.60625 0.771963
0.0253252 0.345865
0.425502 0.291112
0.156263 0.309639
1.25015 0.543729
1.30926 0.0437453
1.31265 0.413323
1.06474 0.264341
0.938257 0.648426
0.0592186 0.686776
0.00539519 0.682743
0.523681 0.478413
0.354103 0.839345
0.204797 0.193874
0.0489287 0.445666
0.685909 0.145085
1.10211 0.30768
0.194398 0.582566
0.889513 0.704235
0.568952 0.360977
0.0132975 0.0104483
0.834055 0.257184
0.324517 0.410266
0.0793775 0.479832
0.35302 0.200931
0.962736 0.284206
0.920354 0.158692
0.607141 0.401903
0.659584 0.566745
0.786247 0.610779
0.0311375 0.958001
0.0260996 0.981158
0.00147271 0.765683
0.730805 0.476072
0.205255 0.746183
1.40763 0.201256
0.319651 0.135948
0.594219 0.0487847
0.0826147 0.849446
0.637401 0.524787
0.588613 0.435156
0.0649658 0.864584
1.56997 0.0176915
1.08172 0.230768
0.512206 0.889294
0.128063 0.202967
0.543725 0.492737
0.145232 0.804607
0.765993 0.161104
0.982302 0.0702442
0.604416 0.528458
0.0596079 0.473301
0.694403 0.24822
0.147705 0.634451
0.53168 0.848602
0.0638386 0.371056
0.454245 0.147828
0.248438 0.862705
0.436917 0.829716
1.45227 0.282279
1.50405 0.246572
0.232709 0.834568
1.06784 0.26898
0.663327 0.112349
0.166295 0.334238
0.249493 0.837054
0.979123 0.221548
0.294328 0.00510916
0.522403 0.383774
0.301935 0.722728
0.961817 0.11345
0.0070818 0.196409
0.0785732 0.760587
0.159434 0.969715
0.0101244 0.277273
0.772734 0.273302
0.861525 0.706371
0.734469 0.78395
0.768704 0.20324
0.00777575 0.751535
0.294665 0.374874
0.191365 0.0761631
0.0752127 0.348798
0.653751 0.803899
0.798831 0.0354494
0.689493 0.571644
0.442279 0.291803
0.445806 0.858975
0.799721 0.171137
0.739422 0.172646
1.3808 0.0421245
0.243919 0.453713
0.476568 0.307777
0.749442 0.390148
0.935784 0.328768
0.164704 0.118824
0.187628 0.039176
0.905115 0.697152
0.105542 0.124148
0.380155 0.387348
0.588274 0.584013
0.217379 0.632658
1.2142 0.110298
0.0757931 0.0566223
0.102383 0.226059
0.721761 0.40936
0.755064 0.0402121
1.18907 0.190412
0.437347 0.501646
0.281158 0.029767
0.0990175 0.467595
0.58992 0.485964
0.072988 0.663438
0.6605 0.806758
0.61178 0.620723
0.62146 0.243829
1.05831 0.493007
0.424924 0.803413
0.300922 0.252903
1.30794 0.0122809
0.626974 0.219979
0.548769 0.33027
0.359781 0.439626
0.348458 0.426279
0.483875 0.6858
0.957024 0.0731555
0.252885 0.97056
1.15203 0.089342
0.213242 0.632346
0.143724 0.594092
1.31135 0.0298693
0.490252 0.573951
1.50057 0.0450573
0.221593 0.0678748
0.455427 0.15039
1.16797 0.568404
0.816397 0.13142
0.359517 0.246777
0.289328 0.433012
0.307377 0.0811446
0.241117 0.481663
0.89663 0.27211
0.10714 0.483356
0.427084 0.422398
0.0810483 0.215236
0.661115 0.551681
0.0589027 0.28094
0.613905 0.19833
0.493323 0.756094
0.49319 0.1381
0.381179 0.578701
0.243492 0.474096
0.0165652 0.389503
0.785573 0.342598
0.549008 0.725727
1.24325 0.0192185
0.710783 0.299816
0.455987 0.559882
0.157782 0.5567
0.100145 0.545637
1.1016 0.419624
0.426734 0.103751
0.789129 0.626229
0.0412119 0.827245
0.289829 0.201306
0.426183 0.216642
0.824572 0.383502
0.400977 0.50079
0.0858071 0.395015
0.55978 0.172235
1.40732 0.0196033
1.21254 0.443962
0.383564 0.850762
0.0579041 0.572548
0.0953286 0.631752
0.606913 0.626645
0.866276 0.0114404
0.0143513 0.608964
0.838081 0.293666
0.155224 0.47155
1.45103 0.170426
1.34946 0.295404
0.48462 0.81828
1.11466 0.0605329
0.742561 0.648255
0.113335 0.335522
0.130421 0.725968
0.247724 0.363424
0.816484 0.216101
1.29993 0.365103
0.382958 0.458601
0.53254 0.280926
0.0955567 0.96813
0.813394 0.17732
0.621834 0.474192
0.491812 0.306245
0.176113 0.531614
1.09406 0.64955
0.254386 0.831076
0.788155 0.16023
0.903415 0.133773
0.532239 0.571482
1.14523 0.224183
0.97728 0.313128
0.466165 0.750349
0.39778 0.904204
0.53516 0.275415
0.0384456 0.147992
0.186065 0.104882
0.337527 0.322891
0.47881 0.0165623
0.773905 0.275137
0.0922788 0.229858
0.833235 0.394859
0.42296 0.907877
0.83644 0.677458
0.259228 0.617647
1.24597 0.149115
1.12862 0.505057
0.515553 0.413715
0.504819 0.496093
0.733453 0.303503
0.372188 0.757252
0.889638 0.601716
1.13723 0.173468
0.570418 0.465119
0.330831 0.383533
0.473281 0.532984
0.412137 0.925107
0.297625 0.474702
0.767747 0.0358929
0.885767 0.312109
0.765179 0.489694
1.4643 0.239665
0.567942 0.422006
0.768338 0.664739
0.253522 0.169562
0.485142 0.143308
0.862837 0.0260558
0.1837 0.943071
0.791014 0.421299
1.20149 0.519818
1.04441 0.346324
0.0134522 0.605761
0.356126 0.91292
0.473681 0.388594
0.449913 0.514184
0.789748 0.584575
1.05282 0.259391
0.921804 0.336311
0.403703 0.777429
0.395125 0.844486
0.281058 0.147559
0.871055 0.0947291
0.790226 0.419342
0.871917 0.281529
1.12157 0.624059
1.41062 0.0174723
0.75953 0.732716
0.546039 0.679466
0.822166 0.301434
0.15944 0.228193
0.906813 0.398182
0.00795098 0.917126
0.343202 0.20435
0.0914831 0.856635
0.422983 0.623174
0.39031 0.913626
1.4689 0.0416425
0.0836052 0.0746638
0.742113 0.729969
1.03735 0.332657
0.46033 0.292493
0.26306 0.906138
0.841502 0.298737
0.189981 0.231671
1.00033 0.139952
0.210442 0.939587
0.486942 0.213483
1.18221 0.643381
1.27232 0.0721985
0.788102 0.74136
0.161004 0.094692
0.754378 0.172956
0.239517 0.0580626
1.46259 0.115924
1.01221 0.621868
0.634422 0.0295683
1.07416 0.630239
0.296984 0.888757
0.806517 0.554291
0.144596 0.366048
0.279565 0.938896
0.619806 0.754679
0.973211 0.552088
1.30378 0.21361
1.04788 0.018727
0.384223 0.627968
0.190435 0.975755
0.353339 0.583233
0.0075285 0.164197
0.308054 0.941029
0.960793 0.151136
0.0156501 0.412444
1.15209 0.221054
0.425984 0.351202
1.14022 0.40344
0.484162 0.155497
1.05249 0.0225934
1.01808 0.577068
0.334059 0.432628
0.844237 0.507876
0.0857004 0.730446
0.683992 0.310432
0.443631 0.488954
0.671261 0.531495
0.608119 0.147114
0.977033 0.441049
0.791757 0.464007
1.22288 0.437449
0.373653 0.532459
0.580516 0.606536
0.985655 0.138162
0.893759 0.395541
1.25226 0.311025
