1.15552 0.79844
1.68768 0.916195
2.57718 0.218257
0.725435 0.839112
0.698067 0.972775
0.566038 0.891529
1.20654 0.919026
0.336996 0.970634
1.46007 0.85092
0.618945 0.931835
1.5741 0.720952
0.622434 0.880075
1.71498 0.58864
0.936918 0.858676
0.621663 0.92397
0.979596 0.910972
1.67562 0.920128
1.99755 0.935004
1.18549 0.732654
0.935765 0.967405
0.909423 0.759735
0.811555 0.755581
3.42933 0.204329
2.43428 0.0540576
1.49969 0.819695
0.43036 0.992228
0.816834 0.877614
1.26416 0.925377
1.36843 0.831038
1.9212 0.743811
1.46415 0.983596
0.722256 0.971466
1.64165 0.450918
1.53105 0.684757
1.99124 0.00357857
1.72982 0.91893
1.12006 0.699075
1.63478 0.916273
1.48691 0.873979
0.655751 0.848942
1.27589 0.724252
0.45937 0.931895
1.48262 0.622095
1.27273 0.818128
0.604363 0.934495
0.939166 0.761778
1.39743 0.625665
1.99908 0.338243
1.15588 0.774386
1.34661 0.721006
2.0272 0.707909
1.54284 0.169649
0.888992 0.836104
1.15385 0.719462
0.781391 0.919591
0.982457 0.809785
0.753819 0.84391
1.1941 0.677812
0.933907 0.857555
0.952648 0.879009
1.25409 0.675654
1.35605 0.547397
1.07237 0.932485
0.780143 0.93342
1.61428 0.799646
0.936757 0.9953
1.59796 0.324541
1.37144 0.589157
0.906853 0.759324
1.14037 0.79491
1.1807 0.865085
1.36771 0.664414
0.812136 0.812947
0.675125 0.995165
0.89544 0.923513
0.620252 0.850586
1.69037 0.948911
1.44927 0.767014
1.67304 0.466169
1.40136 0.967277
1.1498 0.766448
1.11389 0.963505
0.931597 0.916523
0.852506 0.770686
1.41032 0.933273
0.908739 0.965682
1.45045 0.747638
1.65457 0.122326
1.34701 0.623194
1.03688 0.92454
1.65618 0.0138663
1.22 0.753383
0.504027 0.99797
1.41712 0.646712
1.12354 0.80333
1.41779 0.945502
1.22363 0.926068
1.57737 0.347546
1.31157 0.600763
0.74512 0.848
1.41862 0.611411
0.751083 0.821331
1.73206 0.736747
1.08093 0.922572
1.65341 0.10148
1.94318 0.845273
0.441743 0.943222
1.16119 0.684677
1.48908 0.867197
1.56081 0.109525
1.53369 0.221726
1.08737 0.934181
1.30353 0.831462
1.29097 0.735311
0.937446 0.947001
1.14633 0.936349
1.26254 0.812997
1.11796 0.774432
1.20238 0.749719
1.45777 0.432199
1.39194 0.67485
1.73744 0.775058
0.29312 0.994196
0.658823 0.828546
1.42672 0.711906
1.38527 0.986644
0.620858 0.853785
0.977787 0.786187
0.851004 0.967694
1.08325 0.970042
1.73063 0.0885283
1.44518 0.899521
0.853095 0.835533
1.19692 0.67256
0.506647 0.930854
1.4555 0.875604
1.56443 0.089655
1.23566 0.968395
1.7234 0.62406
0.514415 0.92542
1.00227 0.889511
0.965905 0.870053
0.64022 0.860784
1.3231 0.909512
0.546861 0.956111
1.51677 0.62788
0.735608 0.895354
1.44238 0.844113
1.62519 0.880725
1.37616 0.514849
1.83738 0.65376
0.917152 0.98498
0.905157 0.740175
1.67943 0.323755
1.54444 0.427295
0.739306 0.79092
1.1413 0.925511
1.61694 0.788265
1.04182 0.726846
1.15829 0.859441
1.58295 0.981453
0.946215 0.864873
0.463357 0.985946
1.12808 0.989541
1.05771 0.827615
0.537251 0.938963
1.41396 0.907046
1.81314 0.296372
1.56141 0.459365
0.991833 0.768804
2.08846 0.533253
1.13888 0.792311
0.796928 0.948708
1.58512 0.0894297
1.33312 0.804641
1.86438 0.195538
1.17467 0.861759
0.752766 0.993528
1.85048 0.519048
2.18738 0.473841
2.64398 0.756143
0.884523 0.752935
1.04979 0.746635
1.76245 0.264553
0.774674 0.946811
1.17711 0.690502
1.16001 0.676628
1.23216 0.638687
0.356363 0.970693
1.62307 0.825895
1.29277 0.625596
1.48648 0.317924
1.4267 0.728903
1.71594 0.254432
0.821291 0.843894
0.654418 0.943863
0.651486 0.839351
0.812847 0.762871
1.57653 0.900163
0.615519 0.967868
1.5542 0.844482
1.23612 0.892815
0.604893 0.984202
1.68669 0.75959
1.70032 0.333832
0.619375 0.880596
0.95443 0.936754
1.25552 0.91625
1.52518 0.699344
1.33015 0.848023
1.26176 0.650421
2.00045 0.29644
0.95689 0.827056
0.447838 0.931014
1.8738 0.153923
1.88955 0.455442
1.07894 0.84613
2.37353 0.748551
0.50279 0.98198
0.605751 0.904539
0.866787 0.839868
1.57339 0.0924893
0.910421 0.927706
1.28297 0.99562
1.48706 0.886031
1.05414 0.711434
1.55973 0.846611
0.4698 0.962637
1.40206 0.794247
1.40888 0.735307
1.07945 0.727776
0.870817 0.990165
1.18339 0.703416
0.969127 0.845527
1.24187 0.89501
0.811206 0.845633
1.47401 0.843179
0.816229 0.773016
0.918678 0.918992
1.11495 0.690731
0.778787 0.910726
1.63802 0.772644
1.10389 0.693311
1.14223 0.833062
1.29909 0.959096
1.02641 0.941311
0.777026 0.913355
1.5744 0.267578
2.06383 0.514525
1.15538 0.732138
0.96005 0.888799
1.25679 0.761029
0.134248 0.998142
0.602336 0.971047
1.43455 0.726169
1.68176 0.445079
0.882584 0.964248
1.59525 0.426904
1.38788 0.620058
0.691208 0.993774
1.72555 0.253276
0.973087 0.748768
1.74684 0.126016
2.08064 0.528705
1.22196 0.895125
1.52926 0.240937
