1.15552 0.79844
1.68768 0.916195
2.57718 0.218257
0.725435 0.839112
0.698067 0.972775
0.566038 0.891529
1.20654 0.919026
0.336996 0.970634
1.46007 0.85092
0.618945 0.931835
1.5741 0.720952
0.622434 0.880075
1.71498 0.58864
0.936918 0.858676
0.621663 0.92397
0.979596 0.910972
1.67562 0.920128
1.99755 0.935004
1.18549 0.732654
0.935765 0.967405
0.909423 0.759735
0.811555 0.755581
3.42933 0.204329
2.43428 0.0540576
1.49969 0.819695
0.43036 0.992228
0.816834 0.877614
1.26416 0.925377
1.36843 0.831038
