1.15552 0.79844
1.68768 0.916195
2.57718 0.218257
0.725435 0.839112
0.698067 0.972775
0.566038 0.891529
1.20654 0.919026
0.336996 0.970634
1.46007 0.85092
0.618945 0.931835
1.5741 0.720952
0.622434 0.880075
1.71498 0.58864
0.936918 0.858676
0.621663 0.92397
0.979596 0.910972
1.67562 0.920128
1.99755 0.935004
1.18549 0.732654
0.935765 0.967405
0.909423 0.759735
0.811555 0.755581
3.42933 0.204329
2.43428 0.0540576
1.49969 0.819695
0.43036 0.992228
0.816834 0.877614
1.26416 0.925377
1.36843 0.831038
1.9212 0.743811
1.46415 0.983596
0.722256 0.971466
1.64165 0.450918
1.53105 0.684757
1.99124 0.00357857
1.72982 0.91893
1.12006 0.699075
1.63478 0.916273
1.48691 0.873979
0.655751 0.848942
1.27589 0.724252
0.45937 0.931895
1.48262 0.622095
1.27273 0.818128
0.604363 0.934495
0.939166 0.761778
1.39743 0.625665
1.99908 0.338243
1.15588 0.774386
1.34661 0.721006
2.0272 0.707909
1.54284 0.169649
0.888992 0.836104
1.15385 0.719462
0.781391 0.919591
0.982457 0.809785
0.753819 0.84391
1.1941 0.677812
0.933907 0.857555
0.952648 0.879009
1.25409 0.675654
1.35605 0.547397
1.07237 0.932485
0.780143 0.93342
1.61428 0.799646
0.936757 0.9953
1.59796 0.324541
1.37144 0.589157
0.906853 0.759324
1.14037 0.79491
1.1807 0.865085
1.36771 0.664414
0.812136 0.812947
0.675125 0.995165
0.89544 0.923513
0.620252 0.850586
1.69037 0.948911
1.44927 0.767014
1.67304 0.466169
1.40136 0.967277
1.1498 0.766448
1.11389 0.963505
0.931597 0.916523
0.852506 0.770686
1.41032 0.933273
0.908739 0.965682
1.45045 0.747638
1.65457 0.122326
1.34701 0.623194
1.03688 0.92454
1.65618 0.0138663
1.22 0.753383
0.504027 0.99797
1.41712 0.646712
1.12354 0.80333
1.41779 0.945502
1.22363 0.926068
1.57737 0.347546
1.31157 0.600763
0.74512 0.848
1.41862 0.611411
0.751083 0.821331
1.73206 0.736747
1.08093 0.922572
1.65341 0.10148
1.94318 0.845273
0.441743 0.943222
1.16119 0.684677
1.48908 0.867197
1.56081 0.109525
1.53369 0.221726
1.08737 0.934181
1.30353 0.831462
1.29097 0.735311
0.937446 0.947001
1.14633 0.936349
1.26254 0.812997
1.11796 0.774432
1.20238 0.749719
1.45777 0.432199
1.39194 0.67485
1.73744 0.775058
0.29312 0.994196
0.658823 0.828546
1.42672 0.711906
