1.28088 0.394383
1.49443 0.197551
0.474101 0.76823
0.392853 0.55397
0.675176 0.628871
0.515909 0.513401
0.903722 0.717297
0.200266 0.606969
0.0230537 0.242887
0.194085 0.804177
0.221589 0.400944
0.183561 0.108809
0.869082 0.296032
0.90652 0.524287
0.413702 0.771358
0.744999 0.769914
0.400688 0.352458
0.0986539 0.949327
0.743936 0.0860558
0.271845 0.663227
1.41996 0.348893
0.0907566 0.020023
0.647321 0.0630958
0.377142 0.53976
0.53065 0.760249
0.724873 0.667724
0.751897 0.0392803
0.402072 0.738534
0.910217 0.354049
0.9855 0.165974
1.25466 0.330337
0.323826 0.893372
0.495509 0.68667
0.563503 0.814767
0.68238 0.215825
0.208833 0.881062
0.911899 0.431953
0.879446 0.281059
1.16133 0.307458
0.632233 0.226107
0.265225 0.276235
0.787295 0.416501
0.239873 0.906804
0.145914 0.126075
0.700699 0.760475
0.979962 0.383188
1.09192 0.368664
0.416027 0.232262
0.827737 0.244413
0.215523 0.732149
0.177457 0.79347
0.232087 0.745071
0.105406 0.950104
0.0742914 0.521563
0.249212 0.240062
0.132208 0.134902
0.735738 0.0782321
0.0988676 0.204655
0.65258 0.819677
0.0734563 0.157807
1.41908 0.125468
1.36062 0.0723288
0.0058857 0.923069
0.841451 0.180372
0.230715 0.39169
0.507863 0.552485
0.820395 0.452576
0.98473 0.0996401
0.750764 0.757294
1.08833 0.62891
0.0500953 0.747803
0.951923 0.497259
0.231898 0.830012
1.41586 0.0769947
0.925142 0.248044
0.894288 0.229137
1.00645 0.316867
0.464985 0.231428
0.104885 0.633072
0.316314 0.651132
0.396059 0.546107
1.03791 0.113281
0.666812 0.59254
0.475697 0.847684
0.614526 0.00323146
0.487848 0.598481
1.26417 0.233892
0.965556 0.48295
0.681595 0.304956
1.02567 0.182556
0.882777 0.0408643
0.585491 0.695984
0.963102 0.63764
0.490921 0.184622
0.863841 0.627158
1.0578 0.328374
1.07502 0.202213
0.930435 0.257265
0.753082 0.0876436
0.368417 0.877384
0.982682 0.0937402
0.157376 0.361601
0.816428 0.593211
0.951412 0.288778
1.14104 0.288379
0.466208 0.189751
1.25045 0.331479
0.26617 0.436497
0.171331 0.685786
0.542848 0.774274
1.33671 0.203548
1.17691 0.548042
0.420451 0.904932
0.704518 0.5762
0.230185 0.273911
1.34398 0.492399
0.701454 0.291053
0.255167 0.684178
1.05224 0.139058
0.854983 0.492422
0.252036 0.221966
0.705057 0.121259
0.195509 0.360443
0.701591 0.334972
0.557691 0.658831
0.863511 0.258906
0.213882 0.072545
0.152528 0.647207
0.514232 0.28827
0.468674 0.0911486
0.826402 0.265461
0.689361 0.157272
0.732204 0.207844
0.788895 0.426199
1.25638 0.394388
0.345548 0.326013
1.0554 0.638654
1.44409 0.136075
0.580972 0.00540855
0.415345 0.114668
0.0695298 0.449105
0.298249 0.473894
1.34563 0.0939195
0.140805 0.382896
0.426779 0.65712
1.2095 0.131702
0.0728474 0.0534223
0.647341 0.780868
0.992374 0.44256
0.168457 0.589637
0.819243 0.529899
0.843139 0.361917
0.430347 0.888723
0.674027 0.16982
0.864764 0.525747
0.878444 0.596196
0.330457 0.829808
0.0991276 0.0988374
0.681309 0.225491
1.24901 0.290829
0.505173 0.878278
0.486869 0.814909
0.93979 0.0363274
0.364135 0.778257
0.435821 0.221009
0.280058 0.612442
0.155193 0.674605
0.283355 0.401188
0.446431 0.434009
0.326694 0.385748
0.753657 0.154724
0.785798 0.0145793
0.537732 0.382167
0.431934 0.737408
0.368343 0.649659
1.00186 0.31195
0.919265 0.00600477
0.877729 0.642693
0.733337 0.400709
0.51219 0.718867
0.21621 0.0328927
0.0898928 0.685722
0.265343 0.618958
1.00592 0.567831
0.00159175 0.00570914
0.431695 0.26157
0.256214 0.341354
0.930706 0.31323
1.40351 0.186265
0.22224 0.503461
1.467 0.191112
0.557966 0.706067
0.329697 0.926576
0.699233 0.552568
1.22052 0.594497
0.371652 0.604379
0.665512 0.166955
0.583368 0.611981
0.845855 0.645602
0.761773 0.148342
0.819803 0.0329634
1.00693 0.518151
1.26267 0.515049
0.159316 0.48981
0.721779 0.0484997
1.22098 0.384658
0.906678 0.452122
0.203632 0.413078
0.349375 0.406767
0.0246886 0.717597
0.825112 0.446743
0.0830514 0.0742604
0.911419 0.59728
0.314823 0.219788
1.07055 0.462852
0.471762 0.536743
0.309921 0.477551
0.259897 0.458039
1.46918 0.257585
0.469325 0.402379
0.793516 0.554448
0.883292 0.191028
0.675973 0.360105
0.297978 0.606542
1.34633 0.109778
0.528315 0.199003
0.920235 0.592692
0.967278 0.596341
0.0832456 0.560872
0.797583 0.242626
0.0267452 0.343841
0.0128324 0.923692
0.244763 0.447982
0.689776 0.795231
0.21969 0.292889
1.39489 0.366028
0.672925 0.272987
0.260322 0.282284
0.23642 0.202977
0.889234 0.176239
0.179147 0.227552
0.227452 0.119989
0.653185 0.648545
1.50818 0.100857
0.87144 0.070557
0.556869 0.496431
0.617456 0.293177
0.345183 0.912391
0.801245 0.190709
0.0490988 0.431844
0.0504425 0.523548
0.284196 0.661792
1.00507 0.327616
0.482954 0.0501679
1.00329 0.681922
1.46706 0.31294
1.09689 0.297933
1.21009 0.189064
0.837385 0.0534394
0.143485 0.157275
0.345296 0.136171
0.834478 0.0580523
0.0792314 0.92522
0.663371 0.256969
0.831407 0.168837
0.827877 0.476355
0.744684 0.58225
1.05547 0.225236
0.373614 0.633585
0.761231 0.0166506
0.290939 0.522629
0.567108 0.307168
0.972644 0.645134
0.627008 0.269022
1.01072 0.332892
0.303398 0.759208
0.365044 0.683574
0.0228796 0.845123
0.454661 0.66796
0.353869 0.256228
0.103576 0.514382
0.486457 0.359942
0.0621088 0.0238632
0.0071792 0.487254
0.414224 0.708262
1.2339 0.50741
0.661137 0.0782579
0.270105 0.483648
1.54137 0.0433947
0.119381 0.244858
1.02443 0.611241
0.131328 0.961565
1.35198 0.166094
0.673126 0.757282
1.14444 0.00698012
0.81921 0.736462
0.136343 0.787642
0.388782 0.239321
1.2109 0.0950428
1.08637 0.277214
0.245097 0.937714
1.11248 0.0966814
0.483035 0.692463
0.645641 0.434398
0.931827 0.323983
0.851132 0.129976
0.114932 0.377997
0.193695 0.659878
0.161878 0.880683
0.824775 0.210863
0.954204 0.528885
1.12641 0.122086
0.0541174 0.514936
0.564724 0.211565
0.640176 0.160162
0.435949 0.433758
0.00768649 0.649787
0.178514 0.461949
0.119061 0.78025
0.0886389 0.0471826
0.745467 0.177133
0.548737 0.596191
0.907825 0.70034
0.762992 0.406615
1.23906 0.577678
1.16789 0.374201
0.540098 0.0974906
1.20704 0.387323
1.02965 0.635204
0.729972 0.624658
0.710538 0.578813
0.959771 0.0294762
1.1033 0.599707
0.196587 0.143942
0.277056 0.77741
0.260264 0.666707
0.442657 0.105576
1.41422 0.102233
0.678542 0.270321
0.282467 0.287736
0.313855 0.506915
0.200996 0.294601
0.793836 0.64452
1.36884 0.232848
0.963197 0.629359
1.13624 0.0284525
0.836358 0.617582
0.402066 0.0767534
1.38825 0.172722
0.253138 0.359786
0.626589 0.37871
0.921776 0.100686
0.460649 0.86944
0.861613 0.104174
0.563982 0.366796
0.557566 0.272189
0.849885 0.0682348
0.651493 0.471639
0.413582 0.224415
0.348015 0.576721
0.425939 0.12608
1.09132 0.480155
0.687153 0.192486
1.32851 0.133388
0.414628 0.184577
0.00399931 0.900772
0.408377 0.808617
0.926352 0.687527
0.248084 0.0447295
0.159764 0.861265
0.758301 0.667908
0.573164 0.193493
1.27553 0.154711
0.962643 0.323852
0.491035 0.532514
0.646668 0.640368
1.03418 0.460067
0.765449 0.00584319
0.379996 0.19163
0.994494 0.444097
0.33428 0.653087
0.309948 0.349324
0.727443 0.426412
0.485835 0.0504663
0.133395 0.809355
0.737226 0.28428
0.254764 0.359247
0.546337 0.140338
0.60327 0.10339
0.154487 0.86909
0.22533 0.802604
0.442936 0.395684
0.644476 0.532342
0.0290047 0.0530733
0.0561712 0.419144
0.259947 0.219853
1.14619 0.622791
0.104145 0.461489
0.578412 0.459936
0.797166 0.202232
0.10087 0.962551
0.672017 0.384509
1.5146 0.103244
0.27122 0.921405
0.719587 0.00472651
0.266237 0.287189
0.89133 0.261886
1.08992 0.0364959
1.0423 0.350505
1.36486 0.285149
0.781993 0.675255
0.906906 0.432873
0.0121185 0.996042
0.140418 0.264624
1.19226 0.291057
0.263098 0.729702
0.538436 0.00695418
0.0165198 0.886344
0.249905 0.639199
0.20964 0.925379
0.390179 0.547723
0.2195 0.828622
0.315355 0.112911
0.772066 0.46125
0.246278 0.187693
0.349566 0.360164
0.51921 0.615491
0.731745 0.378799
0.709738 0.694091
0.0254539 0.650066
0.879257 0.693692
0.34143 0.67532
1.04602 0.464393
1.16583 0.176656
0.459893 0.334016
0.907059 0.182003
0.344418 0.0245755
0.195332 0.417663
0.300209 0.385282
1.14508 0.129663
0.0186141 0.144946
1.08351 0.530552
0.740747 0.24699
0.31771 0.541743
0.332972 0.417174
1.07328 0.47685
0.130813 0.463442
0.9104 0.26642
0.303705 0.278005
0.634198 0.458269
0.427935 0.586537
1.18739 0.389667
0.729114 0.322451
1.34292 0.533712
0.827445 0.0996293
0.816123 0.043379
1.16374 0.517722
1.1576 0.138845
1.01425 0.232565
0.84617 0.00788008
1.23155 0.473045
0.179339 0.167241
0.78796 0.291431
0.35069 0.193564
0.0447004 0.112157
1.05176 0.615894
0.299526 0.678161
0.432754 0.645644
0.218 0.0901297
0.456383 0.381603
1.35157 0.141796
1.31738 0.39005
0.788509 0.708616
1.47705 0.114199
6.62984e-05 0.154927
0.435265 0.0316532
0.377732 0.0350389
0.921815 0.478869
1.02756 0.587197
0.377804 0.43474
0.444147 0.573122
0.113686 0.468185
0.348587 0.194948
0.180665 0.101124
0.828477 0.0604589
0.116787 0.142289
0.362748 0.769121
0.204319 0.564252
1.19173 0.411551
0.849366 0.448322
1.42057 0.312491
0.0502344 0.157555
1.08728 0.349562
1.22852 0.393928
0.993048 0.145373
0.481311 0.507617
0.0566946 0.925318
0.803996 0.122664
0.0956168 0.33715
0.15869 0.324096
0.150299 0.256673
0.954044 0.487639
0.502593 0.558645
1.19037 0.390888
1.03266 0.54736
1.07504 0.446876
0.530321 0.558198
1.28239 0.0674623
1.01136 0.220679
0.00908764 0.0438913
1.05354 0.0465127
0.239264 0.0368176
0.9004 0.281382
0.510435 0.739794
0.761061 0.249262
0.920727 0.20628
1.0687 0.00220922
1.12016 0.53703
0.555952 0.481124
0.119352 0.133548
0.745116 0.395316
0.621165 0.717779
0.820881 0.408417
0.0200124 0.748942
0.629689 0.647672
0.0428868 0.806149
0.547988 0.568379
0.0783665 0.0343068
0.0516441 0.539584
0.465783 0.429613
0.0292871 0.413732
1.36793 0.254906
1.0349 0.399924
0.925938 0.706995
0.600751 0.512941
0.704097 0.438924
0.370378 0.943081
0.122472 0.292207
1.09093 0.474063
0.718979 0.635246
0.845933 0.544885
0.24726 0.926294
0.480893 0.53766
0.204005 0.213122
0.869685 0.442789
0.804972 0.546222
0.0836738 0.0300651
0.61161 0.321047
0.869995 0.722377
0.745386 0.50148
0.15428 0.123969
0.0655736 0.283917
0.0710866 0.0208639
0.678086 0.390289
0.790275 0.623701
0.855429 0.35109
0.686579 0.216457
1.17737 0.054214
1.1159 0.326097
0.0675205 0.821842
0.503715 0.480193
0.202086 0.329309
0.0730976 0.992352
0.325263 0.578702
0.698419 0.339071
1.00986 0.540197
0.793912 0.102443
0.20256 0.119584
0.665668 0.211604
0.375943 0.725771
0.836712 0.31356
0.390512 0.792995
0.631683 0.327805
1.47539 0.279178
0.0222032 0.609179
0.512134 0.380434
1.07626 0.505339
0.707169 0.467274
0.970999 0.215066
0.332704 0.944697
0.365249 0.48845
1.13508 0.0520103
0.253089 0.0488258
0.532664 0.630351
0.427432 0.283138
0.154634 0.697741
1.11044 0.609356
0.233379 0.0117453
0.320776 0.815294
1.16656 0.167648
0.912064 0.0468473
0.935042 0.413894
0.139813 0.83505
0.173235 0.483742
0.114268 0.0148069
0.300741 0.0374063
0.380781 0.321982
1.06559 0.0290106
0.0576405 0.511386
1.08153 0.267567
0.462019 0.532647
0.820487 0.0913142
0.539921 0.678351
0.883363 0.387011
0.978972 0.196428
0.211976 0.806322
0.973072 0.230677
0.379147 0.0903681
0.303785 0.00323105
0.168836 0.146135
1.46424 0.160135
0.937257 0.64745
0.254708 0.862918
0.252187 0.0601557
0.378473 0.862147
0.362882 0.417489
0.922768 0.489597
0.821171 0.0443661
0.269423 0.822875
0.665174 0.287181
0.212283 0.784295
0.579873 0.104331
0.167064 0.847953
1.48123 0.252535
0.224287 0.164692
0.143473 0.318191
0.331567 0.896618
0.844483 0.165882
0.0196655 0.447123
0.137955 0.892721
0.895714 0.507555
0.0636301 0.263617
0.33167 0.203578
0.0433248 0.529754
0.315003 0.347287
0.651658 0.457171
0.344951 0.436149
0.853395 0.587891
0.417652 0.615935
0.0495196 0.037932
0.653492 0.132558
0.366635 0.1442
0.126733 0.687545
0.0689302 0.120243
0.307324 0.271468
0.66122 0.678068
0.161535 0.339732
0.779941 0.716247
0.134632 0.815197
1.05815 0.652588
0.165464 0.291188
0.00370907 0.687294
0.262159 0.553925
0.570722 0.112988
0.566473 0.735723
0.106955 0.28508
0.749574 0.170819
0.14182 0.416706
0.204339 0.637054
0.701156 0.75829
0.890879 0.292555
0.652984 0.304929
0.195287 0.285365
0.28277 0.255076
0.142432 0.579176
0.651009 0.286074
0.188242 0.86385
0.564388 0.533636
0.84978 0.474687
1.23069 0.129542
0.772728 0.551633
0.266857 0.257939
0.635043 0.815905
0.170894 0.688576
0.277328 0.320772
0.132643 0.0443619
0.497573 0.554097
0.467331 0.484919
0.591097 0.729499
0.0262432 0.0175198
0.288777 0.837272
0.207988 0.849692
0.567588 0.518436
0.543144 0.590012
0.574083 0.326868
1.08104 0.526751
0.021842 0.939879
0.00489071 0.0643416
0.700648 0.333894
0.0896555 0.567817
0.572911 0.0779371
0.165854 0.161353
1.13226 0.518596
0.972459 0.155289
0.153602 0.456162
0.0583761 0.798474
1.10632 0.384539
0.634846 0.325518
0.337835 0.158316
0.800949 0.169748
0.350298 0.543165
0.187252 0.0189329
0.0873471 0.812189
0.2464 0.170368
0.379525 0.162573
0.980687 0.0513816
1.30501 0.566728
0.872544 0.607427
0.521101 0.400148
1.13101 0.463378
0.563295 0.00947013
0.253466 0.0475882
0.836863 0.067696
0.63054 0.652514
1.2401 0.148236
1.15458 0.507775
0.282316 0.677342
0.330863 0.0494732
0.345184 0.848912
0.936288 0.195336
0.415787 0.0253549
0.843782 0.0645876
0.104739 0.110427
0.223479 0.893318
0.567527 0.840899
1.08518 0.224164
1.05993 0.188752
0.291409 0.965882
0.336918 0.450117
0.918595 0.108785
0.245199 0.409213
0.331949 0.247431
0.73493 0.192734
0.708142 0.677655
