1.28088 0.394383
1.49443 0.197551
0.474101 0.76823
0.392853 0.55397
0.675176 0.628871
0.515909 0.513401
0.903722 0.717297
0.200266 0.606969
0.0230537 0.242887
0.194085 0.804177
0.221589 0.400944
0.183561 0.108809
0.869082 0.296032
0.90652 0.524287
0.413702 0.771358
0.744999 0.769914
0.400688 0.352458
0.0986539 0.949327
0.743936 0.0860558
0.271845 0.663227
1.41996 0.348893
0.0907566 0.020023
0.647321 0.0630958
0.377142 0.53976
0.53065 0.760249
0.724873 0.667724
0.751897 0.0392803
0.402072 0.738534
0.910217 0.354049
0.9855 0.165974
1.25466 0.330337
0.323826 0.893372
0.495509 0.68667
0.563503 0.814767
