1.15552 0.79844
1.68768 0.916195
2.57718 0.218257
0.725435 0.839112
0.698067 0.972775
0.566038 0.891529
1.20654 0.919026
0.336996 0.970634
1.46007 0.85092
0.618945 0.931835
1.5741 0.720952
0.622434 0.880075
1.71498 0.58864
0.936918 0.858676
0.621663 0.92397
0.979596 0.910972
1.67562 0.920128
1.99755 0.935004
1.18549 0.732654
0.935765 0.967405
0.909423 0.759735
0.811555 0.755581
3.42933 0.204329
2.43428 0.0540576
1.49969 0.819695
0.43036 0.992228
0.816834 0.877614
1.26416 0.925377
1.36843 0.831038
1.9212 0.743811
1.46415 0.983596
0.722256 0.971466
1.64165 0.450918
1.53105 0.684757
1.99124 0.00357857
1.72982 0.91893
1.12006 0.699075
1.63478 0.916273
1.48691 0.873979
0.655751 0.848942
1.27589 0.724252
0.45937 0.931895
1.48262 0.622095
1.27273 0.818128
0.604363 0.934495
0.939166 0.761778
1.39743 0.625665
1.99908 0.338243
1.15588 0.774386
1.34661 0.721006
2.0272 0.707909
1.54284 0.169649
0.888992 0.836104
1.15385 0.719462
0.781391 0.919591
0.982457 0.809785
0.753819 0.84391
1.1941 0.677812
0.933907 0.857555
0.952648 0.879009
1.25409 0.675654
1.35605 0.547397
1.07237 0.932485
0.780143 0.93342
1.61428 0.799646
0.936757 0.9953
1.59796 0.324541
1.37144 0.589157
0.906853 0.759324
1.14037 0.79491
1.1807 0.865085
1.36771 0.664414
0.812136 0.812947
0.675125 0.995165
0.89544 0.923513
0.620252 0.850586
1.69037 0.948911
1.44927 0.767014
1.67304 0.466169
1.40136 0.967277
1.1498 0.766448
1.11389 0.963505
0.931597 0.916523
0.852506 0.770686
1.41032 0.933273
0.908739 0.965682
1.45045 0.747638
1.65457 0.122326
1.34701 0.623194
1.03688 0.92454
1.65618 0.0138663
1.22 0.753383
0.504027 0.99797
1.41712 0.646712
1.12354 0.80333
1.41779 0.945502
1.22363 0.926068
1.57737 0.347546
1.31157 0.600763
0.74512 0.848
1.41862 0.611411
0.751083 0.821331
1.73206 0.736747
1.08093 0.922572
1.65341 0.10148
1.94318 0.845273
0.441743 0.943222
1.16119 0.684677
1.48908 0.867197
1.56081 0.109525
1.53369 0.221726
1.08737 0.934181
1.30353 0.831462
1.29097 0.735311
0.937446 0.947001
1.14633 0.936349
1.26254 0.812997
1.11796 0.774432
1.20238 0.749719
1.45777 0.432199
1.39194 0.67485
1.73744 0.775058
0.29312 0.994196
0.658823 0.828546
1.42672 0.711906
1.38527 0.986644
0.620858 0.853785
0.977787 0.786187
0.851004 0.967694
1.08325 0.970042
1.73063 0.0885283
1.44518 0.899521
0.853095 0.835533
1.19692 0.67256
0.506647 0.930854
1.4555 0.875604
1.56443 0.089655
1.23566 0.968395
1.7234 0.62406
0.514415 0.92542
1.00227 0.889511
0.965905 0.870053
0.64022 0.860784
1.3231 0.909512
0.546861 0.956111
1.51677 0.62788
0.735608 0.895354
1.44238 0.844113
1.62519 0.880725
1.37616 0.514849
1.83738 0.65376
0.917152 0.98498
0.905157 0.740175
1.67943 0.323755
1.54444 0.427295
0.739306 0.79092
1.1413 0.925511
1.61694 0.788265
1.04182 0.726846
1.15829 0.859441
1.58295 0.981453
0.946215 0.864873
0.463357 0.985946
1.12808 0.989541
1.05771 0.827615
0.537251 0.938963
1.41396 0.907046
1.81314 0.296372
1.56141 0.459365
0.991833 0.768804
2.08846 0.533253
1.13888 0.792311
0.796928 0.948708
1.58512 0.0894297
1.33312 0.804641
1.86438 0.195538
1.17467 0.861759
0.752766 0.993528
1.85048 0.519048
2.18738 0.473841
2.64398 0.756143
0.884523 0.752935
1.04979 0.746635
1.76245 0.264553
0.774674 0.946811
1.17711 0.690502
1.16001 0.676628
1.23216 0.638687
0.356363 0.970693
1.62307 0.825895
1.29277 0.625596
1.48648 0.317924
1.4267 0.728903
1.71594 0.254432
0.821291 0.843894
0.654418 0.943863
0.651486 0.839351
0.812847 0.762871
1.57653 0.900163
0.615519 0.967868
1.5542 0.844482
1.23612 0.892815
0.604893 0.984202
1.68669 0.75959
1.70032 0.333832
0.619375 0.880596
0.95443 0.936754
1.25552 0.91625
1.52518 0.699344
1.33015 0.848023
1.26176 0.650421
2.00045 0.29644
0.95689 0.827056
0.447838 0.931014
1.8738 0.153923
1.88955 0.455442
1.07894 0.84613
2.37353 0.748551
0.50279 0.98198
0.605751 0.904539
0.866787 0.839868
1.57339 0.0924893
0.910421 0.927706
1.28297 0.99562
1.48706 0.886031
1.05414 0.711434
1.55973 0.846611
0.4698 0.962637
1.40206 0.794247
1.40888 0.735307
1.07945 0.727776
0.870817 0.990165
1.18339 0.703416
0.969127 0.845527
1.24187 0.89501
0.811206 0.845633
1.47401 0.843179
0.816229 0.773016
0.918678 0.918992
1.11495 0.690731
0.778787 0.910726
1.63802 0.772644
1.10389 0.693311
1.14223 0.833062
1.29909 0.959096
1.02641 0.941311
0.777026 0.913355
1.5744 0.267578
2.06383 0.514525
1.15538 0.732138
0.96005 0.888799
1.25679 0.761029
0.134248 0.998142
0.602336 0.971047
1.43455 0.726169
1.68176 0.445079
0.882584 0.964248
1.59525 0.426904
1.38788 0.620058
0.691208 0.993774
1.72555 0.253276
0.973087 0.748768
1.74684 0.126016
2.08064 0.528705
1.22196 0.895125
1.52926 0.240937
0.823661 0.783807
1.93256 0.572763
1.2331 0.742802
0.889198 0.803434
0.842908 0.983497
2.07897 0.341622
0.510006 0.923792
1.53832 0.499278
1.13064 0.920094
1.05054 0.967568
0.74403 0.810791
1.47031 0.51512
1.1329 0.872841
1.28142 0.802663
1.65393 0.0331482
1.02931 0.799678
1.22278 0.656539
0.80216 0.787027
0.702094 0.975215
0.232815 0.987547
2.29448 0.423962
0.956648 0.734543
0.802882 0.893259
1.35479 0.718831
1.01605 0.85288
0.646403 0.855419
1.67158 0.321171
1.81401 0.699603
2.12778 0.486648
1.13117 0.84323
0.79801 0.939791
1.33071 0.85913
1.73082 0.972059
1.51806 0.433114
0.892344 0.852391
0.789935 0.889154
0.592282 0.941299
2.33353 0.336502
0.767025 0.900895
1.30996 0.683453
0.557596 0.893909
0.941596 0.885474
1.10283 0.753379
1.44402 0.780595
0.613358 0.907284
0.707234 0.975934
1.61424 0.126812
1.43893 0.669759
0.965994 0.852622
0.669445 0.955938
0.518736 0.936315
1.02907 0.943315
1.46986 0.77738
0.83065 0.969849
1.55182 0.723902
1.84103 0.477862
0.643213 0.927244
0.932247 0.892051
1.43903 0.744207
1.47992 0.636959
0.621116 0.953683
2.3036 0.113274
2.27305 0.903662
1.90558 0.806693
1.54407 0.467823
1.92525 0.937826
1.48924 0.80044
0.91849 0.795537
1.87492 0.123695
1.09134 0.686988
0.682429 0.950893
0.304974 0.992768
1.36737 0.561902
2.06921 0.307532
0.792248 0.883004
1.65317 0.995253
1.63697 0.48283
0.751397 0.791725
1.44718 0.804625
1.75806 0.611279
1.34243 0.997875
1.74577 0.230139
0.740075 0.821779
1.74431 0.119752
1.32398 0.865927
2.78734 0.983039
1.47831 0.966868
1.60982 0.354221
1.54129 0.813177
1.81189 0.284316
1.35102 0.827268
1.53478 0.991751
0.953966 0.934312
0.653244 0.882242
0.390612 0.974865
0.423968 0.95185
2.23867 0.221587
1.63774 0.522588
1.54355 0.41675
1.55588 0.837454
0.497202 0.962112
0.780541 0.764924
0.680025 0.939454
0.836252 0.808488
1.4421 0.752861
1.86332 0.0434146
1.11128 0.696513
1.82414 0.737724
2.03553 0.991413
0.320854 0.967726
0.622507 0.876748
1.63311 0.486873
1.06727 0.773503
1.21038 0.962958
1.62772 0.596958
1.18453 0.900065
2.20231 0.7269
1.93337 0.20767
1.15178 0.789879
1.98965 0.537536
2.0485 0.578006
1.04895 0.771367
0.80923 0.815402
1.55208 0.648451
0.924981 0.910142
1.34209 0.789231
0.670095 0.91406
1.83013 0.550689
2.06448 0.7396
2.77674 0.128624
1.13829 0.751912
1.25696 0.745415
0.853675 0.931535
1.25587 0.917979
1.47158 0.899026
1.24631 0.968939
1.53488 0.163796
0.827218 0.930723
1.22607 0.912683
1.21518 0.975807
1.74973 0.95093
1.92415 0.787003
1.52676 0.901503
1.67891 0.548708
1.28856 0.666005
1.61832 0.173089
0.849114 0.890718
0.919608 0.80367
1.28448 0.766387
0.719206 0.906575
1.54441 0.999412
1.41963 0.782633
0.462871 0.9995
1.66357 0.987263
1.35045 0.557279
0.686406 0.844667
0.598539 0.986235
1.63123 0.446662
1.51409 0.55029
0.365407 0.974037
0.694754 0.94576
1.32084 0.761661
0.598943 0.859242
1.86963 0.39942
0.845276 0.833182
0.880162 0.760137
1.58576 0.71717
2.18786 0.342998
0.311792 0.974202
2.01171 0.0320382
0.824244 0.803575
1.16404 0.900294
0.92848 0.963527
1.30796 0.979052
1.68816 0.0744578
0.783499 0.824041
1.50606 0.69673
1.10893 0.908104
0.686011 0.833099
1.48715 0.339058
1.65356 0.862016
1.59131 0.997451
0.834081 0.897011
1.20094 0.769599
1.10834 0.676745
1.57752 0.148539
1.88514 0.416609
1.95047 0.886116
1.10278 0.928099
1.7551 0.548048
2.06709 0.623672
1.21762 0.840433
1.38417 0.744372
2.07707 0.855051
1.07632 0.916649
1.44798 0.489298
0.883028 0.790989
1.70119 0.552387
0.66335 0.938456
1.30744 0.942188
1.67936 0.472796
0.729543 0.806963
1.55043 0.991897
0.619799 0.860217
1.68392 0.704757
0.809058 0.776935
1.52394 0.451175
1.15439 0.664243
0.371067 0.958293
1.44265 0.852104
0.595967 0.866327
0.49469 0.919412
1.75298 0.474651
0.337229 0.998525
1.89449 0.897897
0.927022 0.80208
0.961827 0.940884
1.33234 0.801065
1.18734 0.946698
1.22217 0.916378
1.61512 0.255828
0.960306 0.97504
2.79178 0.342763
0.896062 0.894532
1.57509 0.227711
2.15323 0.282532
1.36828 0.757655
1.79033 0.290041
0.744188 0.820428
0.751242 0.776571
1.53768 0.496818
1.99161 0.517026
0.460858 0.950959
1.20512 0.852032
1.48574 0.360192
1.38829 0.909638
0.382152 0.962342
0.853813 0.84039
1.28743 0.989258
1.04704 0.968549
1.3213 0.987332
2.27306 0.736162
1.4421 0.426496
1.43696 0.991152
0.765357 0.772392
0.436697 0.995223
0.407166 0.966503
0.404409 0.968185
0.837679 0.7603
1.62014 0.824109
0.801354 0.961854
1.31823 0.936856
1.92251 0.501846
1.3835 0.687377
0.308114 0.989175
1.31484 0.787929
1.04743 0.84733
1.72124 0.794745
2.24383 0.0687289
0.672693 0.997655
1.06477 0.846663
1.37484 0.848144
1.09358 0.862092
1.76959 0.587305
0.657374 0.82763
0.868745 0.761183
1.25488 0.993064
1.07385 0.831339
1.91303 0.512422
0.921147 0.778193
1.43436 0.789437
1.76773 0.669833
0.935666 0.878644
0.921632 0.890086
0.975691 0.727863
0.528469 0.933221
0.936855 0.771361
0.879717 0.8529
0.917 0.96622
1.44459 0.978006
1.11914 0.926707
1.61058 0.375937
2.18856 0.620734
0.648345 0.959017
1.56052 0.222814
1.40572 0.930072
0.949211 0.862425
1.57793 0.872863
2.34301 0.226941
1.84115 0.482785
0.448329 0.972754
1.33101 0.914473
1.30704 0.894797
0.692419 0.895813
1.65331 0.644983
1.40309 0.698442
0.87641 0.824444
1.79798 0.279914
0.933179 0.760536
0.57352 0.945343
1.94986 0.0584611
1.79508 0.713949
0.635682 0.899239
1.48709 0.496782
1.64878 0.134765
1.75233 0.240488
0.951185 0.964255
0.983551 0.984976
1.81655 0.485505
1.81962 0.908886
0.590585 0.862347
1.1392 0.696918
0.975845 0.928585
1.67975 0.970337
1.3742 0.627247
2.29615 0.922579
0.971632 0.705173
1.50811 0.6966
0.807137 0.771888
1.9763 0.350042
1.50352 0.282733
0.537942 0.937715
1.03306 0.827658
1.01153 0.946748
0.956675 0.999033
1.5771 0.181056
1.07804 0.71549
0.944626 0.864814
2.2201 0.592081
1.37075 0.518839
0.476178 0.992843
1.91693 0.818041
1.51312 0.853167
1.29529 0.796793
1.31861 0.573851
1.03222 0.982895
1.16297 0.972328
1.42481 0.832436
0.697807 0.91249
1.69051 0.393178
1.55622 0.910843
1.39784 0.601149
1.90491 0.607963
1.6622 0.28026
2.06949 0.174133
1.62668 0.0241466
0.8561 0.839388
1.27516 0.670539
1.63877 0.490257
0.330006 0.979317
0.874489 0.800756
1.03051 0.771027
0.67268 0.863753
1.09241 0.790295
1.46332 0.620357
1.224 0.991274
1.46056 0.572885
0.730335 0.85491
1.45103 0.707571
1.36194 0.769619
0.836392 0.838098
0.902416 0.796494
1.07787 0.826781
1.29957 0.641626
1.56598 0.979606
1.14169 0.774365
0.58833 0.925007
1.13469 0.772933
1.10018 0.762444
0.87408 0.792203
1.45829 0.407224
1.09644 0.975187
1.03273 0.994378
0.790373 0.761957
1.1354 0.977834
1.22201 0.840972
0.609054 0.912119
1.00018 0.903437
1.29489 0.666815
1.57562 0.649034
1.03069 0.9679
1.24739 0.944836
0.644397 0.969945
1.75532 0.144546
1.88925 0.43216
1.39034 0.508808
0.353645 0.994895
1.77616 0.81451
1.24516 0.969329
1.67634 0.811199
0.700256 0.818737
1.15573 0.93794
1.63087 0.170648
1.17719 0.84132
1.62561 0.649617
1.70049 0.567058
0.648834 0.994449
0.665655 0.886977
1.24171 0.912309
2.11441 0.734549
1.05477 0.994905
0.843194 0.833354
2.27194 0.840567
1.57449 0.84122
1.09168 0.874716
1.68275 0.150535
0.949739 0.922876
0.991215 0.910459
0.787267 0.993102
1.56005 0.306065
1.06292 0.980741
0.405012 0.944336
0.923457 0.868776
0.777923 0.794606
1.2934 0.593867
0.888254 0.944809
1.87246 0.389703
1.26531 0.751422
1.42287 0.567361
1.06032 0.963799
1.57432 0.985132
1.56799 0.350568
0.755442 0.992912
0.541681 0.916908
1.77277 0.499476
1.58316 0.610043
0.547776 0.935314
1.86788 0.85275
2.0026 0.708802
0.673013 0.917817
0.886929 0.763532
1.34329 0.536908
1.39496 0.9852
1.10542 0.809777
1.12287 0.769741
0.979838 0.983723
2.00089 0.501904
1.95613 0.9042
1.21698 0.77277
0.691365 0.905941
1.34945 0.897631
0.980456 0.788277
0.789551 0.933895
1.65559 0.926185
1.60146 0.81338
1.24223 0.973751
0.802348 0.934235
0.934703 0.918494
0.747228 0.927372
1.33496 0.950961
0.638137 0.909354
0.756669 0.796251
1.07128 0.694238
0.451488 0.932321
2.19044 0.187319
1.73608 0.779124
1.36228 0.69787
1.68845 0.253935
1.22121 0.983048
0.688782 0.912402
1.76022 0.394466
1.12841 0.997175
1.93966 0.829038
1.58822 0.59895
0.382074 0.950284
1.06823 0.697562
1.63888 0.699434
0.800789 0.89755
2.10665 0.360084
1.29958 0.924086
1.7326 0.684977
2.36003 0.654751
1.62423 0.267011
0.979536 0.850978
0.979863 0.907212
1.96426 0.0609558
1.7289 0.227753
1.02158 0.864051
1.59765 0.620868
1.27537 0.876848
2.07004 0.28192
1.38448 0.792169
1.13027 0.871937
1.72484 0.00369629
0.828588 0.993735
1.06648 0.766437
0.704808 0.871212
0.524201 0.925532
0.799553 0.805541
0.869902 0.831697
0.304045 0.983839
1.29861 0.937107
0.325408 0.990427
1.30064 0.783528
1.97639 0.825177
1.35281 0.894831
0.711948 0.797059
2.21927 0.245534
0.792975 0.910948
1.78522 0.201698
0.852862 0.802288
0.964594 0.77632
1.02141 0.882019
0.772957 0.957318
1.0598 0.904768
2.28219 0.629132
2.40619 0.48586
1.03307 0.934091
1.55502 0.192557
0.872267 0.892203
0.545244 0.998412
1.87705 0.0948584
0.7922 0.838147
0.779916 0.784153
0.752533 0.817455
1.66974 0.631423
1.37925 0.746662
0.644084 0.86666
1.84303 0.977841
1.63663 0.343953
1.63288 0.300093
1.39403 0.893055
1.87385 0.193525
0.548145 0.956055
0.761293 0.854547
1.15274 0.796015
1.19099 0.662784
1.48452 0.58302
2.02709 0.493969
0.73945 0.788
2.58408 0.303589
1.03174 0.862136
1.69553 0.165321
1.52346 0.285589
1.05949 0.744429
1.48731 0.737588
2.04035 0.503114
1.26099 0.759935
1.27032 0.996508
1.09288 0.820091
1.72863 0.517009
0.758986 0.849705
1.31759 0.620134
1.12508 0.9926
0.396445 0.997398
2.21524 0.0365761
0.119467 0.995838
0.725314 0.81784
1.60677 0.22919
1.66139 0.648596
0.334968 0.969017
1.61385 0.289447
1.22715 0.698165
0.888014 0.921405
0.872683 0.835268
2.21604 0.200246
0.89559 0.947204
1.01639 0.919683
1.58343 0.166416
1.76404 0.0628894
1.71338 0.593642
1.59956 0.287292
1.29674 0.647567
0.398385 0.983336
0.49665 0.962881
1.1957 0.989049
1.04643 0.918303
2.0606 0.0258086
1.64992 0.177639
1.32487 0.814989
1.47009 0.921365
0.482111 0.965743
1.62391 0.143402
0.677805 0.903612
0.993489 0.920652
1.58062 0.182904
0.750336 0.873216
1.03994 0.987959
1.48326 0.571282
0.841003 0.953358
1.63832 0.197788
1.18433 0.730991
1.12765 0.906036
1.57344 0.697975
0.992784 0.72025
0.717215 0.800362
0.982298 0.931993
1.01631 0.706881
1.38032 0.608598
1.75806 0.449675
0.502475 0.949625
1.08474 0.760141
1.77634 0.824967
1.31579 0.779313
1.36928 0.655266
0.726337 0.975042
1.7815 0.740854
1.91541 0.340252
1.02431 0.96282
1.60788 0.277854
1.46056 0.726888
0.611469 0.861965
1.21596 0.837813
1.90775 0.116464
0.561333 0.943849
1.63041 0.925251
0.986412 0.963609
0.98438 0.901389
1.53387 0.85936
1.36939 0.605809
0.369408 0.967871
0.649212 0.874781
1.85805 0.826097
0.769784 0.88808
0.583247 0.878767
1.35324 0.940324
1.54054 0.536572
1.88358 0.155812
1.31062 0.978511
1.15125 0.853437
1.96388 0.688296
1.66666 0.037574
1.53999 0.350527
0.757131 0.989788
1.20005 0.831739
1.55543 0.581668
2.20065 0.0323602
1.60879 0.763377
0.71343 0.926844
1.86681 0.579967
0.902555 0.938695
1.63611 0.956793
0.999303 0.875325
2.11793 0.512848
1.54116 0.928086
0.565138 0.914041
0.763391 0.892477
1.57557 0.618812
1.07023 0.989706
1.8372 0.0414966
1.74816 0.203589
0.800669 0.884526
1.84157 0.61506
0.442917 0.994199
2.4742 0.350379
1.13388 0.96999
1.53975 0.416369
1.38185 0.599981
1.48533 0.936832
1.37539 0.550082
1.45925 0.647751
0.355677 0.99883
2.57384 0.174486
0.58721 0.87677
1.04085 0.9803
1.06561 0.780509
1.43635 0.64438
1.34056 0.721922
0.922858 0.744419
1.37928 0.581338
2.08843 0.583321
1.47864 0.906112
0.815719 0.787246
0.836842 0.872274
0.256995 0.989116
1.51998 0.746112
1.85448 0.30487
1.42223 0.769587
0.45752 0.979947
1.45426 0.893911
0.918142 0.818735
1.76942 0.312194
1.16329 0.681039
1.32163 0.640113
0.691372 0.856492
1.65647 0.379786
1.57655 0.338356
1.07215 0.997384
1.43977 0.68581
1.71375 0.736904
1.54861 0.898837
1.12245 0.849912
1.41825 0.852028
0.823463 0.850609
1.24732 0.766364
2.70147 0.760797
1.75052 0.59472
1.68644 0.133098
0.499131 0.985012
1.62475 0.431523
2.04073 0.582947
1.32828 0.820326
0.741099 0.931501
1.27229 0.682968
1.78571 0.672217
1.64981 0.314192
0.621762 0.885559
1.2838 0.815678
0.831427 0.835697
2.07602 0.736008
2.23814 0.177912
1.84251 0.609284
1.27844 0.942896
1.28682 0.915094
2.03673 0.831531
1.51535 0.820316
1.38224 0.51874
1.88424 0.490998
1.64877 0.62743
0.876836 0.946666
0.437237 0.983765
0.761508 0.791599
1.68921 0.514697
1.56066 0.451184
1.54964 0.957426
1.22042 0.743423
0.744759 0.990228
1.04665 0.956857
1.02046 0.835667
1.16372 0.992481
1.01764 0.849153
2.42167 0.795132
1.32025 0.634522
2.12082 0.368883
1.74485 0.73956
1.60644 0.559123
1.68314 0.423341
1.56537 0.682531
1.82822 0.883469
1.51785 0.434051
2.18948 0.472332
1.27293 0.694931
1.44161 0.570371
1.87784 0.00317807
1.16302 0.65754
1.66832 0.40254
1.27216 0.718887
1.04248 0.829763
1.63634 0.411464
2.30578 0.0545327
0.794666 0.832543
0.944732 0.964638
1.3442 0.941657
2.17622 0.140741
0.760652 0.949719
0.80928 0.998508
0.592898 0.912899
1.13395 0.760035
1.63925 0.0980162
1.86344 0.373706
0.371163 0.968228
0.564734 0.959101
1.87912 0.886438
0.724296 0.963956
2.36057 0.783406
0.518653 0.940745
1.07557 0.95311
1.49657 0.454654
0.71724 0.824216
1.68783 0.388562
0.693049 0.85602
1.59835 0.454446
0.833058 0.871931
0.684298 0.861494
0.586202 0.973881
1.84706 0.353902
0.687673 0.908738
0.755699 0.95445
0.916647 0.809439
1.01956 0.848842
1.60844 0.80101
1.51043 0.711411
1.91738 0.360346
2.81149 0.165585
1.27047 0.682699
1.25688 0.630692
1.49693 0.871205
1.6306 0.686591
0.732117 0.990753
1.73278 0.212078
1.17164 0.865057
0.780436 0.885057
0.855712 0.917327
0.297433 0.985531
1.31101 0.939083
1.58495 0.639264
1.42587 0.823676
0.938657 0.93513
1.37115 0.949807
1.35177 0.694581
1.15132 0.800538
2.11138 0.525585
1.1187 0.88251
1.84091 0.89128
1.24818 0.793887
1.08087 0.850149
0.812829 0.988437
1.22431 0.892846
1.42287 0.687022
1.47882 0.639116
0.789077 0.791455
1.72045 0.270147
1.8946 0.596017
0.655283 0.845131
0.835371 0.887691
0.877791 0.819653
0.321654 0.986926
0.535533 0.939733
1.59964 0.785222
0.910046 0.939561
1.10939 0.817817
0.772103 0.820363
1.64765 0.798878
1.44933 0.881604
0.71448 0.808926
1.29688 0.592151
1.01182 0.891735
1.25957 0.626282
0.628084 0.847347
1.10146 0.952918
1.66409 0.200387
2.33418 0.809315
1.0211 0.701751
1.53719 0.768617
2.60459 0.13698
1.82763 0.231651
1.6901 0.437578
1.66781 0.370666
2.05277 0.642643
0.63843 0.9586
1.14375 0.703197
1.23477 0.651448
1.07726 0.828134
0.658403 0.972454
0.992223 0.966605
0.871314 0.994475
1.73782 0.740645
0.642549 0.906958
0.770151 0.927244
0.885308 0.746285
1.70089 0.125331
0.638361 0.91409
1.34783 0.598069
0.617698 0.907002
1.0849 0.920382
1.29935 0.726524
1.32391 0.594665
0.859211 0.792316
0.552117 0.992195
0.854196 0.827142
2.19271 0.377643
0.839992 0.850403
1.84215 0.289435
1.62027 0.937022
1.391 0.729285
0.545156 0.943372
2.03707 0.946063
1.41148 0.466439
0.954322 0.962591
0.622492 0.891192
1.26177 0.708201
1.59127 0.269518
1.34132 0.570023
1.67876 0.950777
1.95549 0.583794
1.16706 0.99252
1.36507 0.817384
1.49153 0.3252
1.20178 0.677023
1.64888 0.58033
1.73662 0.315313
0.412411 0.992888
1.58379 0.85059
1.74356 0.519884
1.11513 0.906193
0.95401 0.960562
1.0154 0.788989
0.62097 0.997591
1.15308 0.734961
0.360603 0.972832
1.49254 0.364479
1.0167 0.734367
1.04849 0.775572
0.727448 0.980368
1.35664 0.814833
0.74476 0.982365
1.89495 0.698864
0.498727 0.934838
0.491624 0.915238
1.3939 0.517621
1.04095 0.859146
1.50251 0.77753
1.63719 0.195252
1.23967 0.992368
1.44113 0.876456
1.23682 0.798941
1.30899 0.988967
1.80751 0.060453
1.08728 0.906085
1.40941 0.751044
1.99293 0.317781
1.83678 0.990593
1.41047 0.887946
0.568807 0.899722
1.28673 0.971903
1.31877 0.948358
2.56412 0.856219
1.02899 0.886094
1.89131 0.248504
0.931865 0.992209
0.555874 0.972051
1.52897 0.489842
1.34574 0.738101
1.07048 0.842171
2.02971 0.828447
1.31808 0.994822
0.740087 0.942107
1.10262 0.916322
1.30653 0.855479
1.35294 0.678307
1.19916 0.743572
1.32072 0.663835
1.18778 0.72631
1.53857 0.517805
1.71584 0.420933
0.347015 0.962094
0.348371 0.981057
1.10182 0.769133
0.521843 0.915965
1.70621 0.945864
1.03756 0.810787
1.5625 0.752551
1.04196 0.883388
1.0028 0.920424
1.50018 0.768427
2.20802 0.721411
1.37803 0.897874
0.699187 0.826412
1.21907 0.882393
0.467967 0.998684
0.458932 0.925389
2.43786 0.900017
0.728434 0.78987
0.836945 0.856582
0.791303 0.978997
2.47701 0.580147
1.38811 0.605934
1.6845 0.466613
1.03552 0.706746
0.919177 0.839636
1.59854 0.644134
1.12908 0.690407
2.00285 0.272086
1.60155 0.0486854
1.55994 0.720939
1.78412 0.151708
0.972167 0.716762
1.19275 0.859475
0.774996 0.78633
1.65412 0.767071
1.93115 0.869524
1.34755 0.570613
1.37887 0.839062
1.39646 0.905482
0.376843 0.953072
1.17378 0.746355
1.35396 0.769481
1.43885 0.410931
1.29383 0.653382
0.660834 0.901185
0.958205 0.871905
0.171568 0.988975
0.811889 0.853345
0.760534 0.791993
1.65416 0.64602
1.50483 0.634583
1.59725 0.508288
1.5858 0.0700364
1.03445 0.973017
0.944414 0.860759
1.03101 0.865333
0.527824 0.888766
