9.79275 0
2.36912 0
17.0689 2.05881e-06
2.77507 0
6.2165 0
4.88177 0
7.01696 0
0.921205 0
3.49707 0
5.25487 0
14.8945 1.47309e-05
2.29376 0
9.61908 0
23.346 7.0227e-09
16.0198 5.32023e-06
1.84619 0
12.8119 9.69947e-05
6.79612 0
0.290514 0
2.73231 0
2.75203 0
1.20844 0
10.9756 0.000511034
0.888729 0
0.547317 0
25.8151 7.51742e-10
4.32194 0
11.0827 0.000463864
41.1617 6.98876e-16
29.0815 3.91112e-11
0.313703 0
1.69912 0
6.48999 0
2.88499 0
4.25082 0
34.0696 4.28377e-13
0.743055 0
3.44357 0
3.18998 0
10.9283 0.000533424
18.902 3.91881e-07
1.34454 0
11.6579 0.000275625
1.18671 0
3.95634 0
5.57759 0
1.60361 0
0.832269 0
2.15607 0
0.981377 0
16.1378 4.78167e-06
0.876119 0
1.33274 0
8.83503 0
13.3581 5.91638e-05
12.4133 0.000139126
15.6479 7.44893e-06
13.5404 5.01683e-05
9.21843 0
1.02964 0
21.7958 2.85613e-08
2.88185 0
0.707323 0
10.0958 0.00113305
10.5025 0.00078415
15.3653 9.62039e-06
14.8286 1.56364e-05
3.28138 0
2.43483 0
3.09723 0
0.538706 0
6.85094 0
15.0176 1.31779e-05
3.27411 0
0.348774 0
2.8921 0
21.0836 5.44141e-08
26.8183 3.03237e-10
16.6971 2.88239e-06
2.09283 0
2.94981 0
19.4331 2.4234e-07
16.7139 2.83889e-06
21.8466 2.72783e-08
30.7087 8.96927e-12
27.6441 1.43625e-10
0.842533 0
18.0264 8.65531e-07
9.86486 0
2.0926 0
6.24475 0
8.34417 0
24.2725 3.03645e-09
2.92597 0
0.0821146 0
1.37402 0
4.88112 0
3.05871 0
0.816257 0
1.94796 0
3.11505 0
0.174086 0
7.3532 0
1.96096 0
26.9861 2.60512e-10
14.6733 1.79947e-05
15.5078 8.45602e-06
12.096 0.000185398
15.4031 9.2965e-06
4.81169 0
4.51565 0
0.30469 0
6.36696 0
22.9221 1.03064e-08
5.50809 0
8.3828 0
1.73921 0
60.3586 1.9925e-23
5.40308 0
15.2917 1.02831e-05
7.66049 0
12.4993 0.000128708
17.8998 9.70641e-07
33.6535 6.2425e-13
3.81454 0
4.73602 0
17.7813 1.0805e-06
4.91048 0
11.7206 0.000260416
16.8234 2.57093e-06
3.98571 0
14.2891 2.54765e-05
25.6227 8.9474e-10
1.37677 0
24.9149 1.69777e-09
10.7061 0.000652203
5.49617 0
13.073 7.65813e-05
13.0875 7.5581e-05
17.4929 1.40271e-06
59.2848 5.26575e-23
11.6215 0.000284835
8.7249 0
0.88983 0
3.76789 0
3.9699 0
2.6926 0
0.920311 0
16.7541 2.73728e-06
6.32973 0
1.05139 0
1.4177 0
5.80241 0
13.6293 4.629e-05
7.45656 0
1.72361 0
12.9904 8.25261e-05
3.9946 0
20.7643 7.26475e-08
7.45607 0
3.39551 0
15.8425 6.2464e-06
22.2058 1.97081e-08
10.7399 0.000632574
0.742374 0
4.99579 0
2.11274 0
11.5112 0.00031474
4.39193 0
14.2222 2.70668e-05
27.6127 1.47767e-10
4.57928 0
13.0915 7.53071e-05
25.21 1.29988e-09
0.713058 0
13.9591 3.43453e-05
2.86384 0
19.4688 2.34627e-07
4.93556 0
16.5344 3.33967e-06
8.97617 0
9.7926 0
11.7965 0.000243119
4.7193 0
11.4089 0.000345265
20.9925 5.90882e-08
54.9378 2.69125e-21
2.69106 0
22.794 1.15733e-08
3.44279 0
8.42519 0
3.63573 0
7.85973 0
24.8948 1.72895e-09
10.1039 0.00112484
4.4193 0
21.3363 4.32908e-08
30.8331 8.01412e-12
2.60333 0
8.57971 0
5.55978 0
6.68406 0
10.6969 0.000657651
1.24162 0
18.6609 4.87436e-07
6.76685 0
5.44334 0
1.96354 0
24.3576 2.81131e-09
18.6715 4.82787e-07
15.6766 7.25795e-06
12.9985 8.19214e-05
1.36606 0
2.15424 0
34.8921 2.03489e-13
2.63858 0
1.88399 0
15.8879 5.99476e-06
5.16039 0
4.14291 0
3.46536 0
9.6127 0
8.78507 0
10.0257 0.00120723
19.6407 2.00817e-07
44.501 3.4036e-17
10.1239 0.00110461
3.20605 0
4.53949 0
0.882268 0
2.22062 0
12.2606 0.000159741
53.8372 7.28681e-21
1.78619 0
4.65296 0
9.62526 0
3.47406 0
4.09299 0
35.9375 7.90094e-14
3.97088 0
5.04899 0
5.95639 0
54.3685 4.50502e-21
14.1145 2.98391e-05
1.61736 0
11.3126 0.000376731
1.35729 0
12.2175 0.00016609
17.6881 1.1756e-06
7.22273 0
4.12656 0
17.4177 1.5015e-06
3.66316 0
6.34213 0
0.735721 0
0.802626 0
0.725168 0
6.24316 0
2.35323 0
5.47338 0
0.0495845 0
11.8442 0.000232862
5.56836 0
2.8978 0
2.41575 0
5.29988 0
18.84 4.14493e-07
1.52535 0
4.30311 0
5.16832 0
4.60543 0
20.0841 1.3445e-07
35.9149 8.06429e-14
6.92003 0
6.98322 0
7.51205 0
31.8505 3.19127e-12
10.0555 0.00117513
8.35472 0
9.3053 0
9.46735 0
3.49267 0
2.1796 0
8.48071 0
0.0510129 0
27.3667 1.8461e-10
5.42423 0
15.9463 5.6865e-06
0.837477 0
8.10786 0
1.70324 0
0.551932 0
2.79175 0
6.549 0
7.77881 0
8.03272 0
0.350169 0
8.21788 0
2.79952 0
14.2761 2.57799e-05
0.391295 0
9.5815 0
6.20742 0
17.4223 1.49522e-06
10.7497 0.000626955
0.917443 0
5.26227 0
23.2527 7.64145e-09
16.9918 2.20747e-06
5.50539 0
5.4408 0
6.08618 0
14.9058 1.45809e-05
11.2362 0.000403701
0.83543 0
2.74148 0
0.726831 0
8.45156 0
2.4115 0
0.367543 0
12.9242 8.76196e-05
10.578 0.000732352
3.06104 0
13.6648 4.48238e-05
22.1136 2.14233e-08
4.97721 0
0.825781 0
13.3124 6.16647e-05
16.7837 2.66497e-06
18.2704 6.94038e-07
15.5809 7.91499e-06
45.0288 2.11104e-17
22.3166 1.78283e-08
4.55755 0
24.1448 3.40864e-09
27.9051 1.13405e-10
7.37073 0
12.9139 8.84444e-05
0.965002 0
17.4399 1.47165e-06
8.83771 0
2.98047 0
0.0213888 0
6.81096 0
4.34474 0
11.7449 0.000254744
4.58734 0
31.4946 4.40409e-12
2.30485 0
4.02937 0
12.2273 0.000164632
12.7445 0.000103094
17.5311 1.35505e-06
30.8297 8.03859e-12
19.4686 2.34669e-07
20.9851 5.9486e-08
29.9583 1.76879e-11
0.589814 0
0.818041 0
14.3013 2.51983e-05
18.722 4.61212e-07
7.80522 0
0.808401 0
5.69247 0
15.6886 7.18004e-06
4.80317 0
43.1029 1.20627e-16
11.1234 0.000447084
6.82946 0
12.4232 0.000137883
4.61305 0
13.8188 3.89932e-05
11.5768 0.000296613
2.8994 0
4.0039 0
1.77107 0
5.36304 0
4.24709 0
1.73529 0
14.3317 2.45145e-05
6.99686 0
5.17812 0
2.07162 0
3.21548 0
10.7545 0.000624259
39.315 3.71694e-15
7.56711 0
3.63048 0
7.1405 0
26.8149 3.04189e-10
7.64528 0
33.0211 1.10634e-12
14.8094 1.591e-05
5.18104 0
0.412503 0
18.8944 3.94585e-07
2.92614 0
52.2531 3.05594e-20
3.21956 0
0.848203 0
2.51242 0
24.0799 3.61467e-09
15.0501 1.27952e-05
24.7697 1.93625e-09
13.5031 5.18875e-05
0.676863 0
24.5898 2.27863e-09
1.7692 0
3.86791 0
8.77563 0
11.8623 0.000229075
21.4751 3.81787e-08
10.2394 0.000995002
4.37523 0
1.33727 0
16.3825 3.8315e-06
6.70422 0
0.615219 0
22.1342 2.1027e-08
6.98554 0
16.3476 3.95479e-06
19.2772 2.79059e-07
8.79114 0
4.53742 0
8.12842 0
2.61166 0
3.98693 0
1.49968 0
32.1403 2.45513e-12
18.2171 7.28313e-07
23.277 7.47528e-09
5.44343 0
3.74888 0
9.47127 0
5.77544 0
15.8539 6.18243e-06
10.3456 0.000903793
24.5021 2.4669e-09
9.98288 0
0.716589 0
1.94259 0
4.77631 0
4.95252 0
5.75479 0
37.0917 2.77993e-14
5.38156 0
20.401 1.00925e-07
2.65004 0
3.23601 0
4.26686 0
23.6634 5.26927e-09
24.0021 3.87835e-09
13.7682 4.08227e-05
13.111 7.39909e-05
0.573137 0
7.15078 0
0.692191 0
12.8629 9.26217e-05
4.62308 0
15.3387 9.85432e-06
4.8736 0
2.17896 0
37.4637 1.98526e-14
5.07242 0
2.69044 0
27.0192 2.52838e-10
18.4825 5.72805e-07
10.7591 0.00062168
10.2195 0.00101303
24.1626 3.35389e-09
1.4725 0
23.8042 4.63923e-09
3.03178 0
10.556 0.000747128
13.6957 4.35914e-05
28.2574 8.24517e-11
8.82904 0
4.13909 0
7.90993 0
15.727 6.93486e-06
5.79289 0
21.7955 2.85712e-08
7.72157 0
17.3423 1.60754e-06
21.2024 4.88665e-08
17.7838 1.07799e-06
1.09989 0
2.23581 0
3.94321 0
32.7023 1.47642e-12
2.68194 0
1.57193 0
0.0612647 0
4.24791 0
1.97956 0
3.57647 0
17.2874 1.68944e-06
19.6416 2.00653e-07
11.8665 0.00022819
6.63225 0
4.6911 0
8.17137 0
54.1243 5.61954e-21
17.3892 1.54076e-06
8.54321 0
4.4841 0
11.0697 0.000469353
8.97093 0
31.4322 4.66e-12
2.22621 0
0.141522 0
13.2382 6.59457e-05
10.7749 0.000612863
1.66374 0
2.53189 0
20.6678 7.92715e-08
23.8837 4.31716e-09
0.345631 0
1.47674 0
2.31437 0
9.75808 0
6.63565 0
0.320124 0
25.517 9.84561e-10
30.9021 7.52915e-12
1.11452 0
9.15187 0
15.9431 5.70267e-06
4.98402 0
8.13891 0
8.17437 0
1.89118 0
16.8224 2.57329e-06
4.17486 0
0.401717 0
10.0596 0.00117079
0.754139 0
23.8986 4.25918e-09
1.39814 0
0.861528 0
25.3839 1.1106e-09
0.338014 0
56.3565 7.45359e-22
13.1311 7.26621e-05
14.1018 3.01838e-05
34.8434 2.12658e-13
11.0341 0.000484689
13.2061 6.78915e-05
4.13277 0
4.96261 0
8.81264 0
0.0417453 0
0.815768 0
13.9923 3.3327e-05
12.9903 8.2536e-05
3.31661 0
52.2922 2.94949e-20
1.2323 0
1.26983 0
4.71033 0
0.816233 0
1.46509 0
6.33586 0
1.9786 0
22.9565 9.99077e-09
1.57781 0
8.14436 0
0.998261 0
0.472374 0
17.6077 1.26433e-06
10.748 0.000627937
4.89837 0
5.10812 0
10.2171 0.00101529
3.8432 0
4.5329 0
3.84925 0
1.16339 0
4.13176 0
8.07288 0
18.2455 7.09863e-07
11.5413 0.000306288
17.9317 9.42997e-07
39.0055 4.91874e-15
9.18911 0
10.0385 0.00119339
21.5005 3.7313e-08
20.3278 1.07837e-07
6.67109 0
14.7182 1.72792e-05
6.4514 0
1.78365 0
9.20146 0
7.79428 0
8.09446 0
1.33677 0
13.9211 3.5545e-05
13.4732 5.33151e-05
8.21261 0
5.61527 0
6.98732 0
4.47326 0
0.159288 0
9.91937 0
11.9122 0.000218963
3.16662 0
6.6086 0
24.2736 3.03334e-09
11.8697 0.000227541
33.0249 1.10254e-12
6.92874 0
8.94914 0
20.7804 7.15932e-08
15.3515 9.74081e-06
50.9767 9.70078e-20
7.87859 0
2.46872 0
18.8219 4.21318e-07
0.814727 0
12.9767 8.35526e-05
17.2835 1.69539e-06
23.0271 9.37257e-09
5.10122 0
4.08758 0
2.5041 0
3.35788 0
4.60473 0
25.3283 1.16789e-09
1.59424 0
10.1395 0.00108916
20.559 8.74748e-08
9.90901 0
0.197036 0
3.62523 0
22.8371 1.11306e-08
19.6269 2.03339e-07
36.3417 5.48018e-14
35.2722 1.44264e-13
7.74981 0
5.60342 0
8.76735 0
5.85878 0
7.9873 0
1.52793 0
0.148964 0
17.2085 1.81439e-06
24.117 3.49548e-09
29.5308 2.60437e-11
20.5225 9.04147e-08
0.110657 0
2.76286 0
6.02295 0
9.34427 0
8.44356 0
12.2424 0.000162395
19.4499 2.38673e-07
11.0625 0.000472413
1.9914 0
9.80489 0
20.2968 1.109e-07
0.662848 0
7.1362 0
0.816917 0
22.0845 2.19942e-08
11.443 0.000334788
11.8586 0.000229838
14.3134 2.49234e-05
1.02683 0
7.5588 0
6.12806 0
9.88643 0
6.34284 0
8.47756 0
6.13648 0
28.3772 7.39771e-11
15.9037 5.90983e-06
32.9014 1.23298e-12
32.2908 2.14249e-12
12.7998 9.80611e-05
34.751 2.31199e-13
13.3461 5.98139e-05
3.17204 0
14.6218 1.88541e-05
16.6138 3.10787e-06
64.3612 5.32427e-25
6.54336 0
7.70036 0
21.1898 4.94268e-08
8.18746 0
2.7672 0
9.76788 0
6.61766 0
3.49001 0
9.42473 0
3.04269 0
4.57172 0
2.26799 0
5.94623 0
35.4944 1.1798e-13
2.45021 0
6.49343 0
8.8922 0
9.28865 0
0.55418 0
14.3861 2.33364e-05
9.64591 0
3.64933 0
25.4104 1.0843e-09
7.02638 0
8.66654 0
0.616789 0
12.9487 8.56963e-05
7.85598 0
2.28769 0
4.77561 0
6.39053 0
0.80583 0
17.1767 1.86742e-06
6.53103 0
16.2704 4.24082e-06
1.5659 0
8.57428 0
6.36475 0
0.0683418 0
36.8835 3.35632e-14
11.9581 0.000210045
6.90183 0
3.4228 0
7.8609 0
7.26423 0
21.9731 2.43276e-08
13.2517 6.51481e-05
40.7287 1.03412e-15
9.90258 0
4.96865 0
11.0166 0.000492445
16.107 4.91669e-06
30.6783 9.21962e-12
11.7938 0.000243711
2.06507 0
7.72074 0
11.6907 0.000267558
2.94198 0
0.0808091 0
5.75679 0
11.3832 0.000353398
6.48149 0
2.98673 0
23.9805 3.95476e-09
22.3522 1.72631e-08
3.07516 0
16.3456 3.9617e-06
13.9952 3.32416e-05
3.37346 0
12.2064 0.000167767
0.575245 0
3.89777 0
2.44114 0
11.7388 0.000256147
4.11139 0
13.4288 5.54964e-05
5.21661 0
4.71876 0
10.1717 0.00105782
7.18355 0
8.00778 0
0.313069 0
16.1748 4.62391e-06
0.598777 0
2.0133 0
7.54131 0
31.115 6.20944e-12
31.78 3.40163e-12
4.93672 0
4.85703 0
13.2806 6.3466e-05
12.061 0.000191373
3.32814 0
14.4057 2.29263e-05
3.788 0
5.21356 0
46.776 4.34304e-18
1.78639 0
2.14927 0
18.7963 4.31195e-07
32.2154 2.29388e-12
9.28452 0
1.89726 0
0.608075 0
1.8432 0
2.84874 0
7.64324 0
44.338 3.9446e-17
34.5841 2.68913e-13
11.9275 0.000215948
37.2593 2.38876e-14
1.10701 0
7.05834 0
13.8759 3.70302e-05
6.62963 0
0.343739 0
25.1909 1.32255e-09
4.08462 0
1.77905 0
9.99135 0
17.1289 1.94994e-06
2.26573 0
15.4373 9.01325e-06
1.19327 0
25.3005 1.19765e-09
60.36 1.99007e-23
20.2418 1.16564e-07
19.2789 2.78607e-07
4.57534 0
0.167604 0
1.55175 0
2.89411 0
11.5471 0.000304685
1.33831 0
29.5837 2.48259e-11
1.56116 0
9.19349 0
0.687648 0
7.51662 0
0.920569 0
32.7881 1.36605e-12
3.76385 0
2.05185 0
1.73501 0
13.1314 7.26417e-05
4.52715 0
2.55725 0
23.7883 4.70615e-09
1.73588 0
12.7974 9.82777e-05
14.4845 2.13484e-05
18.9836 3.63977e-07
1.99851 0
12.0521 0.000192908
0.75233 0
1.14853 0
19.6954 1.9113e-07
18.9078 3.89808e-07
8.27773 0
8.47176 0
1.75853 0
1.19438 0
7.13749 0
3.04819 0
0.191391 0
14.0325 3.2138e-05
16.7526 2.7411e-06
1.05597 0
6.68694 0
11.1312 0.000443917
8.23785 0
8.7333 0
1.83672 0
5.59099 0
5.10053 0
34.4372 3.07137e-13
21.2681 4.60445e-08
25.0563 1.49384e-09
0.789798 0
0.0461953 0
1.27355 0
20.3821 1.02663e-07
3.94293 0
22.2944 1.81901e-08
13.7236 4.25033e-05
4.08902 0
3.58345 0
11.3627 0.000360016
3.51249 0
1.75254 0
0.400779 0
2.42453 0
2.15052 0
3.23607 0
3.34442 0
4.49214 0
0.10403 0
3.70274 0
1.76604 0
1.16744 0
12.9855 8.28912e-05
1.76471 0
3.94678 0
6.21736 0
22.9494 1.00556e-08
3.23012 0
13.2087 6.77339e-05
18.5991 5.15445e-07
9.21326 0
1.7953 0
4.7457 0
2.91214 0
12.9362 8.6673e-05
12.5002 0.000128599
13.1981 6.83819e-05
14.3791 2.34851e-05
2.70971 0
5.74819 0
13.172 7.00189e-05
1.54039 0
6.61009 0
7.84212 0
21.5103 3.69826e-08
0.88912 0
6.261 0
3.89428 0
14.2616 2.61185e-05
2.14137 0
0.984219 0
3.92717 0
11.9671 0.00020834
2.71477 0
32.7891 1.36481e-12
6.21409 0
7.61766 0
3.31954 0
42.5673 1.95857e-16
1.8693 0
1.71431 0
3.85504 0
6.91425 0
5.55309 0
1.92236 0
11.769 0.000249257
6.74677 0
0.652594 0
0.439562 0
0.636567 0
28.8757 4.7117e-11
11.5451 0.000305228
0.953881 0
5.95666 0
13.8755 3.70448e-05
26.8581 2.92516e-10
19.1992 2.99461e-07
6.911 0
19.6024 2.07914e-07
8.26109 0
6.99394 0
3.28153 0
2.36866 0
1.24072 0
10.0588 0.00117167
2.8742 0
11.8125 0.000239624
0.0195747 0
19.3992 2.49883e-07
18.6653 4.85469e-07
0.309223 0
6.42382 0
41.7509 4.10034e-16
2.18943 0
18.627 5.02622e-07
19.1199 3.2173e-07
31.243 5.53019e-12
3.36769 0
5.97686 0
5.24693 0
8.51998 0
9.64001 0
8.09591 0
49.0421 5.58647e-19
0.383174 0
32.0502 2.66368e-12
8.9588 0
28.3408 7.6455e-11
4.49334 0
5.03031 0
20.0916 1.33535e-07
7.13293 0
4.1003 0
31.6414 3.85633e-12
1.72398 0
17.1876 1.84916e-06
38.6769 6.62237e-15
28.8355 4.8861e-11
0.0657338 0
23.1906 8.08301e-09
14.4536 2.19528e-05
1.18734 0
3.04513 0
21.8008 2.84338e-08
1.8238 0
15.7388 6.86111e-06
6.7078 0
17.5485 1.3339e-06
0.365355 0
8.40152 0
1.16608 0
23.3483 7.00823e-09
14.9793 1.36425e-05
9.40425 0
14.6994 1.75752e-05
17.3287 1.62736e-06
4.09543 0
