0.17413 0
0.244496 0
0.092502 0
1.09296 0
1.28094 0
0.739407 0
1.00845 0
0.048949 0
0.45301 0
1.95473 0
4.11656 0
1.98609 0
1.85356 0
2.04183 0
0.00107608 0
0.667611 0
0.489978 0
0.450119 0
0.706064 0
1.22923 0
0.641039 0
0.915719 0
1.2612 0
0.213534 0
2.66276 0
0.642463 0
1.64915 0
0.116272 0
2.7462 0
0.781538 0
1.43431 0
0.10291 0
1.32176 0
0.980277 0
0.668386 0
0.631852 0
0.826364 0
0.0717003 0
1.25775 0
0.44632 0
0.374168 0
0.820743 0
0.187293 0
1.47417 0
1.04879 0
0.0445077 0
0.419609 0
0.821981 0
0.920207 0
0.379478 0
0.728794 0
0.0510277 0
1.91284 0
0.4446 0
0.478687 0
0.240796 0
0.805122 0
1.6738 0
0.586189 0
1.77427 0
2.27137 0
0.702301 0
0.0153658 0
0.379147 0
0.287988 0
1.22363 0
0.537018 0
1.88131 0
2.07565 0
1.80727 0
2.59656 0
2.94638 0
1.73608 0
0.2259 0
0.420736 0
0.447134 0
2.37 0
0.653523 0
2.6606 0
0.773446 0
0.556314 0
2.95769 0
6.43732e-06 0
0.116584 0
0.00220345 0
0.138642 0
5.48185 0
0.521058 0
1.8132 0
0.0909902 0
1.02417 0
0.54571 0
0.374857 0
0.633355 0
1.18976 0
0.549963 0
0.290607 0
3.34045 0
0.182435 0
0.135509 0
