5.16345 0.0805156
1.24917 0
8.99995 0.00346692
1.46322 0
3.27779 0
2.57403 0
3.69985 0
0.485726 0
1.84391 0
2.77075 0
7.85344 0.00887449
1.20944 0
5.07188 0.0867925
12.3097 0.000229905
8.44681 0.00545611
0.973444 0
6.75536 0.0218324
3.58341 0
0.15318 0
1.44067 0
1.45107 0
0.637177 0
5.78716 0.0482856
0.468602 0
0.288585 0
13.6116 7.90729e-05
2.27884 0
5.84358 0.0461029
21.7034 1.04004e-07
15.3339 1.92684e-05
0.165407 0
0.895899 0
3.42199 0
1.52117 0
2.24134 0
17.9639 2.2307e-06
0.391792 0
1.8157 0
1.68199 0
5.76217 0.0492847
9.96649 0.00156972
0.708938 0
6.14687 0.035954
0.625717 0
2.08607 0
2.94091 0
0.845541 0
0.438832 0
1.13684 0
0.517453 0
8.50899 0.00518494
0.461954 0
0.702718 0
4.65847 0
7.04338 0.0172408
6.54519 0.0259376
8.25073 0.00640762
7.13947 0.0159347
4.86063 0
0.542903 0
11.4923 0.000449327
1.51952 0
0.372952 0
5.32325 0.0706293
5.53769 0.0592427
8.10168 0.00724039
7.81869 0.00913099
1.73018 0
1.28382 0
1.63308 0
0.284045 0
3.61231 0
7.91835 0.00841459
1.72635 0
0.183899 0
1.52493 0
11.1168 0.000611323
14.1406 5.12507e-05
8.8039 0.00407141
1.10349 0
1.55535 0
10.2465 0.00124774
8.81276 0.00404195
11.5191 0.000439571
16.1918 9.53615e-06
14.576 3.58658e-05
0.444245 0
9.50483 0.00229188
5.20147 0.0780447
1.10337 0
3.29268 0
4.39965 0
12.7982 0.000154035
1.54279 0
0.0432968 0
0.724481 0
2.57368 0
1.61278 0
0.43039 0
1.02711 0
1.64248 0
0.0917906 0
3.87714 0
1.03396 0
14.229 4.76647e-05
7.73684 0.00976468
8.17684 0.00680771
6.3779 0.0297502
8.12163 0.00712292
2.53707 0
2.38098 0
0.160654 0
3.35712 0
12.0862 0.000276137
2.90426 0
4.42002 0
0.917039 0
31.8254 2.58964e-11
2.8489 0
8.06287 0.00747449
4.03916 0
6.59054 0.0249911
9.43805 0.00242084
17.7445 2.67024e-06
2.0113 0
2.49717 0
9.37558 0.00254806
2.58916 0
6.17994 0.0349923
8.87053 0.003855
2.10155 0
7.53427 0.0115287
13.5102 8.59311e-05
0.725935 0
13.137 0.000116687
5.64504 0.054252
2.89798 0
6.89303 0.0195022
6.90069 0.0193801
9.22352 0.00288633
31.2592 4.11941e-11
6.12772 0.0365229
4.6004 0
0.469183 0
1.98671 0
2.09322 0
1.41973 0
0.485255 0
8.834 0.00397219
3.33749 0
0.554368 0
0.747513 0
3.05945 0
7.18635 0.015334
3.93164 0
0.908811 0
6.84948 0.0202112
2.10624 0
10.9484 0.00070181
3.93138 0
1.79036 0
8.35331 0.0058908
11.7085 0.000376356
5.66284 0.0534658
0.391434 0
2.63414 0
1.11399 0
6.06955 0.0383067
2.31574 0
7.499 0.011867
14.5594 3.63561e-05
2.41453 0
6.90281 0.0193466
13.2925 0.000102713
0.375976 0
7.36024 0.0132967
1.51002 0
10.2654 0.00122861
2.60239 0
8.71811 0.00436808
4.73289 0
5.16337 0.0805207
6.21998 0.0338622
2.48836 0
6.01562 0.0400383
11.0688 0.000635865
28.9672 2.69701e-10
1.41892 0
12.0187 0.00029186
1.81529 0
4.44237 0
1.91702 0
4.14422 0
13.1264 0.000117706
5.32749 0.0703844
2.33018 0
11.25 0.000548067
16.2574 9.03683e-06
1.37266 0
4.52384 0
2.93152 0
3.52432 0
5.64019 0.0544679
0.654672 0
9.83936 0.00174215
3.56797 0
2.87013 0
1.03532 0
12.8431 0.00014847
9.84495 0.00173419
8.26586 0.00632862
6.85376 0.0201403
0.720284 0
1.13587 0
18.3976 1.56324e-06
1.39125 0
0.993377 0
8.37726 0.00577623
2.72093 0
2.18444 0
1.82719 0
5.06851 0.0870323
4.63213 0
5.2863 0.0728015
10.356 0.00114061
23.4642 2.45563e-08
5.33806 0.069777
1.69046 0
2.39355 0
0.465195 0
1.17087 0
6.46468 0.0277072
28.3869 4.34013e-10
0.941807 0
2.45338 0
5.07514 0.0865609
1.83177 0
2.15812 0
18.9488 9.94905e-07
2.09374 0
2.6622 0
3.14064 0
28.667 3.44947e-10
7.44218 0.0124328
0.852792 0
5.9648 0.0417416
0.715663 0
6.44198 0.0282278
9.32643 0.00265282
3.80835 0
2.17582 0
9.18387 0.0029817
1.93148 0
3.34403 0
0.387925 0
0.423203 0
0.382361 0
3.29185 0
1.2408 0
2.88596 0
0.0261445 0
6.2451 0.0331721
2.93604 0
1.52793 0
1.27376 0
2.79448 0
9.93381 0.00161235
0.804274 0
2.26891 0
2.72511 0
2.42831 0
10.5898 0.000941698
18.9369 1.00468e-06
3.64874 0
3.68206 0
3.96089 0
16.7939 5.82118e-06
5.302 0.0718704
4.40521 0
4.90643 0
4.99187 0
1.84159 0
1.14924 0
4.47164 0
0.0268977 0
14.4297 4.04347e-05
2.86005 0
8.40802 0.0056324
0.441579 0
4.27505 0
0.898073 0
0.291019 0
1.47201 0
3.45311 0
4.10155 0
4.23543 0
0.184635 0
4.33306 0
1.47611 0
7.52738 0.011594
0.206319 0
5.05206 0.0882141
3.273 0
9.18631 0.00297574
5.66804 0.0532385
0.483742 0
2.77465 0
12.2605 0.000239367
8.95933 0.00358432
2.90284 0
2.86878 0
3.20908 0
7.85941 0.0088312
5.92452 0.0431431
0.440499 0
1.44551 0
0.383238 0
4.45627 0
1.27152 0
0.193795 0
6.81458 0.0207977
5.57751 0.0573401
1.614 0
7.2051 0.0151
11.6599 0.00039166
2.62434 0
0.435412 0
7.01926 0.0175851
8.8496 0.00392172
9.63348 0.00206246
8.21537 0.00659608
23.7425 1.9547e-08
11.7669 0.000358761
2.40307 0
12.7309 0.000162782
14.7136 3.20388e-05
3.88638 0
6.80912 0.020891
0.508819 0
9.19557 0.00295324
4.65988 0
1.57152 0
0.0112777 0
3.59123 0
2.29086 0
6.19277 0.0346261
2.41878 0
16.6062 6.78936e-06
1.21528 0
2.12458 0
6.44711 0.0281092
6.71982 0.0224778
9.24366 0.00283907
16.2557 9.04999e-06
10.2653 0.00122872
11.0649 0.000637906
15.7962 1.31898e-05
0.310993 0
0.431331 0
7.54067 0.0114684
9.87158 0.00169673
4.11548 0
0.426247 0
3.00148 0
8.27215 0.00629608
2.53258 0
22.727 4.49397e-08
5.86505 0.0452987
3.60099 0
6.55042 0.0258267
2.43234 0
7.28629 0.0141277
6.10411 0.0372366
1.52877 0
2.11115 0
0.933834 0
2.82778 0
2.23938 0
0.914973 0
7.5567 0.0113186
3.68925 0
2.73028 0
1.09231 0
1.69544 0
5.67055 0.053129
20.7297 2.31055e-07
3.98993 0
1.91425 0
3.76499 0
14.1387 5.13275e-05
4.03115 0
17.4111 3.50962e-06
7.80858 0.00920697
2.73182 0
0.217501 0
9.96249 0.00157488
1.54287 0
27.5516 8.60769e-10
1.69758 0
0.447234 0
1.32473 0
12.6967 0.000167409
7.93552 0.00829698
13.0604 0.000124247
7.11984 0.0161933
0.356891 0
12.9655 0.000134296
0.932848 0
2.03944 0
4.62715 0
6.25465 0.0329134
11.3233 0.000516139
5.39894 0.0663796
2.30694 0
0.705106 0
8.63807 0.00466433
3.53495 0
0.324388 0
11.6708 0.000388183
3.68328 0
8.61961 0.00473543
10.1643 0.00133472
4.63533 0
2.39246 0
4.28589 0
1.37706 0
2.1022 0
0.790743 0
16.9467 5.13585e-06
9.60539 0.0021105
12.2733 0.000236866
2.87017 0
1.97668 0
4.99394 0
3.04523 0
8.3593 0.00586191
5.45496 0.0634002
12.9193 0.000139486
5.2637 0.0741631
0.377838 0
1.02427 0
2.51842 0
2.61133 0
3.03434 0
19.5574 6.0409e-07
2.83755 0
10.7569 0.000821137
1.39729 0
1.70626 0
2.2498 0
12.4771 0.000200429
12.6556 0.000173135
7.25957 0.0144405
6.91308 0.0191843
0.302199 0
3.77041 0
0.364973 0
6.78224 0.0213566
2.43762 0
8.08768 0.00732396
2.56972 0
1.1489 0
19.7536 5.14355e-07
2.67455 0
1.41859 0
14.2465 4.69888e-05
9.74533 0.00188175
5.67297 0.053024
5.38848 0.0669514
12.7403 0.000161527
0.776411 0
12.5513 0.000188601
1.59857 0
5.56587 0.0578898
7.22134 0.0149003
14.8993 2.7514e-05
4.65531 0
2.18243 0
4.17069 0
8.29239 0.00619246
3.05443 0
11.4921 0.000449401
4.07137 0
9.14411 0.00308049
11.1794 0.000580718
9.37693 0.00254523
0.579942 0
1.17888 0
2.07915 0
17.243 4.02826e-06
1.41411 0
0.828836 0
0.0323032 0
2.23981 0
1.04377 0
1.88578 0
9.11516 0.00315448
10.3565 0.00114016
6.2569 0.0328526
3.497 0
2.47349 0
4.30854 0
28.5382 3.83361e-10
9.16883 0.00301869
4.5046 0
2.36434 0
5.83673 0.0463627
4.73013 0
16.5733 6.97503e-06
1.17382 0
0.0746205 0
6.98015 0.018158
5.68129 0.0526635
0.877247 0
1.335 0
10.8976 0.000731678
12.5932 0.00018223
0.182242 0
0.778646 0
1.2203 0
5.14517 0.0817314
3.4988 0
0.168793 0
13.4544 8.99486e-05
16.2938 8.77136e-06
0.587654 0
4.82553 0
8.40637 0.00564005
2.62794 0
4.29142 0
4.31012 0
0.997169 0
8.86999 0.00385669
2.20129 0
0.211814 0
5.30416 0.0717435
0.397637 0
12.6011 0.000181057
0.737202 0
0.45426 0
13.3842 9.52757e-05
0.178225 0
29.7152 1.46068e-10
6.92364 0.019019
7.43549 0.0125012
18.372 1.5965e-06
5.81799 0.0470802
6.96321 0.018412
2.1791 0
2.61665 0
4.64666 0
0.0220111 0
0.430132 0
7.37777 0.0131069
6.84941 0.0202124
1.74876 0
27.5723 8.46314e-10
0.649756 0
0.669547 0
2.48363 0
0.430377 0
0.7725 0
3.34073 0
1.04326 0
12.1043 0.000272065
0.831935 0
4.2943 0
0.526355 0
0.24907 0
9.28403 0.00274664
5.66713 0.0532783
2.58278 0
2.69337 0
5.38718 0.0670228
2.02642 0
2.39007 0
2.02961 0
0.613423 0
2.17856 0
4.25661 0
9.62034 0.00208479
6.08541 0.0378118
9.45488 0.00238766
20.5665 2.64137e-07
4.84516 0
5.29302 0.0724017
11.3366 0.000510515
10.7183 0.000847533
3.51748 0
7.76048 0.00957726
3.40165 0
0.940469 0
4.85167 0
4.10971 0
4.26798 0
0.704842 0
7.34023 0.0135165
7.10402 0.0164045
4.33028 0
2.96078 0
3.68422 0
2.35863 0
0.083988 0
5.23021 0.0762271
6.28095 0.0322112
1.66967 0
3.48453 0
12.7988 0.00015396
6.25856 0.0328079
17.4131 3.50385e-06
3.65333 0
4.71864 0
10.9569 0.000696926
8.09443 0.00728354
26.8786 1.49452e-09
4.15416 0
1.30169 0
9.92429 0.00162497
0.429583 0
6.84227 0.0203309
9.11311 0.00315978
12.1415 0.00026389
2.68973 0
2.15527 0
1.32034 0
1.77052 0
2.42795 0
13.3549 9.75924e-05
0.840599 0
5.34626 0.0693092
10.8402 0.000766914
5.22475 0.0765692
0.103892 0
1.91148 0
12.0414 0.000286473
10.3487 0.00114743
19.162 8.35395e-07
18.598 1.3264e-06
4.08626 0
2.95453 0
4.62278 0
3.08917 0
4.21148 0
0.805636 0
0.0785444 0
9.07359 0.00326384
12.7162 0.000164749
15.5708 1.5867e-05
10.8209 0.000779119
0.0583463 0
1.45678 0
3.17573 0
4.92698 0
4.45205 0
6.45508 0.0279261
10.2554 0.00123868
5.83294 0.0465068
1.05001 0
5.16985 0.080094
10.702 0.00085895
0.349502 0
3.76272 0
0.430738 0
11.6446 0.000396611
6.03357 0.0394534
6.25271 0.0329657
7.54706 0.0114084
0.541419 0
3.98555 0
3.23115 0
5.21284 0.0773202
3.3444 0
4.46999 0
3.2356 0
14.9625 2.6125e-05
8.38558 0.005737
17.348 3.69608e-06
17.0261 4.81235e-06
6.74899 0.0219468
18.3233 1.66154e-06
7.03701 0.017331
1.67253 0
7.70966 0.00998472
8.76002 0.00422055
33.9359 4.59033e-12
3.45014 0
4.06019 0
11.1728 0.000583888
4.31702 0
1.45907 0
5.15033 0.0813859
3.48931 0
1.84019 0
4.9694 0
1.60433 0
2.41054 0
1.19585 0
3.13529 0
18.7152 1.20491e-06
1.29193 0
3.42381 0
4.68861 0
4.89765 0
0.292204 0
7.5854 0.0110555
5.08602 0.0857917
1.92419 0
13.3982 9.41914e-05
3.70482 0
4.56963 0
0.325216 0
6.82751 0.0205784
4.14224 0
1.20624 0
2.51805 0
3.36955 0
0.424892 0
9.0568 0.00330906
3.44363 0
8.57893 0.00489603
0.825656 0
4.52098 0
3.35595 0
0.0360348 0
19.4476 6.60978e-07
6.30518 0.0315778
3.63914 0
1.80475 0
4.14484 0
3.83023 0
11.5858 0.00041618
6.98724 0.0180528
21.4751 1.25409e-07
5.22136 0.0767825
2.61983 0
5.80874 0.0474385
8.49277 0.00525436
16.1758 9.66237e-06
6.21856 0.0339016
1.08885 0
4.07093 0
6.16417 0.0354474
1.55123 0
0.0426084 0
3.0354 0
6.00205 0.0404861
3.41751 0
1.57482 0
12.6443 0.000174756
11.7857 0.000353282
1.62145 0
8.6186 0.00473938
7.37927 0.0130908
1.77873 0
6.43612 0.0283636
0.303311 0
2.05519 0
1.28715 0
6.18957 0.0347171
2.16782 0
7.08066 0.0167218
2.75057 0
2.48807 0
5.36328 0.0683492
3.78769 0
4.22228 0
0.165072 0
8.52854 0.00510252
0.315719 0
1.06156 0
3.97633 0
16.4061 8.00003e-06
16.7567 6.0014e-06
2.603 0
2.56098 0
7.00248 0.0178286
6.35942 0.0302044
1.75484 0
7.59572 0.0109623
1.99731 0
2.74897 0
24.6637 9.18506e-09
0.941912 0
1.13325 0
9.91079 0.00164306
16.9863 4.97188e-06
4.89547 0
1.00037 0
0.320621 0
0.971867 0
1.50206 0
4.03007 0
23.3782 2.63489e-08
18.2352 1.78589e-06
6.28903 0.0319986
19.6458 5.6188e-07
0.583697 0
3.72167 0
7.31638 0.0137834
3.49562 0
0.181244 0
13.2825 0.000103565
2.15371 0
0.938044 0
5.26816 0.0738919
9.03161 0.00337811
1.19466 0
8.13966 0.00701842
0.62918 0
13.3403 9.87725e-05
31.8262 2.58814e-11
10.6729 0.000879631
10.1653 0.00133369
2.41245 0
0.0883729 0
0.818196 0
1.52598 0
6.08847 0.0377172
0.705652 0
15.5987 1.55082e-05
0.823158 0
4.84748 0
0.362578 0
3.9633 0
0.485391 0
17.2883 3.88151e-06
1.98457 0
1.08188 0
0.914822 0
6.9238 0.0190164
2.38704 0
1.34837 0
12.5429 0.000189896
0.915282 0
6.7477 0.0219699
7.63727 0.0105952
10.0095 0.0015153
1.05376 0
6.35477 0.0303199
0.396683 0
0.60559 0
10.3848 0.00111399
9.96958 0.00156574
4.36462 0
4.46692 0
0.927227 0
0.629762 0
3.7634 0
1.60723 0
0.100915 0
7.39894 0.0128814
8.83319 0.00397484
0.556785 0
3.52584 0
5.86919 0.0451451
4.34359 0
4.60483 0
0.968449 0
2.94797 0
2.68937 0
18.1578 1.90294e-06
11.2141 0.00056445
13.2115 0.000109768
0.416439 0
0.0243575 0
0.671509 0
10.7469 0.000827864
2.079 0
11.7552 0.00036222
7.23607 0.0147215
2.15603 0
1.88945 0
5.99124 0.0408465
1.85204 0
0.924068 0
0.21132 0
1.27839 0
1.13391 0
1.70629 0
1.76342 0
2.36858 0
0.0548523 0
1.95235 0
0.931183 0
0.615556 0
6.8469 0.0202539
0.930485 0
2.08103 0
3.27824 0
12.1006 0.000272907
1.70316 0
6.96456 0.0183915
9.80681 0.00178926
4.8579 0
0.946613 0
2.50228 0
1.53549 0
6.82091 0.0206901
6.59103 0.0249809
6.95901 0.0184754
7.58169 0.0110891
1.42876 0
3.03086 0
6.94523 0.0186853
0.812205 0
3.48532 0
4.13494 0
11.3418 0.000508351
0.468808 0
3.30125 0
2.05335 0
7.51977 0.0116665
1.12909 0
0.518952 0
2.07069 0
6.30993 0.0314551
1.43143 0
17.2888 3.87982e-06
3.27652 0
4.01658 0
1.7503 0
22.4446 5.66463e-08
0.985629 0
0.903911 0
2.03266 0
3.64569 0
2.92799 0
1.0136 0
6.20546 0.0342679
3.55739 0
0.344095 0
0.231769 0
0.335644 0
15.2254 2.10609e-05
6.08743 0.0377493
0.502955 0
3.14078 0
7.31615 0.013786
14.1615 5.03771e-05
10.1232 0.00138047
3.64398 0
10.3358 0.00115969
4.35584 0
3.68771 0
1.73026 0
1.24893 0
0.654197 0
5.30372 0.0717692
1.51548 0
6.22842 0.0336288
0.0103212 0
10.2287 0.00126614
9.84172 0.00173878
0.163045 0
3.3871 0
22.0141 8.0619e-08
1.15442 0
9.82149 0.00176786
10.0814 0.00142858
16.4736 7.56938e-06
1.77569 0
3.15143 0
2.76656 0
4.49235 0
5.08291 0.0860107
4.26875 0
25.8586 3.44879e-09
0.202037 0
16.8992 5.33979e-06
4.72373 0
14.9433 2.65393e-05
2.36921 0
2.65234 0
10.5937 0.000938633
3.761 0
2.16197 0
16.6836 6.37203e-06
0.909007 0
9.06253 0.00329357
20.3932 3.04454e-07
15.2042 2.14297e-05
0.0346596 0
12.2278 0.000245877
7.621 0.0107374
0.626054 0
1.60562 0
11.495 0.000448368
0.961641 0
8.29862 0.00616091
3.53684 0
9.25283 0.00281782
0.192642 0
4.42989 0
0.614844 0
12.3109 0.000229678
7.89816 0.00855503
4.9586 0
7.75059 0.00965527
9.13697 0.00309857
2.15941 0
