0.17413 0
0.244496 0
0.092502 0
1.09296 0
1.28094 0
0.739407 0
1.00845 0
0.048949 0
0.45301 0
1.95473 0
4.11656 1
1.98609 0
1.85356 0
2.04183 0
0.00107608 0
0.667611 0
0.489978 0
0.450119 0
0.706064 0
1.22923 0
0.641039 0
0.915719 0
1.2612 0
0.213534 0
2.66276 0
0.642463 0
1.64915 0
0.116272 0
2.7462 0
0.781538 0
1.43431 0
0.10291 0
1.32176 0
0.980277 0
0.668386 0
0.631852 0
0.826364 0
0.0717003 0
1.25775 0
0.44632 0
0.374168 0
0.820743 0
0.187293 0
1.47417 0
1.04879 0
0.0445077 0
0.419609 0
0.821981 0
0.920207 0
0.379478 0
0.728794 0
0.0510277 0
1.91284 0
0.4446 0
0.478687 0
0.240796 0
0.805122 0
1.6738 0
0.586189 0
1.77427 0
2.27137 0
0.702301 0
0.0153658 0
0.379147 0
0.287988 0
1.22363 0
0.537018 0
1.88131 0
2.07565 0
1.80727 0
2.59656 0
2.94638 0
1.73608 0
0.2259 0
0.420736 0
0.447134 0
2.37 0
0.653523 0
2.6606 0
0.773446 0
0.556314 0
2.95769 0
6.43732e-06 0
0.116584 0
0.00220345 0
0.138642 0
5.48185 1
0.521058 0
1.8132 0
0.0909902 0
1.02417 0
0.54571 0
0.374857 0
0.633355 0
1.18976 0
0.549963 0
0.290607 0
3.34045 1
0.182435 0
0.135509 0
0.0207803 0
0.101627 0
0.405145 0
1.80808 0
0.117716 0
0.431234 0
0.462862 0
0.35579 0
1.11238 0
2.60152 0
1.49764 0
0.672 0
1.27282 0
0.32952 0
0.751871 0
0.0572922 0
1.0896 0
0.833529 0
1.06438 0
0.18243 0
0.392338 0
0.729944 0
0.339555 0
0.4751 0
0.881929 0
0.394619 0
1.0581 0
0.495763 0
0.313712 0
0.300513 0
0.0823882 0
0.425979 0
0.630283 0
1.34516 0
0.376696 0
2.19575 0
0.55045 0
0.40563 0
0.253903 0
1.10975 0
0.0157603 0
0.189478 0
1.67024 0
0.0422429 0
0.268048 0
2.11078 0
0.95755 0
0.0586346 0
0.148596 0
0.231104 0
1.21305 0
0.0947031 0
0.696866 0
1.8155 0
0.145513 0
0.768599 0
0.701225 0
1.71246 0
0.318072 0
0.505658 0
0.176578 0
1.72481 0
0.696101 0
1.97878 0
1.12452 0
0.0959773 0
0.178137 0
0.701029 0
0.930574 0
0.496129 0
1.88895 0
2.22703 0
1.01171 0
1.10447 0
0.850204 0
0.53859 0
0.417416 0
0.718615 0
0.124389 0
0.658331 0
0.584184 0
0.186403 0
1.40925 0
0.315588 0
0.0152714 0
0.108075 0
0.889678 0
0.244263 0
1.22527 0
0.144408 0
3.01262 1
0.0136253 0
1.55645 0
0.144816 0
2.307 0
1.19811 0
0.211839 0
2.96601 0
0.781507 0
0.368059 0
2.1277 0
0.547084 0
0.519118 0
1.18979 0
0.74111 0
0.494741 0
0.479771 0
1.4539 0
2.65797 0
0.0793378 0
0.730365 0
0.190229 0
1.02948 0
1.06638 0
0.41681 0
1.35686 0
0.468462 0
1.17715 0
1.61938 0
2.20971 0
0.245565 0
1.60768 0
1.1531 0
1.46536 0
0.629523 0
0.588071 0
0.967019 0
1.18611 0
1.34536 0
0.593634 0
0.376898 0
0.359754 0
0.437128 0
0.629309 0
0.480544 0
0.656787 0
1.01568 0
0.220775 0
1.87813 0
2.75576 0
1.67336 0
0.356245 0
6.78955 1
1.18666 0
0.422558 0
1.70837 0
0.404455 0
0.425711 0
0.122152 0
1.85062 0
0.187587 0
0.100738 0
0.930082 0
0.1405 0
0.302512 0
1.45621 0
0.595217 0
0.704396 0
0.0628022 0
0.205625 0
0.419765 0
0.0662982 0
0.134321 0
0.449776 0
0.254349 0
1.33642 0
0.753823 0
0.228797 0
0.135795 0
0.885561 0
0.516007 0
0.618863 0
0.546416 0
0.355375 0
0.183191 0
2.18349 0
0.67266 0
0.205363 0
0.449956 0
1.93807 0
1.39824 0
4.04804 1
0.555612 0
0.540113 0
0.739481 0
2.83492 0
0.44509 0
1.50237 0
0.46165 0
0.303895 0
0.824255 0
0.0484949 0
0.106376 0
1.0979 0
1.51806 0
0.0514824 0
0.122939 0
1.6941 0
0.248174 0
0.100062 0
0.272317 0
1.10308 0
0.578419 0
0.474547 0
0.738226 0
0.424832 0
1.55736 0
0.144525 0
0.984688 0
0.436151 0
0.390743 0
2.83259 0
0.57338 0
3.96802 1
4.7024 1
0.508451 0
0.119688 0
1.75409 0
0.718012 0
0.447836 0
1.86216 0
0.125332 0
0.105993 0
0.742746 0
0.0548359 0
0.144241 0
0.330358 0
1.69246 0
1.78877 0
0.468205 0
2.06618 0
0.0545357 0
1.82744 0
0.77252 0
0.0885902 0
0.487391 0
0.932049 0
0.828772 0
1.41031 0
0.568871 0
3.36054 1
0.205913 0
1.03175 0
3.33355 1
1.60471 0
0.356979 0
0.117272 0
1.07446 0
0.265658 0
0.358515 0
0.100719 0
0.284383 0
0.211498 0
0.525752 0
2.28815 0
1.40998 0
0.529128 0
0.117036 0
2.88201 0
0.757046 0
0.532711 0
0.536853 0
0.203894 0
0.641461 0
0.315536 0
1.33116 0
0.619571 0
0.0709397 0
1.58127 0
0.91383 0
0.385804 0
0.813421 0
0.352133 0
1.53933 0
1.35436 0
4.12414 1
0.159686 0
1.13483 0
0.640877 0
1.38545 0
2.61407 0
0.116744 0
0.632932 0
0.0419092 0
1.06723 0
3.12549 1
5.28319 1
1.22797 0
0.198273 0
0.760418 0
1.65557 0
0.0797136 0
2.47206 0
0.340584 0
2.37668 0
0.142175 0
0.742448 0
0.251665 0
0.547122 0
0.296081 0
2.33921 0
0.0550528 0
1.29136 0
0.211039 0
0.292051 0
1.75273 0
0.273303 0
0.0190721 0
1.07429 0
0.784136 0
0.424604 0
0.510006 0
2.51004 0
1.98809 0
2.16754 0
0.540513 0
0.40298 0
1.16365 0
0.263698 0
3.26322 1
0.918043 0
0.792636 0
1.17685 0
5.21492 1
2.06971 0
2.47474 0
0.240885 0
0.0940618 0
2.76981 0
0.640413 0
0.0748682 0
0.94676 0
0.448775 0
0.617273 0
0.195497 0
0.0816972 0
0.23668 0
0.962629 0
0.213244 0
0.291319 0
0.163376 0
0.336268 0
0.66138 0
0.688356 0
0.397734 0
0.279786 0
1.97328 0
1.63016 0
0.16927 0
1.69268 0
1.16159 0
0.118296 0
0.734434 0
1.61082 0
0.419093 0
1.50545 0
0.250434 0
1.95109 0
0.578021 0
0.135346 0
0.394531 0
0.183256 0
0.257087 0
0.526943 0
0.269497 0
1.25776 0
0.127823 0
1.72044 0
0.814089 0
0.434602 0
1.12174 0
0.498238 0
0.215933 0
0.919357 0
0.930799 0
0.511418 0
0.103641 0
0.126435 0
0.775113 0
1.22952 0
1.40213 0
1.20008 0
0.288425 0
0.721823 0
0.152142 0
1.227 0
5.86826 1
1.24219 0
0.430028 0
1.74061 0
0.0411175 0
2.18068 0
1.5738 0
0.623407 0
0.763924 0
0.113926 0
0.903208 0
0.176754 0
0.395047 0
1.05786 0
0.782548 0
0.332552 0
0.614078 0
1.31422 0
0.366191 0
1.4424 0
1.51798 0
0.664848 0
1.06851 0
2.36106 0
0.128956 0
0.651505 0
1.71404 0
0.823278 0
0.381116 0
0.951144 0
0.852015 0
0.51015 0
2.21427 0
1.83681 0
1.16095 0
0.785942 0
0.29436 0
0.0421213 0
3.88692 1
0.107715 0
3.22598 1
1.6939 0
0.250527 0
2.6086 0
0.894094 0
0.507785 0
0.573896 0
0.219118 0
2.64055 0
0.744096 0
1.02657 0
0.0868104 0
0.104365 0
1.65145 0
0.0739936 0
0.197323 0
0.675702 0
1.66999 0
0.465983 0
0.289446 0
0.325976 0
0.136933 0
0.592872 0
0.0432109 0
0.449721 0
4.75965 1
1.01135 0
2.30976 0
0.221864 0
1.68186 0
0.965712 0
0.359398 0
4.44982 1
1.7333 0
1.90899 0
0.392014 0
1.28777 0
1.86303 0
1.50068 0
0.792567 0
0.605531 0
0.154521 0
0.950186 0
1.74792 0
1.39769 0
0.0862174 0
1.00207 0
0.658957 0
0.689483 0
4.01751 1
0.478891 0
0.653699 0
1.42124 0
0.322998 0
0.237964 0
1.12339 0
0.449564 0
1.41252 0
1.97968 0
1.5499 0
0.25125 0
4.33046 1
0.294164 0
0.64675 0
1.49324 0
0.108638 0
1.44632 0
0.301826 0
2.38061 0
0.0605541 0
0.446133 0
1.53832 0
0.802019 0
1.19541 0
0.132467 0
0.0285866 0
0.439262 0
0.224763 0
0.662556 0
0.451525 0
0.145958 0
0.537361 0
0.0503618 0
0.550816 0
0.239277 0
0.0789306 0
0.243165 0
0.349132 0
0.515648 0
0.199547 0
0.648692 0
2.0651 0
0.253732 0
0.585356 0
1.39448 0
3.4544 1
0.31845 0
1.55218 0
0.0622486 0
0.326367 0
1.18421 0
1.86988 0
0.242723 0
1.13105 0
0.142346 0
0.157066 0
0.0696543 0
0.584667 0
0.0976521 0
9.96797 1
1.17842 0
1.32019 0
0.434563 0
0.337994 0
1.32 0
1.15822 0
2.52094 0
0.410601 0
1.11588 0
1.40049 0
2.05774 0
0.536147 0
2.49402 0
0.262567 0
1.36067 0
1.9347 0
0.222176 0
0.512009 0
0.116062 0
3.33768 1
0.291381 0
0.313784 0
0.201202 0
0.367465 0
0.967915 0
1.07787 0
3.2167 1
0.5655 0
2.69403 0
2.18742 0
2.24175 0
0.118392 0
0.403131 0
1.0346 0
0.222982 0
0.333797 0
0.300496 0
0.980897 0
0.173397 0
0.351587 0
5.04746 1
0.317048 0
0.0312742 0
1.77681 0
0.45646 0
1.01912 0
0.619794 0
0.435656 0
0.305302 0
0.267978 0
0.933698 0
2.4723 0
0.0747234 0
0.368537 0
0.640883 0
0.0105729 0
0.822784 0
0.545132 0
4.25803 1
0.809154 0
3.49581 1
0.948126 0
2.89298 0
0.255332 0
3.31 1
1.11066 0
3.87723 1
0.57419 0
0.135709 0
0.331965 0
0.430441 0
0.0691613 0
0.856199 0
0.697463 0
1.33986 0
2.4465 0
0.288709 0
0.150141 0
0.676547 0
0.515918 0
1.74394 0
0.025832 0
1.07873 0
1.93623 0
0.232479 0
0.489316 0
0.564307 0
0.630701 0
2.82745 0
0.838285 0
0.0272206 0
0.488976 0
0.00691348 0
0.640522 0
2.21561 0
3.07121 1
2.99048 0
0.735105 0
0.582458 0
0.505156 0
0.722658 0
0.230825 0
0.270918 0
3.04195 1
1.03237 0
1.94569 0
0.000759115 0
2.96258 0
1.46975 0
0.705561 0
0.352865 0
0.473228 0
0.577927 0
1.94334 0
0.320007 0
0.753589 0
0.0376062 0
1.32494 0
0.526533 0
0.602187 0
0.230982 0
1.28692 0
0.805992 0
0.241631 0
0.098156 0
4.15414 1
0.199215 0
1.01579 0
0.299579 0
0.69311 0
1.37843 0
0.387313 0
1.44713 0
0.0609853 0
1.3538 0
0.257857 0
1.72064 0
0.168413 0
0.97649 0
1.19658 0
0.0948288 0
0.113933 0
0.0443583 0
2.21332 0
0.274738 0
1.80172 0
0.544644 0
1.48364 0
0.237508 0
0.444432 0
0.421444 0
2.31407 0
0.770633 0
0.775124 0
0.554754 0
2.09973 0
2.51584 0
1.54813 0
1.31215 0
0.307684 0
0.0711331 0
3.20015 1
0.295639 0
1.11877 0
0.831913 0
0.5456 0
0.962958 0
0.0764876 0
0.474471 0
0.380042 0
1.89791 0
0.385412 0
0.197075 0
1.31646 0
1.53806 0
2.12545 0
0.101597 0
0.419277 0
0.849328 0
1.71426 0
0.049117 0
0.0468483 0
0.82567 0
1.72421 0
1.31823 0
1.3603 0
0.402766 0
0.433607 0
0.186849 0
0.544787 0
0.0839453 0
1.6581 0
0.151429 0
0.754332 0
0.183653 0
1.89646 0
0.891571 0
2.136 0
0.0151873 0
0.0963913 0
1.84145 0
0.400442 0
2.28823 0
1.14995 0
1.45055 0
0.0249278 0
0.517577 0
0.0234756 0
4.27551 1
0.297567 0
2.32745 0
0.461362 0
0.00295198 0
1.03421 0
3.10129 1
1.45024 0
0.847912 0
3.48566 1
1.5018 0
0.77486 0
1.41098 0
0.492505 0
0.507447 0
1.21973 0
3.35201 1
0.77205 0
0.0718684 0
0.446111 0
0.173116 0
0.0946563 0
1.35001 0
2.4123 0
3.02129 1
1.52648 0
0.760293 0
0.316578 0
2.16966 0
0.595472 0
0.0751298 0
1.10207 0
0.122684 0
2.35183 0
0.120208 0
0.29719 0
0.313441 0
0.488074 0
0.227166 0
0.389036 0
0.193999 0
2.14563 0
0.556734 0
5.9436 1
1.68543 0
0.907478 0
0.914951 0
2.58197 0
0.634935 0
2.29982 0
0.0985765 0
1.9346 0
0.701649 0
0.46646 0
0.772827 0
1.97991 0
1.60975 0
0.550688 0
2.29552 0
0.775856 0
2.01665 0
0.918638 0
0.511538 0
0.200018 0
0.43772 0
0.604681 0
0.271584 0
1.66767 0
0.800687 0
0.596939 0
2.11334 0
1.62918 0
0.0579975 0
2.36672 0
1.04464 0
1.10734 0
0.8724 0
3.98697 1
1.58873 0
1.9169 0
0.279365 0
0.912984 0
0.957005 0
0.253121 0
0.901606 0
0.296 0
4.17054 1
0.165437 0
0.338944 0
5.66704 1
0.702374 0
0.599181 0
2.7584 0
0.0716304 0
0.903649 0
2.14327 0
0.259746 0
0.385974 0
2.22001 0
0.0117178 0
0.244584 0
3.18747 1
0.397472 0
0.277639 0
0.186197 0
0.800998 0
2.35469 0
1.43182 0
0.569234 0
0.853564 0
1.3956 0
2.02193 0
2.78449 0
1.74743 0
1.31546 0
0.378493 0
0.111255 0
0.162688 0
0.486184 0
0.0499605 0
0.998436 0
0.26059 0
0.920576 0
0.475307 0
1.71915 0
0.0668924 0
0.526357 0
0.807803 0
0.127965 0
0.194943 0
0.245094 0
1.61135 0
1.45267 0
1.4103 0
0.420224 0
1.22421 0
0.51838 0
0.715939 0
2.60291 0
0.0428842 0
1.84506 0
0.385398 0
0.0397662 0
0.913091 0
0.29293 0
0.010925 0
0.312059 0
1.57965 0
1.43454 0
0.204819 0
0.437803 0
0.0828606 0
1.75231 0
1.4494 0
0.65462 0
0.691735 0
