9.79275 0
2.36912 0
17.0689 2.05881e-06
2.77507 0
6.2165 0
4.88177 0
7.01696 0
0.921205 0
3.49707 0
5.25487 0
14.8945 1.47309e-05
2.29376 0
9.61908 0
23.346 7.0227e-09
16.0198 5.32023e-06
1.84619 0
12.8119 9.69947e-05
6.79612 0
0.290514 0
2.73231 0
2.75203 0
1.20844 0
10.9756 0.000511034
0.888729 0
0.547317 0
25.8151 7.51742e-10
4.32194 0
11.0827 0.000463864
41.1617 6.98876e-16
29.0815 3.91112e-11
0.313703 0
1.69912 0
6.48999 0
2.88499 0
4.25082 0
34.0696 4.28377e-13
0.743055 0
3.44357 0
3.18998 0
10.9283 0.000533424
18.902 3.91881e-07
1.34454 0
11.6579 0.000275625
1.18671 0
3.95634 0
5.57759 0
1.60361 0
0.832269 0
2.15607 0
0.981377 0
16.1378 4.78167e-06
0.876119 0
1.33274 0
8.83503 0
13.3581 5.91638e-05
12.4133 0.000139126
15.6479 7.44893e-06
13.5404 5.01683e-05
9.21843 0
1.02964 0
21.7958 2.85613e-08
2.88185 0
0.707323 0
10.0958 0.00113305
10.5025 0.00078415
15.3653 9.62039e-06
14.8286 1.56364e-05
3.28138 0
2.43483 0
3.09723 0
0.538706 0
6.85094 0
15.0176 1.31779e-05
3.27411 0
0.348774 0
2.8921 0
21.0836 5.44141e-08
26.8183 3.03237e-10
16.6971 2.88239e-06
2.09283 0
2.94981 0
19.4331 2.4234e-07
16.7139 2.83889e-06
21.8466 2.72783e-08
30.7087 8.96927e-12
27.6441 1.43625e-10
0.842533 0
18.0264 8.65531e-07
9.86486 0
2.0926 0
6.24475 0
8.34417 0
24.2725 3.03645e-09
2.92597 0
0.0821146 0
1.37402 0
4.88112 0
3.05871 0
0.816257 0
1.94796 0
