19.0855 0
4.61727 0
33.2663 3.70664e-13
5.40846 0
12.1156 0
9.51429 0
13.6756 0
1.79538 0
6.81559 0
10.2414 0
29.0285 2.08793e-11
4.47041 0
18.747 0
45.5001 3.2729e-18
31.2217 2.59201e-12
3.59811 0
24.9696 9.9199e-10
13.2452 0
0.566195 0
5.32511 0
5.36354 0
2.35518 0
21.3909 2.98513e-08
1.73208 0
1.06669 0
50.3122 3.36456e-20
8.42321 0
21.5995 2.44795e-08
80.2217 1.48129e-32
56.6781 7.88936e-23
0.611389 0
3.31148 0
12.6486 0
5.62267 0
8.2846 0
66.3996 7.60107e-27
1.44817 0
6.71132 0
6.21708 0
21.2985 3.25922e-08
36.8389 1.23898e-14
2.62043 0
22.7205 8.42711e-09
2.31282 0
7.71068 0
10.8704 0
3.12535 0
1.62204 0
4.20205 0
1.91265 0
31.4515 2.08297e-12
1.70751 0
2.59744 0
17.219 0
26.0342 3.60327e-10
24.1928 2.07701e-09
30.4969 5.1649e-12
26.3894 2.57018e-10
17.9662 0
2.00672 0
42.4788 5.79524e-17
5.61656 0
1.37853 0
19.6762 0
20.4688 7.17618e-08
29.946 8.72279e-12
28.9 2.35933e-11
6.39522 0
4.74534 0
6.03632 0
1.04991 0
13.3521 0
29.2684 1.66187e-11
6.38105 0
0.679741 0
5.63654 0
41.0907 2.17038e-16
52.2674 5.23849e-21
32.5416 7.38501e-13
4.0788 0
5.74901 0
37.8739 4.62882e-15
32.5744 7.1585e-13
42.5778 5.27451e-17
59.8494 3.86271e-24
53.8767 1.13328e-21
1.64205 0
35.1324 6.28112e-14
19.226 0
4.07835 0
12.1707 0
16.2623 0
47.3057 5.87448e-19
5.70255 0
0.160037 0
2.67788 0
9.51302 0
5.96126 0
1.59084 0
3.79646 0
6.07104 0
0.339283 0
14.331 0
3.82179 0
52.5944 3.83788e-21
28.5975 3.14607e-11
30.2238 6.697e-12
23.5744 3.74015e-09
30.0198 8.1318e-12
9.37771 0
8.80074 0
0.593822 0
12.4088 0
44.6739 7.18179e-18
10.7349 0
16.3376 0
3.38962 0
117.635 5.17823e-48
10.5303 0
29.8025 9.99828e-12
14.9298 0
24.3604 1.77089e-09
34.8856 7.9434e-14
65.5887 1.64392e-26
7.43432 0
9.23023 0
34.6547 9.89467e-14
9.57025 0
22.8427 7.50204e-09
32.7879 5.84271e-13
7.76792 0
27.8487 6.41346e-11
49.9372 4.80682e-20
2.68325 0
48.5577 1.78539e-19
20.8656 4.92011e-08
10.7117 0
25.4785 6.11326e-10
25.5068 5.95079e-10
34.0926 1.68885e-13
115.543 3.79145e-47
22.6497 9.01409e-09
17.0043 0
1.73423 0
7.3434 0
7.73711 0
5.24771 0
1.79363 0
32.6529 6.64347e-13
12.3363 0
2.04909 0
2.76301 0
11.3086 0
26.5627 2.17963e-10
14.5324 0
3.35921 0
25.3175 7.12503e-10
7.78524 0
40.4683 3.92328e-16
14.5315 0
6.61766 0
30.8761 3.60098e-12
43.2778 2.71006e-17
20.9314 4.62154e-08
1.44684 0
9.73649 0
4.11761 0
22.4347 1.10597e-08
8.55962 0
27.7183 7.26044e-11
53.8155 1.20125e-21
8.92475 0
25.5147 5.9067e-10
49.1328 1.03311e-19
1.38971 0
27.2054 1.18263e-10
5.58146 0
37.9436 4.33203e-15
9.61912 0
32.2245 9.98527e-13
17.494 0
19.0852 0
22.9907 6.51675e-09
9.19764 0
22.2354 1.3369e-08
40.9132 2.56952e-16
107.071 1.19887e-43
5.24473 0
44.4242 9.10706e-18
6.7098 0
16.4202 0
7.08583 0
15.3181 0
48.5185 1.85321e-19
19.6918 0
8.61296 0
41.5832 1.35857e-16
60.0919 3.067e-24
5.07374 0
16.7213 0
10.8357 0
13.0268 0
20.8477 5.00468e-08
2.41984 0
36.3689 1.93729e-14
13.1882 0
10.6088 0
3.82682 0
47.4716 5.01684e-19
36.3896 1.89963e-14
30.5529 4.89727e-12
25.3334 7.01849e-10
2.66237 0
4.19848 0
68.0027 1.65425e-27
5.14244 0
3.67179 0
30.9646 3.31007e-12
10.0573 0
8.07428 0
6.75378 0
18.7346 0
17.1216 0
19.5396 0
38.2786 3.14961e-15
86.7299 3.03368e-35
19.7309 0
6.2484 0
8.8472 0
1.71949 0
4.32785 0
23.8952 2.75657e-09
104.926 9.22465e-43
3.48117 0
9.06834 0
18.7591 0
6.77073 0
7.977 0
70.04 2.38189e-28
7.73902 0
9.8402 0
11.6087 0
105.961 3.44449e-43
27.5083 8.86581e-11
3.15215 0
22.0475 1.59844e-08
2.64528 0
23.8113 2.98569e-09
34.473 1.17612e-13
14.0767 0
8.04242 0
33.9461 1.94151e-13
7.13928 0
12.3604 0
1.43388 0
1.56427 0
1.41331 0
12.1676 0
4.58632 0
10.6673 0
0.0966373 0
23.0836 5.96596e-09
10.8524 0
5.64765 0
4.70815 0
10.3292 0
36.718 1.38988e-14
2.97281 0
8.38652 0
10.0728 0
8.97571 0
39.1427 1.38456e-15
69.996 2.48387e-28
13.4867 0
13.6099 0
14.6405 0
62.0749 4.6506e-25
19.5976 0
16.2829 0
18.1355 0
18.4513 0
6.80702 0
4.24792 0
16.5284 0
0.0994211 0
53.3361 1.89532e-21
10.5715 0
31.0783 2.97078e-12
1.63219 0
15.8017 0
3.31952 0
1.07568 0
5.44095 0
12.7636 0
15.1605 0
15.6553 0
0.68246 0
16.0162 0
5.4561 0
27.8232 6.57087e-11
0.762611 0
18.6738 0
12.0979 0
33.9551 1.92493e-13
20.9506 4.53783e-08
1.78804 0
10.2559 0
45.3182 3.89096e-18
33.1161 4.27573e-13
10.7297 0
10.6038 0
11.8616 0
29.0505 2.04459e-11
21.8986 1.84166e-08
1.62821 0
5.34298 0
1.41655 0
16.4716 0
4.69987 0
0.71632 0
25.1885 8.05507e-10
20.616 6.23869e-08
5.96579 0
26.632 2.04055e-10
43.0981 3.21531e-17
9.70029 0
1.6094 0
25.9451 3.92221e-10
32.7105 6.28896e-13
35.608 3.99558e-14
30.3662 5.84864e-12
87.7585 1.14028e-35
43.4937 2.20697e-17
8.88239 0
47.0567 7.44455e-19
54.3855 6.98494e-22
14.3651 0
25.1684 8.21117e-10
1.88073 0
33.9893 1.86327e-13
17.2242 0
5.80877 0
0.0416854 0
13.2742 0
8.46765 0
22.8902 7.17112e-09
8.94046 0
61.3812 8.99677e-25
4.49202 0
7.85301 0
23.8303 2.93223e-09
24.8383 1.124e-09
34.1671 1.57339e-13
60.0853 3.08622e-24
37.9432 4.33363e-15
40.8988 2.60508e-16
58.387 1.55257e-23
1.14951 0
1.59432 0
27.8724 6.2708e-11
36.488 1.72979e-14
15.2119 0
1.57553 0
11.0943 0
30.5761 4.79019e-12
9.36111 0
84.005 4.05204e-34
21.6788 2.26999e-08
13.3102 0
24.2121 2.03918e-09
8.99057 0
26.9321 1.5338e-10
22.5624 9.79418e-09
5.65076 0
7.80337 0
3.4517 0
10.4522 0
8.27734 0
3.38199 0
27.9316 5.92714e-11
13.6365 0
10.0919 0
4.03746 0
6.26679 0
20.9599 4.49795e-08
76.6227 4.54425e-31
14.7479 0
7.07559 0
13.9164 0
52.2606 5.27222e-21
14.9002 0
64.3563 5.30902e-26
28.8626 2.44469e-11
10.0976 0
0.803944 0
36.824 1.25656e-14
5.70288 0
101.838 1.73942e-41
6.27473 0
1.6531 0
4.89656 0
46.9303 8.3956e-19
29.3318 1.56451e-11
48.2747 2.33707e-19
26.3168 2.75386e-10
1.31917 0
47.924 3.26234e-19
3.44806 0
7.53834 0
17.1032 0
23.1189 5.76891e-09
41.8538 1.05022e-16
19.956 0
8.52706 0
2.60626 0
31.9286 1.32308e-12
13.0661 0
1.19903 0
43.1383 3.09464e-17
13.6144 0
31.8604 1.41177e-12
37.5701 6.17997e-15
17.1334 0
8.84317 0
15.8418 0
5.08998 0
7.7703 0
2.9228 0
62.6396 2.71768e-25
35.5041 4.41029e-14
45.3656 3.7196e-18
10.6089 0
7.30634 0
18.459 0
11.256 0
30.8983 3.52583e-12
20.163 9.59906e-08
47.7531 3.83848e-19
19.456 0
1.39659 0
3.78599 0
9.30876 0
9.65217 0
11.2158 0
72.2895 2.80285e-29
10.4883 0
39.7603 7.69373e-16
5.16478 0
6.3068 0
8.31586 0
46.1187 1.81705e-18
46.7787 9.69828e-19
26.8334 1.68485e-10
25.5526 5.69716e-10
1.11701 0
13.9364 0
1.34904 0
25.069 9.02534e-10
9.0101 0
29.8943 9.16284e-12
9.49837 0
4.24666 0
73.0146 1.40626e-29
9.88585 0
5.2435 0
52.6588 3.60987e-21
36.0214 2.69635e-14
20.9688 4.45997e-08
19.9173 0
47.0916 7.20167e-19
2.86982 0
46.3929 1.39981e-18
5.90877 0
20.573 6.49927e-08
26.692 1.92728e-10
55.0719 3.63555e-22
17.2073 0
8.06685 0
15.416 0
30.6509 4.4611e-12
11.29 0
42.4781 5.79934e-17
15.0489 0
33.7991 2.23282e-13
41.3223 1.74127e-16
34.6597 9.84769e-14
2.14362 0
4.35747 0
7.68509 0
63.7348 9.58826e-26
5.22695 0
3.0636 0
0.119401 0
8.27893 0
3.85804 0
6.97034 0
33.6921 2.4721e-13
38.2804 3.14434e-15
23.1272 5.72335e-09
12.9259 0
9.14268 0
15.9255 0
105.485 5.41747e-43
33.8905 2.04695e-13
16.6502 0
8.73925 0
21.5741 2.50766e-08
17.4838 0
61.2595 1.01004e-24
4.33876 0
0.275818 0
25.8005 4.50034e-10
20.9996 4.33135e-08
3.24254 0
4.9345 0
40.2804 4.69118e-16
46.5479 1.20797e-18
0.673615 0
2.87809 0
4.51058 0
19.0179 0
12.9325 0
0.623904 0
49.7312 5.84746e-20
60.2263 2.69885e-24
2.17213 0
17.8365 0
31.0722 2.9881e-12
9.71356 0
15.8623 0
15.9314 0
3.68581 0
32.7859 5.85374e-13
8.13656 0
0.782923 0
19.6056 0
1.46977 0
46.577 1.17497e-18
2.7249 0
1.67907 0
49.4718 7.48404e-20
0.65877 0
109.836 8.64002e-45
25.5917 5.48953e-10
27.4836 9.07687e-11
67.9078 1.81055e-27
21.5049 2.67839e-08
25.7379 4.77659e-10
8.05453 0
9.67183 0
17.1753 0
0.0813591 0
1.58988 0
27.2703 1.11191e-10
25.3173 7.12679e-10
6.46389 0
101.915 1.61756e-41
2.40168 0
2.47483 0
9.18016 0
1.59079 0
2.85537 0
12.3482 0
3.85618 0
44.7409 6.73841e-18
3.07506 0
15.8729 0
1.94555 0
0.920629 0
34.3163 1.36517e-13
20.9473 4.5524e-08
9.54665 0
9.95543 0
19.9125 0
7.49018 0
8.83436 0
7.50197 0
2.26738 0
8.05256 0
15.7336 0
35.5594 4.18444e-14
22.4933 1.04599e-08
34.9478 7.48687e-14
76.0194 8.06689e-31
17.909 0
19.5644 0
41.9032 1.00202e-16
39.6177 8.81196e-16
13.0016 0
28.6848 2.89515e-11
12.5734 0
3.47623 0
17.9331 0
15.1906 0
15.7756 0
2.60529 0
27.1315 1.2688e-10
26.2584 2.91131e-10
16.0059 0
10.9438 0
13.6179 0
8.71813 0
0.310443 0
19.3323 0
23.2161 5.25929e-09
6.17156 0
12.8798 0
47.3079 5.86216e-19
23.1333 5.69007e-09
64.3637 5.27166e-26
13.5037 0
17.4414 0
40.4998 3.80753e-16
29.9192 8.94792e-12
99.3505 1.85393e-40
15.3549 0
4.81138 0
36.6829 1.43716e-14
1.58786 0
25.2909 7.30776e-10
33.6845 2.48995e-13
44.8785 5.91194e-18
9.94199 0
7.96645 0
4.88035 0
6.54431 0
8.97436 0
49.3634 8.29635e-20
3.10708 0
19.7612 0
40.0683 5.73973e-16
19.3121 0
0.384012 0
7.06537 0
44.5082 8.40764e-18
38.2518 3.23118e-15
70.8279 1.12574e-28
68.7434 8.17676e-28
15.1039 0
10.9207 0
17.0871 0
11.4184 0
15.5668 0
2.97785 0
0.290321 0
33.5384 2.86117e-13
47.0025 7.83829e-19
57.5538 3.42979e-23
39.9972 6.14187e-16
0.215664 0
5.38466 0
11.7384 0
18.2114 0
16.456 0
23.8597 2.85121e-09
37.9067 4.48645e-15
21.5601 2.54126e-08
3.88112 0
19.1092 0
39.5574 9.33244e-16
1.29185 0
13.908 0
1.59212 0
43.0415 3.39329e-17
22.3017 1.25512e-08
23.1117 5.80833e-09
27.896 6.13146e-11
2.00123 0
14.7317 0
11.9432 0
19.2681 0
12.3618 0
16.5223 0
11.9597 0
55.3055 2.91124e-22
30.9954 3.21471e-12
64.1229 6.6288e-26
62.933 2.05595e-25
24.9461 1.01446e-09
67.7277 2.14875e-27
26.0107 3.68484e-10
6.18213 0
28.497 3.46159e-11
32.3794 8.61713e-13
125.436 3.10099e-51
12.7526 0
15.0076 0
41.2977 1.78242e-16
15.9569 0
5.39312 0
19.037 0
12.8974 0
6.80182 0
18.3682 0
5.93003 0
8.91002 0
4.42018 0
11.5889 0
69.1766 5.41553e-28
4.77532 0
12.6553 0
17.3304 0
18.103 0
1.08007 0
28.0377 5.35831e-11
18.7993 0
7.11232 0
49.5234 7.12552e-20
13.694 0
16.8906 0
1.20209 0
25.2363 7.69703e-10
15.3109 0
4.45858 0
9.3074 0
12.4548 0
1.57051 0
33.4764 3.03512e-13
12.7286 0
31.71 1.62889e-12
3.05185 0
16.7108 0
12.4045 0
0.133194 0
71.8838 4.12318e-29
23.3057 4.82986e-09
13.4513 0
6.67084 0
15.3204 0
14.1576 0
42.8243 4.17185e-17
25.8267 4.38955e-10
79.3779 3.30554e-32
19.2995 0
9.68361 0
21.4707 2.76692e-08
31.3916 2.20525e-12
59.7901 4.08681e-24
22.9855 6.54934e-09
4.0247 0
15.0473 0
22.7845 7.92959e-09
5.73375 0
0.157492 0
11.2197 0
22.1852 1.40221e-08
12.632 0
5.82095 0
46.7367 1.00938e-18
43.5631 2.066e-17
5.99331 0
31.8567 1.41684e-12
27.2758 1.10608e-10
6.57468 0
23.7897 3.04777e-09
1.12112 0
7.59653 0
4.75764 0
22.8783 7.25224e-09
8.01286 0
26.172 3.16057e-10
10.1669 0
9.19658 0
19.8241 0
14.0003 0
15.6067 0
0.610152 0
31.5238 1.94462e-12
1.16698 0
3.9238 0
14.6976 0
60.6413 1.81855e-24
61.9374 5.30031e-25
9.62138 0
9.46607 0
25.8831 4.16052e-10
23.5061 3.99123e-09
6.48636 0
28.0759 5.16722e-11
7.38259 0
10.1609 0
91.1637 4.46945e-37
3.48156 0
4.1888 0
36.633 1.50703e-14
62.7859 2.36461e-25
18.095 0
3.69765 0
1.1851 0
3.59228 0
5.55203 0
14.8962 0
86.4122 4.10404e-35
67.4023 2.92835e-27
23.246 5.11201e-09
72.6161 2.05436e-29
2.1575 0
13.7563 0
27.0433 1.37979e-10
12.9208 0
0.669927 0
49.0956 1.07037e-19
7.96069 0
3.46726 0
19.4726 0
33.3833 3.31623e-13
4.41577 0
30.0864 7.63235e-12
2.32562 0
49.3092 8.73526e-20
117.638 5.16533e-48
39.4501 1.03351e-15
37.5736 6.15951e-15
8.91707 0
0.32665 0
3.02428 0
5.64045 0
22.5046 1.0348e-08
2.60828 0
57.6569 3.1093e-23
3.04262 0
17.9176 0
1.34019 0
14.6494 0
1.79414 0
63.9022 8.17737e-26
7.33552 0
3.99893 0
3.38143 0
25.5923 5.48638e-10
8.82315 0
4.98393 0
46.3621 1.44149e-18
3.38313 0
24.9413 1.01906e-09
28.2294 4.46491e-11
36.9979 1.06499e-14
3.89498 0
23.4889 4.05709e-09
1.46625 0
2.23842 0
38.3851 2.84624e-15
36.8503 1.22559e-14
16.1328 0
16.511 0
3.42728 0
2.32777 0
13.9106 0
5.94075 0
0.373011 0
27.3485 1.03217e-10
32.6499 6.66249e-13
2.05803 0
13.0325 0
21.6941 2.23716e-08
16.0551 0
17.0207 0
3.57965 0
10.8965 0
9.94063 0
67.1161 3.84476e-27
41.4504 1.5415e-16
48.8333 1.37368e-19
1.53927 0
0.090032 0
2.48208 0
39.7236 7.96773e-16
7.68454 0
43.4504 2.29969e-17
26.7465 1.83001e-10
7.96927 0
6.98393 0
22.1453 1.45653e-08
6.84564 0
3.4156 0
0.781095 0
4.72527 0
4.19123 0
6.30692 0
6.51808 0
8.75492 0
0.202749 0
7.21643 0
3.44191 0
2.27526 0
25.308 7.18975e-10
3.43933 0
7.69205 0
12.1173 0
44.727 6.82832e-18
6.29533 0
25.7429 4.75389e-10
36.2486 2.17222e-14
17.9561 0
3.49894 0
9.2491 0
5.6756 0
25.2119 7.87781e-10
24.3622 1.76782e-09
25.7224 4.84753e-10
28.024 5.4285e-11
5.28107 0
11.2029 0
25.6715 5.08825e-10
3.00213 0
12.8827 0
15.2838 0
41.9223 9.83925e-17
1.73284 0
12.2023 0
7.58973 0
27.7951 6.74892e-11
4.17341 0
1.91819 0
7.65382 0
23.3232 4.74988e-09
5.29094 0
63.9041 8.16216e-26
12.1109 0
14.8464 0
6.4696 0
82.9612 1.09367e-33
3.64315 0
3.3411 0
7.51326 0
13.4755 0
10.8226 0
3.74656 0
22.937 6.85826e-09
13.1491 0
1.27187 0
0.85668 0
1.24063 0
56.277 1.15537e-22
22.5008 1.03859e-08
1.85906 0
11.6092 0
27.0425 1.38091e-10
52.3449 4.8661e-21
37.4181 7.14109e-15
13.4691 0
38.2039 3.38187e-15
16.1004 0
13.6308 0
6.3955 0
4.61639 0
2.41809 0
19.604 0
5.60164 0
23.0219 6.32627e-09
0.03815 0
37.8079 4.92879e-15
36.3777 1.92131e-14
0.602657 0
12.5196 0
81.3701 4.96858e-33
4.26706 0
36.3029 2.06296e-14
37.2636 8.27144e-15
60.8908 1.43436e-24
6.56343 0
11.6486 0
10.226 0
16.605 0
18.7878 0
15.7785 0
95.5803 6.69395e-39
0.746784 0
62.464 3.21168e-25
17.4602 0
55.2346 3.11452e-22
8.75726 0
9.80377 0
39.1574 1.36534e-15
13.9017 0
7.99124 0
61.6672 6.85365e-25
3.35994 0
33.4975 2.97464e-13
75.3789 1.48354e-30
56.1988 1.24468e-22
0.128111 0
45.1972 4.36552e-18
28.1693 4.72774e-11
2.31407 0
5.93479 0
42.4885 5.74236e-17
3.55449 0
30.6739 4.36445e-12
13.0731 0
34.201 1.5235e-13
0.712056 0
16.3741 0
2.27263 0
45.5045 3.2591e-18
29.1938 1.78413e-11
18.3283 0
28.6483 2.99764e-11
33.7727 2.28957e-13
7.98176 0
