19.0855 0
4.61727 0
33.2663 3.70664e-13
5.40846 0
12.1156 0
9.51429 0
13.6756 0
1.79538 0
6.81559 0
10.2414 0
29.0285 2.08793e-11
4.47041 0
18.747 0
45.5001 3.2729e-18
31.2217 2.59201e-12
3.59811 0
24.9696 9.9199e-10
13.2452 0
0.566195 0
5.32511 0
5.36354 0
2.35518 0
21.3909 2.98513e-08
1.73208 0
1.06669 0
50.3122 3.36456e-20
8.42321 0
21.5995 2.44795e-08
80.2217 1.48129e-32
56.6781 7.88936e-23
0.611389 0
3.31148 0
12.6486 0
5.62267 0
8.2846 0
66.3996 7.60107e-27
1.44817 0
6.71132 0
6.21708 0
21.2985 3.25922e-08
36.8389 1.23898e-14
2.62043 0
22.7205 8.42711e-09
2.31282 0
7.71068 0
10.8704 0
3.12535 0
1.62204 0
4.20205 0
1.91265 0
31.4515 2.08297e-12
1.70751 0
2.59744 0
17.219 0
26.0342 3.60327e-10
24.1928 2.07701e-09
30.4969 5.1649e-12
26.3894 2.57018e-10
17.9662 0
2.00672 0
42.4788 5.79524e-17
5.61656 0
1.37853 0
19.6762 0
20.4688 7.17618e-08
29.946 8.72279e-12
28.9 2.35933e-11
6.39522 0
4.74534 0
6.03632 0
1.04991 0
13.3521 0
29.2684 1.66187e-11
6.38105 0
0.679741 0
5.63654 0
41.0907 2.17038e-16
52.2674 5.23849e-21
32.5416 7.38501e-13
4.0788 0
5.74901 0
37.8739 4.62882e-15
32.5744 7.1585e-13
42.5778 5.27451e-17
59.8494 3.86271e-24
53.8767 1.13328e-21
1.64205 0
35.1324 6.28112e-14
19.226 0
4.07835 0
12.1707 0
16.2623 0
47.3057 5.87448e-19
5.70255 0
0.160037 0
2.67788 0
9.51302 0
5.96126 0
1.59084 0
3.79646 0
