3.33201 0.324362
0.806098 0
5.80774 0.0544595
0.944227 0
2.11518 0
1.66104 0
2.38754 0
0.313443 0
1.18989 0
1.78798 0
5.06788 0.0928246
0.78046 0
3.27292 0.338475
7.94355 0.011682
5.45079 0.0704378
0.628171 0
4.35928 0.154693
2.3124 0
0.0988481 0
0.929675 0
0.936384 0
0.411175 0
3.73449 0.242685
0.302393 0
0.186226 0
8.78367 0.0063759
1.47055 0
3.7709 0.236399
14.0054 0.000147923
9.89505 0.00286191
0.106738 0
0.57813 0
2.20824 0
0.981625 0
1.44635 0
11.5923 0.000842156
0.252826 0
1.17169 0
1.0854 0
3.71837 0.245522
6.43145 0.0347406
0.457483 0
3.96662 0.205297
0.40378 0
1.34616 0
1.89779 0
0.545634 0
0.283182 0
0.733608 0
0.333916 0
5.49092 0.0684298
0.298102 0
0.453469 0
3.00614 0.410236
4.54514 0.135298
4.22366 0.170579
5.32425 0.0771639
4.60715 0.129385
3.1366 0.37342
0.350339 0
7.41609 0.0170853
0.980558 0
0.240669 0
3.43513 0.301128
3.57351 0.272542
5.22807 0.0827029
5.04546 0.0943374
1.1165 0
0.828457 0
1.05384 0
0.183296 0
2.33105 0
5.10977 0.0900641
1.11402 0
0.118671 0
0.984046 0
7.17375 0.0203461
9.12501 0.00498534
5.68122 0.0596588
0.71209 0
1.00368 0
6.61215 0.0304982
5.68694 0.0594135
7.43337 0.0168738
10.4487 0.00192021
9.40598 0.00407141
0.286674 0
6.13353 0.0430618
3.35654 0.318676
0.712012 0
2.12479 0
2.83913 0
8.25879 0.00930765
0.995571 0
0.0279397 0
0.467513 0
1.66081 0
1.04074 0
0.277734 0
0.662798 0
