3.33201 0.324362
0.806098 0
5.80774 0.0544595
0.944227 0
2.11518 0
1.66104 0
2.38754 0
0.313443 0
1.18989 0
1.78798 0
5.06788 0.0928246
0.78046 0
3.27292 0.338475
7.94355 0.011682
5.45079 0.0704378
0.628171 0
4.35928 0.154693
2.3124 0
0.0988481 0
0.929675 0
0.936384 0
0.411175 0
3.73449 0.242685
0.302393 0
0.186226 0
8.78367 0.0063759
1.47055 0
3.7709 0.236399
14.0054 0.000147923
9.89505 0.00286191
0.106738 0
0.57813 0
2.20824 0
0.981625 0
1.44635 0
11.5923 0.000842156
0.252826 0
1.17169 0
1.0854 0
3.71837 0.245522
6.43145 0.0347406
0.457483 0
3.96662 0.205297
0.40378 0
1.34616 0
1.89779 0
0.545634 0
0.283182 0
0.733608 0
0.333916 0
5.49092 0.0684298
0.298102 0
0.453469 0
3.00614 0.410236
4.54514 0.135298
4.22366 0.170579
5.32425 0.0771639
4.60715 0.129385
3.1366 0.37342
0.350339 0
7.41609 0.0170853
0.980558 0
0.240669 0
3.43513 0.301128
3.57351 0.272542
5.22807 0.0827029
5.04546 0.0943374
1.1165 0
0.828457 0
1.05384 0
0.183296 0
2.33105 0
5.10977 0.0900641
1.11402 0
0.118671 0
0.984046 0
7.17375 0.0203461
9.12501 0.00498534
5.68122 0.0596588
0.71209 0
1.00368 0
6.61215 0.0304982
5.68694 0.0594135
7.43337 0.0168738
10.4487 0.00192021
9.40598 0.00407141
0.286674 0
6.13353 0.0430618
3.35654 0.318676
0.712012 0
2.12479 0
2.83913 0
8.25879 0.00930765
0.995571 0
0.0279397 0
0.467513 0
1.66081 0
1.04074 0
0.277734 0
0.662798 0
1.0599 0
0.0592331 0
2.50195 0
0.667221 0
9.18211 0.00478434
4.99264 0.0979978
5.27658 0.0798616
4.11571 0.184381
5.24095 0.0819389
1.63719 0
1.53646 0
0.103671 0
2.16638 0
7.79932 0.0129618
1.87414 0
2.85227 0
0.591772 0
20.5372 1.33485e-06
1.83841 0
5.20303 0.0842095
2.6065 0
4.25292 0.167019
6.09044 0.0444202
11.4507 0.000932626
1.29791 0
1.61144 0
6.05013 0.0457298
1.67081 0
3.98796 0.202164
5.72422 0.0578385
1.35615 0
4.86192 0.10768
8.7182 0.00668399
0.468451 0
8.47737 0.00795096
3.64279 0.259269
1.87009 0
4.44812 0.145098
4.45307 0.144582
5.95201 0.0490811
20.1718 1.73703e-06
3.95426 0.207134
2.96867 0
0.302767 0
1.28204 0
1.35077 0
0.916163 0
0.313138 0
5.70064 0.0588295
2.15371 0
0.357738 0
0.482376 0
1.97429 0
4.6374 0.126594
2.53712 0
0.586462 0
4.42002 0.148068
1.35917 0
7.0651 0.0220035
2.53695 0
1.15533 0
5.39045 0.0735688
7.55559 0.015451
3.65427 0.257131
0.252595 0
1.69983 0
0.718867 0
3.91672 0.212814
1.49437 0
4.83916 0.109461
9.39529 0.0041029
1.55811 0
4.45443 0.14444
8.57777 0.0073959
0.24262 0
4.74961 0.116758
0.974429 0
6.62431 0.0302321
1.67934 0
5.62586 0.0620876
3.05417 0.396278
3.33196 0.324373
4.0138 0.198433
1.60575 0
3.88192 0.21822
7.14277 0.0208056
18.6927 5.04415e-06
0.915642 0
7.75573 0.0133755
1.17142 0
2.8667 0
1.23707 0
2.67429 0
8.47053 0.00799027
3.43786 0.300535
1.50368 0
7.25973 0.0191235
10.491 0.0018625
0.88579 0
2.91927 0
1.89173 0
2.27427 0
3.63966 0.259854
0.422465 0
6.34941 0.0368568
2.30244 0
1.85211 0
0.668099 0
8.28775 0.00911536
6.35301 0.0367612
5.33402 0.0766227
4.42278 0.147773
0.464805 0
0.732985 0
11.8721 0.000688313
0.897785 0
0.641033 0
5.40591 0.0727535
1.75584 0
1.40963 0
1.1791 0
3.27075 0.339005
2.98914 0
3.41129 0.306347
6.68281 0.0289838
15.1416 6.5219e-05
3.44469 0.299061
1.09087 0
1.54457 0
0.300194 0
0.755571 0
4.17171 0.177087
18.3182 6.60712e-06
0.607755 0
1.58318 0
3.27502 0.337962
1.18206 0
1.39265 0
12.2278 0.000532657
1.3511 0
1.71793 0
2.02668 0
18.499 5.79988e-06
4.80249 0.112392
0.550313 0
3.84913 0.22344
0.461822 0
4.15705 0.178967
6.01841 0.0467872
2.45755 0
1.40407 0
5.92642 0.0499946
1.2464 0
2.15793 0
0.250331 0
0.273096 0
0.246741 0
2.12425 0
0.800694 0
1.86233 0
0.0168713 0
4.03001 0.196129
1.89465 0
0.985985 0
0.821965 0
1.8033 0
6.41036 0.0352728
0.519004 0
1.46415 0
1.75853 0
1.56701 0
6.83366 0.0259979
12.2201 0.000535619
2.35456 0
2.37606 0
2.55599 0
10.8372 0.00145121
3.42142 0.304118
2.84272 0
3.16615 0.365549
3.22129 0.351307
1.18839 0
0.741616 0
2.88558 0
0.0173573 0
9.3116 0.00435802
1.84561 0
5.42576 0.0717202
0.284954 0
2.75872 0
0.579533 0
0.187797 0
0.949899 0
2.22832 0
2.64676 0
2.73315 0
0.119146 0
2.79616 0
0.952543 0
4.85747 0.108026
0.133139 0
3.26013 0.341609
2.11209 0
5.92799 0.049938
3.65763 0.25651
0.312162 0
1.7905 0
7.9118 0.0119524
5.78152 0.0554982
1.87322 0
1.85125 0
2.07084 0
5.07173 0.0925674
3.82313 0.227665
0.284258 0
0.932795 0
0.247306 0
2.87567 0
0.820519 0
0.125058 0
4.3975 0.15049
3.59921 0.267541
1.04153 0
4.6495 0.125495
7.52421 0.0158044
1.69351 0
0.280974 0
4.52958 0.136825
5.71071 0.0584043
6.21655 0.0405606
5.30144 0.0784434
15.3212 5.73007e-05
7.59328 0.015037
1.55072 0
8.21532 0.00960391
9.4948 0.00381894
2.50791 0
4.39398 0.150873
0.328344 0
5.93397 0.0497234
3.00705 0.409966
1.01411 0
0.00727758 0
2.31745 0
1.47831 0
3.99624 0.200961
1.56086 0
10.7161 0.00158358
0.784232 0
1.371 0
4.16037 0.17854
4.33635 0.157271
5.965 0.0486235
10.4899 0.00186404
6.62424 0.0302335
7.14024 0.0208434
10.1934 0.00230817
0.200686 0
0.278341 0
4.86605 0.10736
6.3702 0.0363086
2.65575 0
0.275061 0
1.93688 0
5.33808 0.0763989
1.63429 0
14.6659 9.18932e-05
3.78476 0.234051
2.32374 0
4.22703 0.170164
1.5696 0
4.7019 0.120844
3.93903 0.209421
0.986528 0
1.36234 0
0.60261 0
1.82479 0
1.44509 0
0.590439 0
4.87639 0.106562
2.3807 0
1.76187 0
0.704873 0
1.09408 0
3.65925 0.25621
13.377 0.000232656
2.57473 0
1.23528 0
2.42958 0
9.12383 0.00498957
2.60133 0
11.2355 0.00108907
5.03893 0.0947819
1.76286 0
0.140355 0
6.42886 0.0348054
0.995628 0
17.7792 9.74386e-06
1.09546 0
0.288603 0
0.854858 0
8.19325 0.00975786
5.12085 0.0893477
8.42795 0.00823926
4.59448 0.130571
0.230305 0
8.36674 0.00861093
0.601974 0
1.31607 0
2.98593 0
4.03617 0.195259
7.30698 0.0184833
3.48398 0.29071
1.48868 0
0.45501 0
5.57421 0.0644426
2.28113 0
0.20933 0
7.53123 0.0157247
2.37685 0
5.5623 0.0649981
6.55911 0.0316868
2.99121 0
1.54387 0
2.76572 0
0.888625 0
1.35657 0
0.510272 0
10.9358 0.00135166
6.19843 0.0410939
7.92007 0.0118814
1.85214 0
1.27557 0
3.22263 0.35097
1.96511 0
5.39432 0.0733638
3.52013 0.283234
8.33689 0.00879819
3.3967 0.309585
0.243821 0
0.660971 0
1.62515 0
1.68511 0
1.95808 0
12.6205 0.000401343
1.83109 0
6.94149 0.0240538
0.901684 0
1.10106 0
1.45181 0
8.05155 0.0108071
8.16678 0.00994583
4.68466 0.122355
4.46106 0.143751
0.195011 0
2.43307 0
0.23552 0
4.37663 0.152771
1.57301 0
5.21904 0.0832431
1.65826 0
0.741396 0
12.7471 0.000366347
1.72591 0
0.915428 0
9.19335 0.00474573
6.28873 0.0385044
3.66081 0.255923
3.47723 0.292128
8.22141 0.00956186
0.501024 0
8.09943 0.0104406
1.03157 0
3.5917 0.268993
4.65998 0.12455
9.61464 0.00350291
3.00411 0.410838
1.40834 0
2.69138 0
5.35114 0.075683
1.97105 0
7.41596 0.0170869
2.62729 0
5.90076 0.0509278
7.21418 0.0197618
6.051 0.0457011
0.374241 0
0.760742 0
1.34169 0
11.127 0.00117765
0.912539 0
0.534854 0
0.0208455 0
1.44536 0
0.67355 0
1.2169 0
5.88208 0.0516182
6.68312 0.0289774
4.03763 0.195055
2.25664 0
1.59616 0
2.78033 0
18.4159 6.15794e-06
5.91671 0.0503456
2.90685 0
1.52573 0
3.76648 0.237154
3.05238 0.396788
10.6949 0.001608
0.757475 0
0.0481532 0
4.50434 0.139336
3.66618 0.254934
0.566094 0
0.861482 0
7.03229 0.02253
8.12648 0.010239
0.117602 0
0.502466 0
0.787472 0
3.32021 0.327131
2.2578 0
0.108923 0
8.68223 0.00685952
10.5145 0.00183126
0.379217 0
3.11395 0.379567
5.42469 0.0717754
1.69583 0
2.76928 0
2.78135 0
0.64348 0
5.72387 0.0578529
1.42051 0
0.136685 0
3.42281 0.303814
0.256598 0
8.13156 0.0102015
0.475722 0
0.293137 0
8.63694 0.00708713
0.11501 0
19.1754 3.56195e-06
4.46788 0.143047
4.79818 0.112743
11.8556 0.000696583
3.75439 0.239229
4.49341 0.140439
1.40619 0
1.68854 0
2.99852 0
0.0142039 0
0.277567 0
4.76093 0.11581
4.41997 0.148072
1.12849 0
17.7926 9.65069e-06
0.419292 0
0.432064 0
1.6027 0
0.277725 0
0.4985 0
2.1558 0
0.673224 0
7.81101 0.012853
0.536854 0
2.77114 0
0.339661 0
0.160726 0
5.99105 0.0477189
3.65704 0.256618
1.66669 0
1.73805 0
3.47639 0.292305
1.30766 0
1.54233 0
1.30972 0
0.395846 0
1.40584 0
2.74682 0
6.20808 0.0408092
3.92696 0.21125
6.1013 0.0440738
13.2717 0.000251006
3.12662 0.376116
3.41562 0.305392
7.3156 0.0183688
6.91659 0.0244895
2.26986 0
5.00789 0.0969262
2.19511 0
0.606892 0
3.13082 0.374978
2.65202 0
2.75416 0
0.45484 0
4.73671 0.11785
4.58428 0.131535
2.79436 0
1.91061 0
2.37745 0
1.52204 0
0.0541981 0
3.37509 0.314444
4.05314 0.192885
1.07745 0
2.2486 0
8.25918 0.00930507
4.0387 0.194904
11.2368 0.00108805
2.35752 0
3.04497 0.398914
7.07059 0.0219166
5.2234 0.0829821
17.3449 1.33252e-05
2.68071 0
0.839987 0
6.40422 0.0354292
0.277213 0
4.41537 0.148564
5.88076 0.0516674
7.83503 0.0126324
1.73571 0
1.39081 0
0.852027 0
1.14253 0
1.56677 0
8.61803 0.0071844
0.542445 0
3.44998 0.297921
6.99526 0.0231393
3.37157 0.315244
0.0670422 0
1.23349 0
7.7704 0.0132348
6.67812 0.029082
12.3654 0.000482383
12.0015 0.000627054
2.63689 0
1.90658 0
2.98311 0
1.99347 0
2.7177 0
0.519883 0
0.0506853 0
5.85525 0.052626
8.20586 0.0096696
10.0479 0.00256331
6.98284 0.0233476
0.0376513 0
0.940072 0
2.04932 0
3.17941 0.362073
2.87294 0
4.16551 0.177879
6.61788 0.0303725
3.76404 0.237572
0.677579 0
3.33614 0.323397
6.90605 0.0246761
0.225536 0
2.42811 0
0.277958 0
7.51433 0.0159175
3.89351 0.216406
4.03492 0.195435
4.87017 0.107041
0.349382 0
2.5719 0
2.08509 0
3.36389 0.316994
2.15817 0
2.88451 0
2.08796 0
9.65542 0.00340145
5.41127 0.0724728
11.1948 0.00112153
10.987 0.00130268
4.35517 0.155152
11.8241 0.000712543
4.54103 0.1357
1.0793 0
4.9751 0.0992446
5.6529 0.060889
21.8991 5.00188e-07
2.2264 0
2.62007 0
7.20989 0.0198229
2.78581 0
0.941549 0
3.32355 0.326346
2.25168 0
1.18749 0
3.20679 0.354998
1.03529 0
1.55554 0
0.77169 0
2.02322 0
12.0771 0.000593793
0.833692 0
2.20941 0
3.0256 0.404524
3.16049 0.367045
0.188561 0
4.89491 0.10515
3.28205 0.336255
1.24169 0
8.64595 0.00704126
2.39075 0
2.94881 0
0.209864 0
4.40584 0.149588
2.67302 0
0.778394 0
1.62492 0
2.1744 0
0.274186 0
5.84442 0.0530385
2.2222 0
5.53605 0.0662397
0.532802 0
2.91742 0
2.16562 0
0.0232535 0
12.5497 0.000422367
4.06878 0.190724
2.34837 0
1.16462 0
2.67469 0
2.47167 0
7.47642 0.0163584
4.50892 0.138878
13.8581 0.000164493
3.36938 0.315742
1.6906 0
3.74842 0.240261
5.48045 0.0689481
10.4384 0.00193459
4.01288 0.198564
0.702645 0
2.627 0
3.97779 0.203651
1.00102 0
0.0274955 0
1.95876 0
3.87317 0.219602
2.20534 0
1.01624 0
8.15945 0.00999856
7.60539 0.0149063
1.04633 0
5.56164 0.0650289
4.7619 0.11573
1.14783 0
4.15328 0.179455
0.195729 0
1.32623 0
0.830605 0
3.99417 0.20126
1.39891 0
4.5692 0.132972
1.77496 0
1.60557 0
3.46096 0.295573
2.44422 0
2.72467 0
0.106522 0
5.50353 0.0678105
0.203736 0
0.685029 0
2.56595 0
10.587 0.00173808
10.8132 0.00147653
1.67973 0
1.65262 0
4.51875 0.137897
4.10378 0.185972
1.13241 0
4.90158 0.104646
1.28888 0
1.77393 0
15.9157 3.73312e-05
0.607822 0
0.731294 0
6.39551 0.0356524
10.9614 0.00132701
3.15908 0.367417
0.645549 0
0.206899 0
0.627153 0
0.969292 0
2.60063 0
15.0861 6.78789e-05
11.7673 0.000742326
4.05836 0.192162
12.6776 0.000385184
0.376664 0
2.40162 0
4.72132 0.119164
2.25575 0
0.116958 0
8.57127 0.00743065
1.3898 0
0.605326 0
3.39958 0.308942
5.82816 0.0536636
0.77092 0
5.25258 0.0812547
0.406014 0
8.60857 0.00723355
20.5376 1.33441e-06
6.88732 0.0250114
6.55972 0.0316729
1.55677 0
0.0570277 0
0.527988 0
0.984728 0
3.92893 0.21095
0.455363 0
10.0659 0.00253026
0.53119 0
3.12811 0.375711
0.233974 0
2.55755 0
0.313226 0
11.1563 0.00115311
1.28066 0
0.698146 0
0.590341 0
4.46798 0.143036
1.54037 0
0.870112 0
8.09404 0.0104812
0.590638 0
4.35434 0.155245
4.92839 0.102643
6.45922 0.0340521
0.679999 0
4.10078 0.186376
0.255982 0
0.390791 0
6.7014 0.0285981
6.43344 0.0346907
2.81652 0
2.88254 0
0.598346 0
0.40639 0
2.42855 0
1.03716 0
0.0651214 0
4.77459 0.114676
5.70012 0.0588518
0.359297 0
2.27525 0
3.78743 0.2336
2.80295 0
2.97153 0
0.624947 0
1.90235 0
1.73547 0
11.7173 0.000769549
7.23654 0.0194458
8.52548 0.00767997
0.268731 0
0.0157181 0
0.43333 0
6.93507 0.0241654
1.34159 0
7.58572 0.0151191
4.66949 0.1237
1.3913 0
1.21928 0
3.86619 0.220708
1.19514 0
0.596307 0
0.136366 0
0.824954 0
0.731719 0
1.10108 0
1.13795 0
1.52846 0
0.0353966 0
1.25987 0
0.600899 0
0.397223 0
4.41836 0.148245
0.600449 0
1.3429 0
2.11547 0
7.80858 0.0128755
1.09906 0
4.49428 0.14035
6.32841 0.037419
3.13484 0.373894
0.610856 0
1.61474 0
0.990865 0
4.40158 0.150048
4.25324 0.16698
4.4907 0.140713
4.89252 0.105331
0.921986 0
1.95584 0
4.48181 0.141618
0.524122 0
2.2491 0
2.6683 0
7.31894 0.0183245
0.302525 0
2.13032 0
1.32504 0
4.85256 0.108408
0.728608 0
0.334883 0
1.33623 0
4.07184 0.190303
0.923709 0
11.1566 0.00115283
2.11436 0
2.59193 0
1.12948 0
14.4836 0.000104791
0.636034 0
0.5833 0
1.31169 0
2.35259 0
1.88945 0
0.654087 0
4.00443 0.199779
2.29561 0
0.222047 0
0.149562 0
0.216594 0
9.82503 0.00301004
3.92826 0.211052
0.32456 0
2.02677 0
4.72117 0.119177
9.13854 0.00493695
6.53258 0.0322985
2.35149 0
6.66975 0.0292579
2.81086 0
2.37971 0
1.11655 0
0.805944 0
0.422158 0
3.42253 0.303875
0.977953 0
4.01924 0.197656
0.00666036 0
6.60062 0.0307526
6.35093 0.0368164
0.105214 0
2.18572 0
14.2059 0.00012802
0.744958 0
6.33788 0.0371645
6.50561 0.0329325
10.6305 0.00168436
1.14587 0
2.03364 0
1.78528 0
2.89895 0
3.28004 0.336742
2.75465 0
16.6867 2.14149e-05
0.130376 0
10.9052 0.00138186
3.04825 0.397971
9.64303 0.00343196
1.52887 0
1.71158 0
6.83622 0.0259499
2.427 0
1.39514 0
10.7661 0.0015276
0.586589 0
5.84811 0.0528974
13.1599 0.000272073
9.81137 0.00303984
0.0223661 0
7.89068 0.0121357
4.91789 0.103422
0.403997 0
1.03612 0
7.41778 0.0170646
0.620554 0
5.35516 0.075464
2.28235 0
5.97092 0.0484166
0.124313 0
2.85864 0
0.396763 0
7.94433 0.0116755
5.09674 0.0909138
3.19982 0.356786
5.00151 0.0973733
5.89615 0.0510972
1.39348 0
