5.16345 0.0805156
1.24917 0
8.99995 0.00346692
1.46322 0
3.27779 0
2.57403 0
3.69985 0
0.485726 0
1.84391 0
2.77075 0
7.85344 0.00887449
1.20944 0
5.07188 0.0867925
12.3097 0.000229905
8.44681 0.00545611
0.973444 0
6.75536 0.0218324
3.58341 0
0.15318 0
1.44067 0
1.45107 0
0.637177 0
5.78716 0.0482856
0.468602 0
0.288585 0
13.6116 7.90729e-05
2.27884 0
5.84358 0.0461029
21.7034 1.04004e-07
15.3339 1.92684e-05
0.165407 0
0.895899 0
3.42199 0
1.52117 0
2.24134 0
17.9639 2.2307e-06
0.391792 0
1.8157 0
1.68199 0
5.76217 0.0492847
9.96649 0.00156972
0.708938 0
6.14687 0.035954
0.625717 0
2.08607 0
2.94091 0
0.845541 0
0.438832 0
1.13684 0
0.517453 0
8.50899 0.00518494
0.461954 0
0.702718 0
4.65847 0
7.04338 0.0172408
6.54519 0.0259376
8.25073 0.00640762
7.13947 0.0159347
4.86063 0
0.542903 0
11.4923 0.000449327
1.51952 0
0.372952 0
5.32325 0.0706293
5.53769 0.0592427
8.10168 0.00724039
7.81869 0.00913099
1.73018 0
1.28382 0
1.63308 0
0.284045 0
3.61231 0
7.91835 0.00841459
1.72635 0
0.183899 0
1.52493 0
11.1168 0.000611323
14.1406 5.12507e-05
8.8039 0.00407141
1.10349 0
1.55535 0
10.2465 0.00124774
8.81276 0.00404195
11.5191 0.000439571
16.1918 9.53615e-06
14.576 3.58658e-05
0.444245 0
9.50483 0.00229188
5.20147 0.0780447
1.10337 0
3.29268 0
4.39965 0
12.7982 0.000154035
1.54279 0
0.0432968 0
0.724481 0
2.57368 0
1.61278 0
0.43039 0
1.02711 0
