84.0188 0
39.4383 0
78.3099 0
79.844 0
91.1647 0
19.7551 6.3908e-169
33.5223 0
76.823 0
27.7775 0
55.397 0
47.7397 0
62.8871 0
36.4784 0
51.3401 0
95.223 0
91.6195 0
63.5712 0
71.7297 0
14.1603 1.17342e-86
60.6969 0
1.63006 0.114352
24.2887 1.50588e-255
13.7232 2.23317e-81
80.4177 0
15.6679 3.8277e-106
40.0944 0
12.979 8.99301e-73
10.8809 4.15908e-51
99.8925 0
21.8257 2.87154e-206
51.2932 0
83.9112 0
61.264 0
29.6032 0
63.7552 0
52.4287 0
49.3583 0
97.2775 0
29.2517 0
77.1358 0
52.6745 0
76.9914 0
40.0229 0
89.1529 0
28.3315 0
35.2458 0
80.7725 0
91.9026 0
6.97553 5.14852e-21
94.9327 0
52.5995 0
8.60558 5.9242e-32
19.2214 6.73968e-160
66.3227 0
89.0233 0
34.8893 0
6.41713 8.38059e-18
2.0023 0.0363367
45.7702 0
6.30958 3.23869e-17
23.828 6.2553e-246
97.0634 0
90.2208 0
85.092 0
26.6666 3.94876e-308
53.976 0
37.5207 0
76.0249 0
51.2535 0
66.7724 0
53.1606 0
3.92803 7.82075e-07
43.7638 0
93.1835 0
93.081 0
72.0952 0
28.4293 0
73.8534 0
63.9979 0
35.4049 0
68.7861 0
16.5974 3.82912e-119
44.0105 0
88.0075 0
82.9201 0
33.0337 0
22.8968 4.72837e-227
89.3372 0
35.036 0
68.667 0
95.6468 0
58.864 0
65.7304 0
85.8676 0
43.956 0
92.397 0
39.8437 0
81.4767 0
68.4219 0
91.0972 0
