84.0188 0
39.4383 0
78.3099 0
79.844 0
91.1647 0
19.7551 6.3908e-169
33.5223 0
76.823 0
27.7775 0
55.397 0
47.7397 0
62.8871 0
36.4784 0
51.3401 0
95.223 0
91.6195 0
63.5712 0
71.7297 0
14.1603 1.17342e-86
60.6969 0
1.63006 0.114352
24.2887 1.50588e-255
13.7232 2.23317e-81
80.4177 0
15.6679 3.8277e-106
40.0944 0
12.979 8.99301e-73
10.8809 4.15908e-51
99.8925 0
21.8257 2.87154e-206
51.2932 0
83.9112 0
61.264 0
29.6032 0
63.7552 0
52.4287 0
49.3583 0
97.2775 0
29.2517 0
77.1358 0
52.6745 0
76.9914 0
40.0229 0
89.1529 0
28.3315 0
35.2458 0
80.7725 0
91.9026 0
6.97553 5.14852e-21
94.9327 0
52.5995 0
8.60558 5.9242e-32
19.2214 6.73968e-160
66.3227 0
89.0233 0
34.8893 0
6.41713 8.38059e-18
2.0023 0.0363367
45.7702 0
6.30958 3.23869e-17
23.828 6.2553e-246
97.0634 0
90.2208 0
85.092 0
26.6666 3.94876e-308
53.976 0
37.5207 0
76.0249 0
51.2535 0
66.7724 0
53.1606 0
3.92803 7.82075e-07
43.7638 0
93.1835 0
93.081 0
72.0952 0
28.4293 0
73.8534 0
63.9979 0
35.4049 0
68.7861 0
16.5974 3.82912e-119
44.0105 0
88.0075 0
82.9201 0
33.0337 0
22.8968 4.72837e-227
89.3372 0
35.036 0
68.667 0
95.6468 0
58.864 0
65.7304 0
85.8676 0
43.956 0
92.397 0
39.8437 0
81.4767 0
68.4219 0
91.0972 0
48.2491 0
21.5825 1.09129e-201
95.0252 0
92.0128 0
14.766 3.00575e-94
88.1062 0
64.1081 0
43.1953 0
61.9596 0
28.1059 0
78.6002 0
30.7458 0
44.7034 0
22.6107 2.11207e-221
18.7533 3.44744e-152
27.6235 0
55.6444 0
41.6501 0
16.9607 1.98539e-124
90.6804 0
10.3171 6.10909e-46
12.6075 1.17371e-68
49.5444 0
76.0475 0
98.4752 0
93.5004 0
68.4445 0
38.3188 0
74.9771 0
36.8664 0
29.416 0
23.2262 1.21335e-233
58.4489 0
24.4413 8.93484e-259
15.239 2.12948e-100
73.2149 0
12.5475 5.28985e-68
79.347 0
16.4102 1.82819e-116
74.5071 0
7.45298 5.60548e-24
95.0104 0
5.25293 5.45522e-12
52.1563 0
17.6211 2.49314e-134
24.0062 1.24929e-249
79.7798 0
73.2654 0
65.6564 0
96.7405 0
63.9458 0
75.9735 0
9.34805 1.04584e-37
13.4902 1.24234e-78
52.021 0
7.82321 2.05778e-26
6.99064 4.17792e-21
20.4655 2.58467e-181
46.142 0
81.9677 0
57.3319 0
75.5581 0
5.19388 9.99509e-12
15.7807 1.11015e-107
99.9994 0
20.4329 9.80836e-181
88.9956 0
12.5468 5.37561e-68
99.7799 0
5.40576 1.10105e-12
87.054 0
7.23288 1.37845e-22
0.416161 0.349982
92.3069 0
59.3892 0
18.0372 9.16501e-141
16.3131 4.35096e-115
39.169 0
91.3027 0
81.9695 0
35.9095 0
55.2485 0
57.943 0
45.2576 0
68.7387 0
9.96401 7.60431e-43
53.0808 0
75.7294 0
30.4295 0
99.2228 0
57.6971 0
87.7614 0
74.7809 0
62.891 0
3.54209 1.26016e-05
74.7803 0
83.3239 0
92.5377 0
87.3271 0
83.1038 0
97.9434 0
74.3811 0
90.3366 0
98.3596 0
66.688 0
49.7259 0
16.3968 2.83458e-116
83.0012 0
88.8949 0
7.69947 1.38261e-25
64.9707 0
24.8044 1.55241e-266
62.948 0
22.9137 2.18365e-227
70.062 0
31.6867 0
32.8777 0
23.1428 5.76874e-232
7.4161 9.65234e-24
63.3072 0
22.3656 1.27634e-216
65.1132 0
51.0686 0
97.1466 0
28.0042 0
54.6107 0
71.9269 0
11.3281 2.10564e-55
47.1483 0
59.254 0
94.4318 0
45.0918 0
33.6351 0
84.7684 0
43.4513 0
0.323146 0.291104
34.4943 0
59.8481 0
83.3243 0
23.3892 6.12051e-237
67.5476 0
48.295 0
48.1936 0
30.4956 0
71.2087 0
18.2556 3.35539e-144
62.1823 0
4.08643 2.28612e-07
41.3984 0
69.5984 0
67.3936 0
63.764 0
34.7116 0
18.4622 1.71804e-147
60.9106 0
62.7158 0
73.0729 0
32.8374 0
74.0438 0
20.2213 5.28164e-177
92.0914 0
68.4757 0
65.313 0
25.7265 9.33865e-287
53.2441 0
8.76436 3.82648e-33
26.0497 5.12153e-294
87.7384 0
68.6125 0
9.37402 6.44856e-38
11.1276 1.86595e-53
36.1601 0
57.6691 0
59.3211 0
66.6557 0
28.8778 0
77.5767 0
28.8379 0
32.9642 0
18.9751 8.10151e-156
98.4363 0
0.357857 0.314843
82.7391 0
33.1479 0
18.8201 2.81264e-153
43.6497 0
95.8637 0
91.893 0
76.4871 0
69.9075 0
12.1143 2.22686e-63
68.5786 0
38.3832 0
77.4273 0
94.3051 0
91.6273 0
86.1917 0
20.3548 2.35675e-179
79.3657 0
54.8042 0
29.7288 0
90.4932 0
90.9643 0
87.3979 0
49.8144 0
57.62 0
16.2757 1.47226e-114
27.3911 0
86.4579 0
49.2399 0
46.3662 0
84.8942 0
49.5977 0
29.1053 0
18.0421 7.68273e-141
68.4178 0
72.755 0
13.9058 1.45505e-83
60.3109 0
49.2422 0
83.8134 0
72.4252 0
17.8208 2.12837e-137
22.1966 2.37155e-213
49.8525 0
12.1259 1.68418e-63
13.8238 1.40449e-82
36.0443 0
32.4807 0
93.1895 0
90.8485 0
62.2095 0
83.6828 0
81.8128 0
49.6074 0
33.4972 0
39.4327 0
65.8831 0
60.8883 0
25.8906 1.97342e-290
15.123 7.1496e-99
7.2545 1.01077e-22
10.7848 3.30315e-50
64.7207 0
36.3598 0
28.827 0
33.1386 0
9.11486 7.55594e-36
42.7328 0
93.4495 0
58.357 0
26.5461 2.38738e-305
65.8747 0
76.1778 0
48.7427 0
15.7272 5.97038e-107
88.3037 0
62.5665 0
51.7715 0
20.7844 5.09383e-187
55.7561 0
42.6199 0
82.9939 0
39.4388 0
24.4327 1.35813e-258
32.6013 0
72.936 0
63.8654 0
98.4845 0
33.8243 0
89.756 0
13.6075 5.23007e-80
41.0788 0
0.540855 0.403682
78.3282 0
77.4386 0
29.3678 0
11.4668 9.02257e-57
86.5535 0
72.1006 0
4.91625 1.56662e-10
44.9105 0
98.6467 0
70.7909 0
21.0883 1.53572e-192
47.3894 0
86.5181 0
9.39195 4.61514e-38
9.95593 8.92443e-43
38.2896 0
30.1763 0
65.712 0
80.9095 0
13.1702 6.15516e-75
5.15083 1.54737e-11
5.34223 2.15383e-12
45.7716 0
78.0868 0
69.2076 0
44.256 0
11.9111 2.88692e-61
58.9637 0
57.8635 0
52.9899 0
59.5045 0
36.1917 0
30.4285 0
88.8723 0
47.6585 0
16.982 9.64133e-125
60.9729 0
52.5747 0
61.8925 0
59.6196 0
23.3656 1.83878e-236
82.9808 0
7.00902 3.23852e-21
9.88374 3.71028e-42
92.3728 0
16.965 1.71973e-124
48.1733 0
22.5491 3.39703e-220
82.6769 0
29.0829 0
35.7193 0
87.8278 0
34.4251 0
81.4909 0
65.9146 0
3.63274 6.7443e-06
25.7469 3.28015e-287
77.8257 0
62.5964 0
83.6104 0
30.8157 0
22.1009 1.6318e-211
19.8021 1.00113e-169
61.2442 0
10.9733 5.56922e-52
67.4605 0
78.2262 0
71.9462 0
20.0352 9.36166e-174
40.1188 0
31.5658 0
43.4009 0
23.0996 4.24472e-231
38.5748 0
53.2846 0
15.4724 1.66678e-103
55.5398 0
1.45793 0.174026
38.0215 0
38.2167 0
30.5408 0
73.7408 0
26.0445 6.71717e-294
64.9659 0
55.2316 0
91.9591 0
68.5986 0
80.9785 0
69.7848 0
31.195 0
64.5889 0
0.600477 0.418699
53.296 0
84.391 0
61.8447 0
64.2693 0
51.8515 0
40.0709 0
36.2154 0
71.8867 0
80.1897 0
67.7812 0
15.2876 4.84538e-101
3.28927 6.58191e-05
6.35606 1.81097e-17
68.5722 0
18.7616 2.5233e-152
61.8958 0
70.0301 0
56.7831 0
0.112548 0.111131
0.570914 0.412112
30.5239 0
26.157 1.89454e-296
65.5368 0
85.7555 0
18.1161 5.31235e-142
34.1354 0
66.7341 0
87.9009 0
65.3305 0
31.323 0
88.5014 0
18.6265 3.92225e-150
15.7139 9.06049e-107
50.3461 0
82.8957 0
67.5654 0
90.417 0
19.1112 4.582e-158
39.4521 0
70.6067 0
86.8924 0
54.7397 0
73.8959 0
93.2485 0
23.3119 2.2531e-235
92.6576 0
55.1443 0
93.342 0
49.4407 0
55.2568 0
93.9129 0
79.9646 0
81.4139 0
59.4497 0
65.7201 0
99.53 0
93.5852 0
32.4541 0
87.4309 0
58.9157 0
63.7771 0
75.9324 0
77.5421 0
79.491 0
26.2785 3.2686e-299
60.4379 0
47.0564 0
16.6955 1.47246e-120
79.549 0
86.5086 0
87.3021 0
66.4414 0
41.2483 0
61.1981 0
59.6899 0
64.5601 0
53.8557 0
14.8342 4.01169e-95
57.9022 0
3.29634 6.2958e-05
70.091 0
51.8151 0
83.2609 0
51.5049 0
11.2648 8.74321e-55
48.981 0
51.0349 0
4.84997 2.95244e-10
81.4351 0
38.4658 0
63.7656 0
45.2122 0
14.3982 1.33512e-89
41.3078 0
24.7033 2.31323e-264
40.6767 0
1.74566 0.0828936
71.7597 0
57.3721 0
81.2947 0
58.2682 0
44.6743 0
47.7361 0
99.5165 0
5.87232 6.20176e-15
7.42604 8.33881e-24
64.0766 0
59.728 0
22.2602 1.40196e-214
21.9788 3.53755e-209
63.0243 0
92.3513 0
73.7939 0
46.2852 0
43.8562 0
85.0586 0
95.2662 0
94.8911 0
89.9086 0
76.7014 0
33.3569 0
53.6742 0
21.9136 6.16378e-208
47.7551 0
94.982 0
46.6169 0
88.4318 0
96.7277 0
18.3765 4.02078e-146
45.8039 0
78.0224 0
76.6448 0
90.4782 0
25.7585 1.80126e-287
76.1612 0
96.3505 0
33.1846 0
40.2379 0
56.0785 0
55.4448 0
62.2167 0
19.1028 6.31279e-158
47.7961 0
36.0105 0
65.388 0
91.6523 0
21.0692 3.43772e-192
60.6542 0
86.5434 0
10.9778 5.04747e-52
37.3556 0
19.9003 2.03787e-171
64.652 0
59.2692 0
67.6554 0
59.6341 0
5.88605 5.28982e-15
56.0872 0
56.3617 0
24.2626 5.33964e-255
1.89108 0.0529175
34.3841 0
0.907344 0.398317
92.3692 0
60.1427 0
77.0686 0
88.7197 0
93.3273 0
17.3065 1.44891e-129
44.7982 0
48.7721 0
79.5231 0
63.9009 0
96.5682 0
15.5336 2.50414e-104
29.2889 0
88.2204 0
36.6028 0
89.9431 0
74.7638 0
47.5806 0
27.2987 0
94.664 0
12.2326 1.26301e-64
86.5679 0
62.3194 0
71.8666 0
92.454 0
18.4066 1.3316e-146
28.2284 0
16.7165 7.29107e-121
20.2977 2.39675e-178
62.6125 0
17.6239 2.25818e-134
12.6669 2.62845e-69
22.7552 3.01999e-224
94.6925 0
1.38663 0.202735
16.0824 7.55575e-112
11.9989 3.56342e-62
46.1848 0
64.8545 0
91.5221 0
10.0857 6.70975e-44
61.4227 0
7.0557 1.69091e-21
39.3746 0
49.6431 0
43.6585 0
29.3177 0
24.4069 4.78942e-258
91.2391 0
56.6164 0
19.0709 2.12545e-157
3.47164 2.02445e-05
43.1844 0
81.3904 0
75.3383 0
35.6383 0
99.797 0
3.56664 1.06567e-05
52.3548 0
20.0947 8.63985e-175
66.1792 0
69.9787 0
32.7616 0
88.9343 0
64.6712 0
34.1482 0
5.01679 5.88884e-11
76.6701 0
80.333 0
69.8713 0
68.1922 0
90.4187 0
31.294 0
75.2479 0
29.7933 0
80.9371 0
18.9064 1.09101e-154
59.1111 0
5.34394 2.1155e-12
10.1454 2.0164e-44
15.7275 5.91485e-107
24.4149 3.24364e-258
13.6171 4.03115e-80
58.9119 0
5.80523 1.34215e-14
88.9553 0
94.5502 0
5.60222 1.31249e-13
92.522 0
46.905 0
25.6969 4.28351e-286
58.7011 0
16.8837 2.67628e-123
58.4585 0
47.6355 0
81.5549 0
92.6068 0
52.6523 0
58.225 0
72.9398 0
22.5236 1.07263e-219
26.4172 2.19657e-302
63.3585 0
53.8175 0
1.66506 0.104084
93.1518 0
34.7546 0
20.5714 3.36584e-183
52.2629 0
40.0985 0
30.7168 0
67.9904 0
64.5134 0
44.3339 0
26.9022 1.31133e-313
70.3186 0
33.2892 0
21.4524 2.92953e-199
75.9208 0
25.8112 1.19597e-288
68.3574 0
1.61775 0.118118
84.5123 0
85.2411 0
60.0763 0
32.1478 0
66.796 0
52.683 0
84.8 0
25.021 3.2166e-271
25.6228 1.91621e-284
7.32357 3.72825e-23
51.4382 0
88.9813 0
61.1411 0
53.1033 0
82.1331 0
95.8957 0
73.6747 0
34.3959 0
35.9942 0
4.39153 1.84932e-08
2.38632 0.0080284
0.50762 0.392311
48.7254 0
29.2886 0
70.8262 0
82.0146 0
50.741 0
46.7471 0
7.82579 1.97719e-26
19.0984 7.46996e-158
48.3648 0
92.3381 0
4.33947 2.87894e-08
8.4411 9.59353e-31
24.4858 1.01181e-259
71.1355 0
61.1241 0
9.28584 3.31121e-37
96.1565 0
86.7469 0
16.6094 2.5734e-119
47.5947 0
75.7282 0
77.7505 0
0.698012 0.428811
57.8613 0
73.6462 0
74.3727 0
92.2572 0
9.64041 4.18633e-40
78.7642 0
94.6435 0
10.148 1.9126e-44
27.4897 0
23.9321 4.35783e-248
80.9743 0
9.50427 5.59191e-39
74.673 0
27.7214 0
17.3301 6.40719e-130
93.7714 0
76.0862 0
9.66814 2.45795e-40
98.1109 0
84.5273 0
34.154 0
69.2463 0
45.6514 0
43.4398 0
65.4029 0
32.3983 0
60.0492 0
12.9976 5.56169e-73
8.1265 1.69461e-28
37.7997 0
13.6956 4.74327e-81
65.9878 0
11.4459 1.4531e-56
88.0683 0
58.245 0
21.0863 1.66908e-192
66.8326 0
52.8885 0
31.2343 0
94.3222 0
76.8206 0
12.2086 2.26385e-64
3.82648 1.67444e-06
51.4936 0
39.93 0
21.1565 8.61922e-194
45.265 0
16.0162 6.3105e-111
30.8247 0
43.3758 0
0.543489 0.404491
64.9787 0
12.6222 8.1189e-69
46.1949 0
8.41846 1.40135e-30
78.0251 0
78.5932 0
68.4677 0
91.0227 0
86.7197 0
6.26739 5.46885e-17
4.71826 1.0128e-09
52.7075 0
17.7133 9.63074e-136
92.7866 0
10.9525 8.77268e-52
38.7996 0
59.6191 0
63.8409 0
70.034 0
53.9413 0
40.6615 0
82.2426 0
57.7678 0
92.1551 0
22.1726 6.86459e-213
78.9244 0
37.4201 0
38.1888 0
9.74906 5.15021e-41
80.7959 0
38.7323 0
74.7277 0
93.4181 0
84.9272 0
83.1462 0
71.4432 0
63.5204 0
51.6139 0
62.4658 0
50.2401 0
57.8813 0
67.1841 0
2.94762 0.000496723
75.5945 0
59.9707 0
13.9001 1.7061e-83
14.3942 1.49925e-89
19.5898 4.23914e-166
77.741 0
84.4281 0
73.5311 0
18.4025 1.54778e-146
66.6707 0
31.299 0
10.5576 4.12629e-48
88.8433 0
10.2233 4.15618e-45
47.9777 0
27.0321 1.19982e-316
19.9724 1.15357e-172
28.7736 0
65.7643 0
94.7001 0
22.1918 2.93412e-213
50.6915 0
77.8463 0
93.6349 0
14.2119 2.72396e-87
29.4601 0
56.1007 0
64.452 0
87.3414 0
23.2848 7.94735e-235
67.3996 0
62.9359 0
83.2555 0
81.2997 0
77.3301 0
2.84525 0.000867568
59.0407 0
61.7582 0
76.3764 0
77.4432 0
28.4289 0
7.67534 1.99737e-25
88.0009 0
17.2722 4.72669e-129
17.8987 1.32219e-138
35.9786 0
44.3043 0
37.871 0
64.7522 0
10.0686 9.46026e-44
32.5711 0
86.944 0
60.76 0
10.4174 7.70893e-47
80.5789 0
74.9719 0
39.8775 0
36.6796 0
39.4239 0
27.2189 4.84184e-321
59.9644 0
6.82348 4.10486e-20
90.1549 0
43.2199 0
88.1232 0
67.485 0
46.0652 0
47.1639 0
29.2432 0
22.4415 4.269e-218
24.6071 2.63781e-262
57.6721 0
30.1169 0
12.608 1.16029e-68
74.9443 0
48.0156 0
48.5866 0
19.2486 2.37082e-160
85.8866 0
13.3388 7.14293e-77
29.3171 0
18.4577 2.02832e-147
0.282779 0.261048
90.0772 0
28.8752 0
80.8617 0
65.0491 0
68.7527 0
17.5413 4.09923e-133
4.47295 9.15279e-09
95.9716 0
77.5058 0
11.2964 4.29465e-55
86.1265 0
20.7257 5.80622e-186
99.4196 0
53.6115 0
66.7908 0
46.5835 0
82.8546 0
89.2324 0
71.1906 0
40.5267 0
19.3493 4.89073e-162
83.7986 0
15.4711 1.73642e-103
67.3648 0
32.3852 0
34.7196 0
53.2514 0
