0.0862428 0.0862428
0.768496 0.768496
0.483866 0.483866
0.760274 0.760274
0.0235251 0.0235251
0.526678 0.526678
0.0237631 0.0237631
0.372389 0.372389
0.32706 0.32706
0.141916 0.141916
1.50237 1.50237
0.262847 0.262847
0.72193 0.72193
0.553953 0.553953
0.0903979 0.0903979
0.238163 0.238163
0.485892 0.485892
0.925193 0.925193
0.66174 0.66174
1.88965 1.88965
0.546409 0.546409
0.368803 0.368803
1.42502 1.42502
0.0356155 0.0356155
0.632595 0.632595
0.00931011 0.00931011
0.130589 0.130589
0.480447 0.480447
0.0521409 0.0521409
0.606871 0.606871
0.266517 0.266517
0.529815 0.529815
0.991581 0.991581
0.569858 0.569858
0.237045 0.237045
0.475578 0.475578
0.856676 0.856676
0.0328667 0.0328667
0.201606 0.201606
0.813787 0.813787
0.929333 0.929333
0.0926889 0.0926889
0.333018 0.333018
0.051103 0.051103
1.18318 1.18318
0.00724262 0.00724262
0.286808 0.286808
0.22292 0.22292
0.429185 0.429185
1.12877 1.12877
0.698707 0.698707
0.563662 0.563662
0.781142 0.781142
0.937319 0.937319
0.68713 0.68713
1.10985 1.10985
0.112245 0.112245
0.114484 0.114484
1.0028 1.0028
1.40972 1.40972
0.401606 0.401606
0.0100036 0.0100036
0.364585 0.364585
0.846791 0.846791
0.789659 0.789659
0.394093 0.394093
1.01521 1.01521
0.0806291 0.0806291
0.665391 0.665391
0.154744 0.154744
0.295503 0.295503
0.741279 0.741279
0.0953508 0.0953508
0.778485 0.778485
0.527578 0.527578
0.0582971 0.0582971
0.0677752 0.0677752
0.047195 0.047195
0.0133248 0.0133248
0.807333 0.807333
0.111616 0.111616
0.938818 0.938818
0.779345 0.779345
0.318602 0.318602
0.0937686 0.0937686
0.0417254 0.0417254
0.0897437 0.0897437
1.30987 1.30987
0.700462 0.700462
0.159918 0.159918
0.657658 0.657658
0.700676 0.700676
0.524604 0.524604
0.0301479 0.0301479
1.41759 1.41759
0.0860982 0.0860982
0.548584 0.548584
2.0199 2.0199
0.95128 0.95128
0.186981 0.186981
