0.0862428 0.0862428
0.768496 0.768496
0.483866 0.483866
0.760274 0.760274
0.0235251 0.0235251
0.526678 0.526678
0.0237631 0.0237631
0.372389 0.372389
0.32706 0.32706
0.141916 0.141916
1.50237 1.50237
0.262847 0.262847
0.72193 0.72193
0.553953 0.553953
0.0903979 0.0903979
0.238163 0.238163
0.485892 0.485892
0.925193 0.925193
0.66174 0.66174
1.88965 1.88965
0.546409 0.546409
0.368803 0.368803
1.42502 1.42502
0.0356155 0.0356155
0.632595 0.632595
0.00931011 0.00931011
0.130589 0.130589
0.480447 0.480447
0.0521409 0.0521409
0.606871 0.606871
0.266517 0.266517
0.529815 0.529815
0.991581 0.991581
0.569858 0.569858
0.237045 0.237045
0.475578 0.475578
0.856676 0.856676
0.0328667 0.0328667
0.201606 0.201606
0.813787 0.813787
0.929333 0.929333
0.0926889 0.0926889
0.333018 0.333018
0.051103 0.051103
1.18318 1.18318
0.00724262 0.00724262
0.286808 0.286808
0.22292 0.22292
0.429185 0.429185
1.12877 1.12877
0.698707 0.698707
0.563662 0.563662
0.781142 0.781142
0.937319 0.937319
0.68713 0.68713
1.10985 1.10985
0.112245 0.112245
0.114484 0.114484
1.0028 1.0028
1.40972 1.40972
0.401606 0.401606
0.0100036 0.0100036
0.364585 0.364585
0.846791 0.846791
0.789659 0.789659
0.394093 0.394093
1.01521 1.01521
0.0806291 0.0806291
0.665391 0.665391
0.154744 0.154744
0.295503 0.295503
0.741279 0.741279
0.0953508 0.0953508
0.778485 0.778485
0.527578 0.527578
0.0582971 0.0582971
0.0677752 0.0677752
0.047195 0.047195
0.0133248 0.0133248
0.807333 0.807333
0.111616 0.111616
0.938818 0.938818
0.779345 0.779345
0.318602 0.318602
0.0937686 0.0937686
0.0417254 0.0417254
0.0897437 0.0897437
1.30987 1.30987
0.700462 0.700462
0.159918 0.159918
0.657658 0.657658
0.700676 0.700676
0.524604 0.524604
0.0301479 0.0301479
1.41759 1.41759
0.0860982 0.0860982
0.548584 0.548584
2.0199 2.0199
0.95128 0.95128
0.186981 0.186981
0.349792 0.349792
0.291309 0.291309
0.410256 0.410256
1.13356 1.13356
0.647096 0.647096
0.347307 0.347307
0.877671 0.877671
0.396999 0.396999
0.390356 0.390356
0.0969702 0.0969702
0.654398 0.654398
0.699305 0.699305
0.498016 0.498016
0.648948 0.648948
0.271093 0.271093
0.85096 0.85096
0.252725 0.252725
0.238586 0.238586
0.317803 0.317803
0.193724 0.193724
0.846943 0.846943
0.387075 0.387075
0.493205 0.493205
0.934959 0.934959
1.17041 1.17041
0.634327 0.634327
0.049633 0.049633
0.726852 0.726852
1.17166 1.17166
0.507875 0.507875
0.111506 0.111506
0.104723 0.104723
1.31987 1.31987
0.407711 0.407711
1.74692 1.74692
0.565955 0.565955
1.38072 1.38072
0.735739 0.735739
1.50866 1.50866
0.714647 0.714647
0.109772 0.109772
0.188131 0.188131
0.830166 0.830166
0.639985 0.639985
1.44174 1.44174
0.353529 0.353529
0.758727 0.758727
0.229263 0.229263
0.219434 0.219434
1.50264 1.50264
0.109135 0.109135
0.848383 0.848383
1.11044 1.11044
0.279526 0.279526
0.746893 0.746893
0.575711 0.575711
0.174653 0.174653
0.285543 0.285543
0.00581036 0.00581036
0.155226 0.155226
1.03942 1.03942
0.161022 0.161022
1.02218 1.02218
0.619507 0.619507
0.585626 0.585626
1.00451 1.00451
0.4587 0.4587
0.219775 0.219775
0.350758 0.350758
0.587066 0.587066
1.58862 1.58862
1.76404 1.76404
0.179678 0.179678
0.188297 0.188297
1.27771 1.27771
0.588628 0.588628
0.00763155 0.00763155
0.347086 0.347086
0.180927 0.180927
1.19211 1.19211
0.13078 0.13078
0.158373 0.158373
0.67045 0.67045
0.20455 0.20455
0.350077 0.350077
1.11497 1.11497
0.173079 0.173079
0.264259 0.264259
1.40135 1.40135
0.407685 0.407685
0.164431 0.164431
1.01665 1.01665
0.186719 0.186719
0.888534 0.888534
0.631779 0.631779
0.352178 0.352178
0.533678 0.533678
0.575529 0.575529
0.534849 0.534849
0.57747 0.57747
0.084332 0.084332
0.033044 0.033044
0.458328 0.458328
0.835841 0.835841
0.923046 0.923046
0.44551 0.44551
0.219797 0.219797
0.215812 0.215812
0.285612 0.285612
0.103009 0.103009
0.106038 0.106038
0.0266265 0.0266265
0.0713968 0.0713968
0.0354934 0.0354934
0.526952 0.526952
0.0232471 0.0232471
0.509864 0.509864
0.377446 0.377446
0.191425 0.191425
0.575005 0.575005
0.566349 0.566349
1.27448 1.27448
0.564912 0.564912
0.730194 0.730194
0.128773 0.128773
0.406386 0.406386
1.11554 1.11554
0.193091 0.193091
1.18607 1.18607
0.442428 0.442428
0.102125 0.102125
1.05558 1.05558
0.295517 0.295517
0.507943 0.507943
0.542508 0.542508
1.57989 1.57989
0.736024 0.736024
0.387051 0.387051
1.15563 1.15563
0.803223 0.803223
0.896328 0.896328
0.0258927 0.0258927
0.793091 0.793091
1.02665 1.02665
1.07381 1.07381
0.0741649 0.0741649
0.183428 0.183428
0.365155 0.365155
0.508652 0.508652
0.996202 0.996202
0.126146 0.126146
1.10587 1.10587
0.0585923 0.0585923
0.299627 0.299627
0.304272 0.304272
1.41957 1.41957
0.302145 0.302145
0.0623943 0.0623943
0.41859 0.41859
0.135219 0.135219
0.20974 0.20974
0.908618 0.908618
0.501319 0.501319
0.194317 0.194317
0.847989 0.847989
0.745716 0.745716
0.386364 0.386364
0.772126 0.772126
0.267547 0.267547
0.345353 0.345353
0.270869 0.270869
0.0491893 0.0491893
0.0855362 0.0855362
0.0530901 0.0530901
0.0878135 0.0878135
0.537207 0.537207
0.251214 0.251214
0.818752 0.818752
0.879722 0.879722
0.0502417 0.0502417
0.743444 0.743444
1.75907 1.75907
0.40692 0.40692
1.39476 1.39476
0.556499 0.556499
1.3058 1.3058
0.0801589 0.0801589
2.06806 2.06806
0.0168749 0.0168749
0.358205 0.358205
1.5195 1.5195
0.708799 0.708799
0.0539035 0.0539035
1.10095 1.10095
0.0908008 0.0908008
1.36021 1.36021
0.71914 0.71914
0.677595 0.677595
0.175014 0.175014
1.26223 1.26223
0.369984 0.369984
1.00431 1.00431
0.224118 0.224118
0.15131 0.15131
0.378047 0.378047
0.131394 0.131394
0.263871 0.263871
0.49139 0.49139
0.862995 0.862995
0.520647 0.520647
0.560618 0.560618
1.29648 1.29648
0.993853 0.993853
0.0265949 0.0265949
0.152852 0.152852
0.148351 0.148351
0.852266 0.852266
1.34122 1.34122
0.359456 0.359456
0.12364 0.12364
1.26133 1.26133
0.125762 0.125762
0.89812 0.89812
0.250124 0.250124
0.0845129 0.0845129
0.465485 0.465485
0.11839 0.11839
0.145211 0.145211
0.254507 0.254507
0.130443 0.130443
1.24404 1.24404
0.592517 0.592517
0.403339 0.403339
0.468755 0.468755
0.0231924 0.0231924
0.679737 0.679737
1.06086 1.06086
0.692897 0.692897
0.0303485 0.0303485
0.574387 0.574387
0.758915 0.758915
0.99938 0.99938
0.0556707 0.0556707
2.62005 2.62005
0.117746 0.117746
0.538161 0.538161
0.234053 0.234053
0.939232 0.939232
1.27546 1.27546
0.829111 0.829111
0.762267 0.762267
0.217327 0.217327
0.317473 0.317473
0.806686 0.806686
1.54622 1.54622
0.213432 0.213432
0.390092 0.390092
0.819592 0.819592
0.632671 0.632671
0.295209 0.295209
0.876592 0.876592
0.789337 0.789337
0.520943 0.520943
0.126574 0.126574
1.22084 1.22084
0.0855669 0.0855669
0.303565 0.303565
0.752373 0.752373
0.849537 0.849537
0.103571 0.103571
0.770069 0.770069
0.433432 0.433432
0.702839 0.702839
0.828045 0.828045
0.663653 0.663653
0.542486 0.542486
0.46469 0.46469
0.138094 0.138094
1.35606 1.35606
1.15882 1.15882
0.665227 0.665227
0.966301 0.966301
0.692036 0.692036
1.67513 1.67513
0.72808 0.72808
0.191785 0.191785
0.0746259 0.0746259
0.987535 0.987535
0.552011 0.552011
0.35994 0.35994
0.867338 0.867338
0.969585 0.969585
1.40241 1.40241
0.277004 0.277004
1.2045 1.2045
0.310815 0.310815
0.308295 0.308295
1.4325 1.4325
1.03419 1.03419
0.395335 0.395335
0.329604 0.329604
0.298041 0.298041
1.06612 1.06612
0.765471 0.765471
0.355528 0.355528
1.37717 1.37717
0.33749 0.33749
0.123806 0.123806
0.577798 0.577798
0.393746 0.393746
0.14686 0.14686
0.619582 0.619582
0.458163 0.458163
1.26158 1.26158
0.974205 0.974205
0.214955 0.214955
0.650328 0.650328
0.578752 0.578752
0.397044 0.397044
0.019832 0.019832
0.473444 0.473444
0.473638 0.473638
0.0592429 0.0592429
0.37132 0.37132
0.00386113 0.00386113
0.77266 0.77266
0.734973 0.734973
0.0097437 0.0097437
0.747158 0.747158
1.11392 1.11392
0.685731 0.685731
0.291199 0.291199
0.19868 0.19868
0.563657 0.563657
0.427372 0.427372
1.157 1.157
0.215583 0.215583
0.223372 0.223372
0.529492 0.529492
0.234739 0.234739
0.910446 0.910446
0.721246 0.721246
0.475869 0.475869
0.638007 0.638007
0.478419 0.478419
0.356847 0.356847
0.252293 0.252293
1.04322 1.04322
0.101711 0.101711
0.186838 0.186838
0.442062 0.442062
0.452409 0.452409
0.465765 0.465765
0.129745 0.129745
1.09503 1.09503
0.888454 0.888454
0.411015 0.411015
0.426486 0.426486
0.832344 0.832344
1.09455 1.09455
0.436706 0.436706
0.177803 0.177803
0.809726 0.809726
0.260218 0.260218
0.651757 0.651757
1.3412 1.3412
0.245923 0.245923
0.266759 0.266759
1.3721 1.3721
0.587841 0.587841
0.123289 0.123289
0.211271 0.211271
0.381887 0.381887
0.942017 0.942017
0.538089 0.538089
0.266676 0.266676
0.188426 0.188426
1.14894 1.14894
0.532905 0.532905
0.768664 0.768664
0.275958 0.275958
0.363358 0.363358
0.413155 0.413155
0.0918328 0.0918328
0.352615 0.352615
1.02899 1.02899
0.204489 0.204489
1.06675 1.06675
0.0166856 0.0166856
0.535225 0.535225
0.220123 0.220123
0.722917 0.722917
1.05438 1.05438
0.905525 0.905525
0.7173 0.7173
0.114078 0.114078
0.0927399 0.0927399
0.788685 0.788685
0.210608 0.210608
0.592553 0.592553
0.370962 0.370962
0.18035 0.18035
1.30664 1.30664
0.345512 0.345512
1.68922 1.68922
0.545495 0.545495
1.07777 1.07777
2.00855 2.00855
0.570035 0.570035
1.18839 1.18839
0.451814 0.451814
1.1132 1.1132
0.588672 0.588672
0.984347 0.984347
1.42186 1.42186
0.0610633 0.0610633
0.221706 0.221706
0.709695 0.709695
0.796593 0.796593
0.397549 0.397549
0.995813 0.995813
0.142921 0.142921
1.732 1.732
0.220613 0.220613
0.301624 0.301624
0.254777 0.254777
1.84556 1.84556
0.612839 0.612839
0.631534 0.631534
0.327475 0.327475
0.842868 0.842868
0.579907 0.579907
0.857269 0.857269
1.50291 1.50291
1.06032 1.06032
1.06567 1.06567
0.0761148 0.0761148
0.223872 0.223872
0.200307 0.200307
0.864324 0.864324
0.564843 0.564843
0.968504 0.968504
0.113559 0.113559
0.573654 0.573654
0.483442 0.483442
1.32027 1.32027
0.500215 0.500215
0.0362402 0.0362402
0.0874355 0.0874355
0.688443 0.688443
0.836783 0.836783
0.119123 0.119123
0.351012 0.351012
0.551875 0.551875
0.457512 0.457512
0.102527 0.102527
0.02176 0.02176
0.0449045 0.0449045
0.955556 0.955556
0.219336 0.219336
0.539539 0.539539
0.809584 0.809584
0.651874 0.651874
0.360557 0.360557
0.37049 0.37049
0.708616 0.708616
2.01302 2.01302
1.06537 1.06537
0.0842938 0.0842938
0.62416 0.62416
0.5801 0.5801
0.230684 0.230684
0.105706 0.105706
0.675937 0.675937
0.0861759 0.0861759
0.702391 0.702391
0.519638 0.519638
0.0154152 0.0154152
1.12944 1.12944
0.218039 0.218039
0.291161 0.291161
0.797562 0.797562
0.209923 0.209923
0.328328 0.328328
0.352568 0.352568
0.574239 0.574239
0.631353 0.631353
0.0406512 0.0406512
0.491829 0.491829
0.722177 0.722177
0.50637 0.50637
0.89406 0.89406
0.10911 0.10911
0.842098 0.842098
0.220049 0.220049
0.816806 0.816806
0.841207 0.841207
0.961067 0.961067
0.781581 0.781581
0.983224 0.983224
1.18535 1.18535
0.0425569 0.0425569
0.597631 0.597631
0.570766 0.570766
0.819378 0.819378
0.114707 0.114707
0.638458 0.638458
0.0914978 0.0914978
0.973053 0.973053
0.495241 0.495241
0.47214 0.47214
0.887567 0.887567
0.128033 0.128033
0.264224 0.264224
0.413641 0.413641
0.48409 0.48409
0.0657138 0.0657138
0.246717 0.246717
0.282824 0.282824
0.895179 0.895179
1.05562 1.05562
0.188568 0.188568
0.457875 0.457875
0.248773 0.248773
6.71969e-05 6.71969e-05
0.146527 0.146527
0.588246 0.588246
0.770348 0.770348
0.380419 0.380419
0.575908 0.575908
0.137653 0.137653
0.561665 0.561665
0.0772747 0.0772747
0.643079 0.643079
0.616738 0.616738
0.552958 0.552958
0.403584 0.403584
1.40814 1.40814
0.717202 0.717202
0.375456 0.375456
1.16146 1.16146
0.197109 0.197109
0.370805 0.370805
1.0287 1.0287
0.715516 0.715516
0.897982 0.897982
0.673225 0.673225
0.758234 0.758234
0.0494838 0.0494838
0.260625 0.260625
0.315185 0.315185
0.914716 0.914716
1.03207 1.03207
1.10353 1.10353
1.27095 1.27095
0.377453 0.377453
1.16369 1.16369
0.33033 0.33033
0.282927 0.282927
0.310521 0.310521
0.377358 0.377358
0.785333 0.785333
0.132934 0.132934
0.469099 0.469099
1.06386 1.06386
0.0252894 0.0252894
0.557701 0.557701
0.208879 0.208879
0.236513 0.236513
0.0298479 0.0298479
0.776022 0.776022
0.166704 0.166704
0.600928 0.600928
0.000237308 0.000237308
0.301974 0.301974
0.787756 0.787756
0.354622 0.354622
0.467096 0.467096
0.474209 0.474209
0.553928 0.553928
0.624041 0.624041
2.03302 2.03302
0.744433 0.744433
1.25611 1.25611
0.0953281 0.0953281
0.577379 0.577379
0.891964 0.891964
0.289631 0.289631
0.368739 0.368739
0.628735 0.628735
0.172422 0.172422
0.396378 0.396378
0.352718 0.352718
0.310509 0.310509
0.225251 0.225251
0.183275 0.183275
0.145849 0.145849
0.235951 0.235951
0.780792 0.780792
0.0362181 0.0362181
0.120475 0.120475
0.0239358 0.0239358
0.383277 0.383277
0.663631 0.663631
0.936678 0.936678
1.16013 1.16013
0.507953 0.507953
1.82589 1.82589
0.415712 0.415712
0.635341 0.635341
1.82926 1.82926
0.663879 0.663879
1.4635 1.4635
0.333015 0.333015
1.34415 1.34415
0.499625 0.499625
0.918552 0.918552
0.635688 0.635688
0.491162 0.491162
0.568926 0.568926
0.135659 0.135659
1.20512 1.20512
0.0963734 0.0963734
0.163516 0.163516
0.197571 0.197571
1.39334 1.39334
0.894374 0.894374
0.0170566 0.0170566
0.97569 0.97569
0.373204 0.373204
1.49777 1.49777
0.50015 0.50015
0.619462 0.619462
0.657896 0.657896
0.367416 0.367416
0.408135 0.408135
0.788316 0.788316
0.294555 0.294555
0.359334 0.359334
0.269826 0.269826
0.354864 0.354864
1.07524 1.07524
1.21029 1.21029
0.844857 0.844857
0.377687 0.377687
0.345582 0.345582
0.0583327 0.0583327
0.326759 0.326759
0.427246 0.427246
1.1321 1.1321
0.0814847 0.0814847
0.0172789 0.0172789
0.789321 0.789321
0.533375 0.533375
0.603355 0.603355
0.308052 0.308052
0.503085 0.503085
0.116575 0.116575
0.462725 0.462725
0.590915 0.590915
0.377912 0.377912
0.317065 0.317065
0.505596 0.505596
0.620424 0.620424
0.281205 0.281205
0.768979 0.768979
1.2277 1.2277
0.23039 0.23039
0.626002 0.626002
0.137186 0.137186
1.09201 1.09201
0.272354 0.272354
0.512872 0.512872
1.51474 1.51474
1.46758 1.46758
0.269536 0.269536
0.318859 0.318859
0.509454 0.509454
0.508685 0.508685
0.279261 0.279261
0.09161 0.09161
0.941906 0.941906
0.649391 0.649391
0.552766 0.552766
0.471923 0.471923
0.384001 0.384001
1.56664 1.56664
0.132995 0.132995
0.356376 0.356376
0.629353 0.629353
0.840039 0.840039
0.23394 0.23394
0.276469 0.276469
0.971843 0.971843
0.334553 0.334553
0.599566 0.599566
0.251335 0.251335
0.071013 0.071013
0.585641 0.585641
0.335257 0.335257
1.27916 1.27916
0.443069 0.443069
0.869497 0.869497
0.105818 0.105818
1.37959 1.37959
1.15779 1.15779
0.0592006 0.0592006
1.24932 1.24932
1.78241 1.78241
0.527826 0.527826
0.621242 0.621242
0.905397 0.905397
0.817245 0.817245
0.220029 0.220029
0.680113 0.680113
0.33974 0.33974
0.479335 0.479335
0.0637121 0.0637121
0.831929 0.831929
0.412332 0.412332
0.715545 0.715545
1.01618 1.01618
0.131231 0.131231
0.157643 0.157643
1.20588 1.20588
0.209994 0.209994
1.27128 1.27128
0.305389 0.305389
0.684413 0.684413
0.736587 0.736587
0.832503 0.832503
0.310696 0.310696
0.769589 0.769589
0.752773 0.752773
0.941317 0.941317
0.0285831 0.0285831
0.115831 0.115831
1.1127 1.1127
0.89676 0.89676
0.827198 0.827198
0.856256 0.856256
0.258096 0.258096
0.359222 0.359222
0.201123 0.201123
0.457151 0.457151
0.433773 0.433773
0.0147988 0.0147988
0.0563335 0.0563335
0.789771 0.789771
0.827774 0.827774
0.416423 0.416423
0.552094 0.552094
0.274321 0.274321
0.552526 0.552526
0.654127 0.654127
0.200845 0.200845
0.851822 0.851822
0.344992 0.344992
0.380332 0.380332
0.128717 0.128717
1.21463 1.21463
0.661559 0.661559
0.468489 0.468489
0.342363 0.342363
0.26261 0.26261
0.131768 0.131768
0.405799 0.405799
0.486265 0.486265
0.390132 0.390132
0.770329 0.770329
0.389186 0.389186
0.14716 0.14716
0.435586 0.435586
0.824393 0.824393
0.402995 0.402995
0.529177 0.529177
0.010729 0.010729
0.313567 0.313567
0.178502 0.178502
0.213909 0.213909
0.447557 0.447557
0.38602 0.38602
0.936089 0.936089
0.129107 0.129107
0.221485 0.221485
0.395359 0.395359
0.951682 0.951682
0.730064 0.730064
1.34586 1.34586
0.638817 0.638817
0.704956 0.704956
0.828697 0.828697
0.365483 0.365483
0.136826 0.136826
0.457338 0.457338
0.700982 0.700982
0.296842 0.296842
0.119253 0.119253
0.0516144 0.0516144
0.991589 0.991589
1.575 1.575
0.605882 0.605882
0.332137 0.332137
0.312283 0.312283
0.116741 0.116741
0.487823 0.487823
0.392239 0.392239
0.395831 0.395831
0.193432 0.193432
0.884293 0.884293
0.568318 0.568318
0.868743 0.868743
0.930372 0.930372
0.0195324 0.0195324
0.234935 0.234935
1.20128 1.20128
1.78225 1.78225
0.291287 0.291287
0.562554 0.562554
0.887553 0.887553
0.100065 0.100065
0.134533 0.134533
0.704293 0.704293
0.234462 0.234462
0.438519 0.438519
1.17532 1.17532
0.122215 0.122215
0.428652 0.428652
0.25143 0.25143
0.64935 0.64935
0.897096 0.897096
0.937766 0.937766
0.651175 0.651175
0.0267133 0.0267133
0.159511 0.159511
0.744383 0.744383
0.324712 0.324712
1.12449 1.12449
0.277213 0.277213
0.250985 0.250985
0.591458 0.591458
0.147722 0.147722
0.449764 0.449764
0.169006 0.169006
0.269474 0.269474
0.931946 0.931946
0.0510833 0.0510833
0.968926 0.968926
0.807246 0.807246
1.10039 1.10039
0.186436 0.186436
0.955439 0.955439
0.741952 0.741952
0.634285 0.634285
0.651998 0.651998
0.517922 0.517922
1.3492 1.3492
0.0546853 0.0546853
0.385023 0.385023
0.6617 0.6617
0.412189 0.412189
0.335006 0.335006
0.355791 0.355791
0.169526 0.169526
0.243424 0.243424
0.341349 0.341349
0.254124 0.254124
0.691904 0.691904
0.445218 0.445218
0.701701 0.701701
0.4775 0.4775
0.399799 0.399799
0.680026 0.680026
0.373274 0.373274
0.380793 0.380793
0.125086 0.125086
0.214784 0.214784
1.04323 1.04323
0.262851 0.262851
0.60851 0.60851
0.977725 0.977725
0.580029 0.580029
0.340915 0.340915
0.254439 0.254439
1.29152 1.29152
0.661891 0.661891
0.350232 0.350232
1.61907 1.61907
0.537144 0.537144
0.613378 0.613378
0.0952459 0.0952459
0.593533 0.593533
0.555058 0.555058
0.305537 0.305537
0.676298 0.676298
0.588933 0.588933
0.127236 0.127236
0.28992 0.28992
0.0219537 0.0219537
0.310056 0.310056
