1.49443 0.197551
0.474101 0.76823
0.392853 0.55397
0.675176 0.628871
0.515909 0.513401
0.200266 0.606969
0.0230537 0.242887
0.194085 0.804177
0.221589 0.400944
0.183561 0.108809
0.869082 0.296032
0.413702 0.771358
0.400688 0.352458
0.0986539 0.949327
0.743936 0.0860558
0.271845 0.663227
0.0907566 0.020023
0.647321 0.0630958
0.377142 0.53976
0.751897 0.0392803
0.402072 0.738534
0.910217 0.354049
0.9855 0.165974
1.25466 0.330337
0.323826 0.893372
0.495509 0.68667
0.68238 0.215825
0.208833 0.881062
0.911899 0.431953
0.879446 0.281059
1.16133 0.307458
0.632233 0.226107
0.265225 0.276235
0.787295 0.416501
0.239873 0.906804
0.145914 0.126075
0.979962 0.383188
1.09192 0.368664
0.416027 0.232262
0.827737 0.244413
0.215523 0.732149
0.177457 0.79347
0.232087 0.745071
0.105406 0.950104
0.0742914 0.521563
0.249212 0.240062
0.132208 0.134902
0.735738 0.0782321
0.0988676 0.204655
0.0734563 0.157807
1.41908 0.125468
2.43428 0.0540576
1.36062 0.0723288
0.0058857 0.923069
0.841451 0.180372
0.230715 0.39169
0.507863 0.552485
0.820395 0.452576
0.98473 0.0996401
0.0500953 0.747803
