1.28088 0.394383
1.15552 0.79844
1.68768 0.916195
0.903722 0.717297
2.57718 0.218257
0.725435 0.839112
0.90652 0.524287
0.698067 0.972775
0.744999 0.769914
0.566038 0.891529
1.20654 0.919026
1.41996 0.348893
0.336996 0.970634
1.46007 0.85092
0.53065 0.760249
0.724873 0.667724
0.618945 0.931835
1.5741 0.720952
0.622434 0.880075
1.71498 0.58864
0.936918 0.858676
0.621663 0.92397
0.563503 0.814767
0.979596 0.910972
1.67562 0.920128
0.700699 0.760475
1.99755 0.935004
1.18549 0.732654
0.935765 0.967405
0.909423 0.759735
0.65258 0.819677
0.811555 0.755581
3.42933 0.204329
1.49969 0.819695
0.750764 0.757294
0.43036 0.992228
0.816834 0.877614
1.08833 0.62891
1.26416 0.925377
1.36843 0.831038
1.9212 0.743811
1.46415 0.983596
0.951923 0.497259
0.722256 0.971466
1.64165 0.450918
0.475697 0.847684
0.965556 0.48295
0.963102 0.63764
0.863841 0.627158
1.53105 0.684757
0.368417 0.877384
0.816428 0.593211
1.72982 0.91893
1.12006 0.699075
0.542848 0.774274
1.63478 0.916273
1.17691 0.548042
0.420451 0.904932
1.48691 0.873979
1.34398 0.492399
0.655751 0.848942
1.27589 0.724252
0.45937 0.931895
1.48262 0.622095
1.27273 0.818128
0.604363 0.934495
0.939166 0.761778
1.39743 0.625665
1.25638 0.394388
1.0554 0.638654
1.99908 0.338243
1.15588 0.774386
1.34661 0.721006
2.0272 0.707909
0.647341 0.780868
0.992374 0.44256
0.819243 0.529899
0.430347 0.888723
0.864764 0.525747
0.878444 0.596196
0.505173 0.878278
0.486869 0.814909
0.888992 0.836104
1.15385 0.719462
0.781391 0.919591
0.982457 0.809785
0.753819 0.84391
0.877729 0.642693
1.1941 0.677812
1.00592 0.567831
0.933907 0.857555
0.952648 0.879009
1.25409 0.675654
1.35605 0.547397
1.07237 0.932485
0.329697 0.926576
0.780143 0.93342
1.61428 0.799646
1.22052 0.594497
0.936757 0.9953
1.59796 0.324541
1.37144 0.589157
0.906853 0.759324
1.14037 0.79491
1.1807 0.865085
1.36771 0.664414
0.845855 0.645602
1.00693 0.518151
1.26267 0.515049
1.22098 0.384658
0.812136 0.812947
0.675125 0.995165
0.911419 0.59728
0.89544 0.923513
1.07055 0.462852
0.620252 0.850586
1.69037 0.948911
1.44927 0.767014
1.67304 0.466169
1.40136 0.967277
1.1498 0.766448
1.11389 0.963505
0.793516 0.554448
0.931597 0.916523
0.920235 0.592692
0.967278 0.596341
0.852506 0.770686
1.41032 0.933273
0.689776 0.795231
0.908739 0.965682
1.39489 0.366028
1.45045 0.747638
1.34701 0.623194
1.03688 0.92454
0.345183 0.912391
1.22 0.753383
0.504027 0.99797
1.41712 0.646712
1.12354 0.80333
1.00329 0.681922
1.46706 0.31294
1.41779 0.945502
1.22363 0.926068
0.744684 0.58225
1.57737 0.347546
0.972644 0.645134
1.31157 0.600763
0.74512 0.848
1.41862 0.611411
0.751083 0.821331
1.73206 0.736747
1.2339 0.50741
1.02443 0.611241
0.673126 0.757282
0.81921 0.736462
1.08093 0.922572
1.94318 0.845273
0.954204 0.528885
0.441743 0.943222
1.16119 0.684677
1.48908 0.867197
0.907825 0.70034
1.23906 0.577678
1.16789 0.374201
1.20704 0.387323
1.08737 0.934181
1.30353 0.831462
1.02965 0.635204
0.729972 0.624658
1.1033 0.599707
1.29097 0.735311
0.937446 0.947001
1.14633 0.936349
0.793836 0.64452
0.963197 0.629359
1.26254 0.812997
0.836358 0.617582
1.11796 0.774432
0.460649 0.86944
1.20238 0.749719
1.45777 0.432199
1.39194 0.67485
1.09132 0.480155
0.926352 0.687527
1.73744 0.775058
0.29312 0.994196
0.758301 0.667908
0.658823 0.828546
1.42672 0.711906
1.03418 0.460067
0.994494 0.444097
1.38527 0.986644
0.620858 0.853785
0.977787 0.786187
0.851004 0.967694
1.08325 0.970042
1.44518 0.899521
1.14619 0.622791
0.853095 0.835533
1.19692 0.67256
0.506647 0.930854
1.4555 0.875604
1.23566 0.968395
0.781993 0.675255
1.7234 0.62406
0.514415 0.92542
1.00227 0.889511
0.965905 0.870053
0.64022 0.860784
1.3231 0.909512
0.546861 0.956111
1.51677 0.62788
0.709738 0.694091
0.879257 0.693692
0.735608 0.895354
1.04602 0.464393
1.08351 0.530552
1.44238 0.844113
1.07328 0.47685
1.62519 0.880725
1.37616 0.514849
1.83738 0.65376
0.917152 0.98498
1.18739 0.389667
0.905157 0.740175
1.34292 0.533712
1.67943 0.323755
1.16374 0.517722
1.54444 0.427295
1.23155 0.473045
0.739306 0.79092
1.1413 0.925511
1.05176 0.615894
1.61694 0.788265
1.04182 0.726846
1.15829 0.859441
1.31738 0.39005
1.58295 0.981453
0.788509 0.708616
0.921815 0.478869
1.02756 0.587197
0.946215 0.864873
0.463357 0.985946
1.12808 0.989541
1.19173 0.411551
1.42057 0.312491
1.05771 0.827615
1.22852 0.393928
0.537251 0.938963
1.41396 0.907046
0.954044 0.487639
1.19037 0.390888
1.03266 0.54736
1.07504 0.446876
1.81314 0.296372
1.12016 0.53703
1.56141 0.459365
0.991833 0.768804
2.08846 0.533253
0.621165 0.717779
1.13888 0.792311
0.796928 0.948708
0.925938 0.706995
0.370378 0.943081
1.09093 0.474063
1.33312 0.804641
0.718979 0.635246
0.845933 0.544885
1.17467 0.861759
0.804972 0.546222
0.752766 0.993528
1.85048 0.519048
0.869995 0.722377
2.18738 0.473841
0.790275 0.623701
2.64398 0.756143
1.00986 0.540197
0.884523 0.752935
1.04979 0.746635
1.76245 0.264553
0.774674 0.946811
1.17711 0.690502
1.16001 0.676628
1.23216 0.638687
1.07626 0.505339
0.356363 0.970693
0.332704 0.944697
1.62307 0.825895
1.29277 0.625596
1.48648 0.317924
1.4267 0.728903
1.71594 0.254432
1.11044 0.609356
0.821291 0.843894
0.654418 0.943863
0.651486 0.839351
0.812847 0.762871
1.57653 0.900163
0.615519 0.967868
1.5542 0.844482
1.23612 0.892815
0.937257 0.64745
0.604893 0.984202
1.68669 0.75959
1.70032 0.333832
0.619375 0.880596
0.95443 0.936754
0.922768 0.489597
1.25552 0.91625
1.52518 0.699344
1.33015 0.848023
1.26176 0.650421
2.00045 0.29644
0.95689 0.827056
0.447838 0.931014
0.331567 0.896618
1.88955 0.455442
1.07894 0.84613
0.895714 0.507555
2.37353 0.748551
0.50279 0.98198
0.605751 0.904539
0.866787 0.839868
0.853395 0.587891
0.910421 0.927706
1.28297 0.99562
1.48706 0.886031
0.66122 0.678068
1.05414 0.711434
0.779941 0.716247
1.55973 0.846611
0.4698 0.962637
1.40206 0.794247
1.40888 0.735307
1.07945 0.727776
1.05815 0.652588
0.870817 0.990165
1.18339 0.703416
0.969127 0.845527
1.24187 0.89501
0.811206 0.845633
0.566473 0.735723
1.47401 0.843179
0.701156 0.75829
0.816229 0.773016
0.918678 0.918992
1.11495 0.690731
0.635043 0.815905
0.778787 0.910726
1.63802 0.772644
0.591097 0.729499
1.10389 0.693311
1.14223 0.833062
1.08104 0.526751
1.29909 0.959096
1.02641 0.941311
0.777026 0.913355
1.13226 0.518596
2.06383 0.514525
1.15538 0.732138
0.96005 0.888799
1.25679 0.761029
0.134248 0.998142
0.602336 0.971047
1.43455 0.726169
1.30501 0.566728
0.872544 0.607427
1.68176 0.445079
1.13101 0.463378
0.882584 0.964248
1.59525 0.426904
1.38788 0.620058
1.15458 0.507775
0.691208 0.993774
1.72555 0.253276
0.973087 0.748768
0.567527 0.840899
2.08064 0.528705
0.291409 0.965882
1.22196 0.895125
0.708142 0.677655
0.823661 0.783807
0.780483 0.594779
1.04986 0.637733
1.93256 0.572763
0.636233 0.717227
1.22461 0.515712
1.2331 0.742802
0.889198 0.803434
0.925713 0.667559
1.03248 0.660966
0.842908 0.983497
2.07897 0.341622
0.510006 0.923792
1.53832 0.499278
0.963409 0.572735
0.448165 0.882928
1.13064 0.920094
1.05054 0.967568
0.74403 0.810791
1.47031 0.51512
0.901646 0.513024
1.1329 0.872841
1.28142 0.802663
1.39043 0.395988
0.848609 0.580872
0.772619 0.725354
1.02931 0.799678
0.988181 0.494317
0.788781 0.580261
1.22278 0.656539
0.80216 0.787027
0.702094 0.975215
0.232815 0.987547
2.29448 0.423962
0.798193 0.706522
1.33905 0.370865
0.645861 0.74439
0.956648 0.734543
1.09239 0.669918
0.802882 0.893259
1.35479 0.718831
1.01605 0.85288
0.646403 0.855419
0.795176 0.692082
1.1078 0.42472
1.67158 0.321171
1.81401 0.699603
2.12778 0.486648
0.859027 0.569424
1.13117 0.84323
0.79801 0.939791
1.33071 0.85913
1.73082 0.972059
1.16482 0.56463
0.765937 0.571755
1.51806 0.433114
0.680103 0.688399
0.892344 0.852391
0.789935 0.889154
0.562528 0.771381
0.797074 0.559249
0.456757 0.847031
0.407977 0.864442
0.592282 0.941299
2.33353 0.336502
0.738442 0.653093
0.767025 0.900895
1.30996 0.683453
0.557596 0.893909
0.941596 0.885474
1.10283 0.753379
1.44402 0.780595
0.613358 0.907284
0.707234 0.975934
1.00506 0.504399
1.43893 0.669759
0.965994 0.852622
0.669445 0.955938
0.518736 0.936315
0.240741 0.945608
1.02907 0.943315
0.945632 0.607122
1.46986 0.77738
1.25549 0.378316
0.83065 0.969849
1.44858 0.297956
1.55182 0.723902
1.22238 0.41515
1.84103 0.477862
0.643213 0.927244
0.932247 0.892051
0.784329 0.690067
1.29357 0.460535
1.43903 0.744207
1.10804 0.530043
1.47992 0.636959
0.621116 0.953683
0.761273 0.743163
2.27305 0.903662
1.90558 0.806693
1.54407 0.467823
1.92525 0.937826
1.48924 0.80044
0.961266 0.508861
1.1906 0.382915
0.91849 0.795537
1.09134 0.686988
0.682429 0.950893
0.304974 0.992768
1.36737 0.561902
2.06921 0.307532
0.792248 0.883004
0.95555 0.616163
1.1486 0.459635
1.65317 0.995253
1.63697 0.48283
0.751397 0.791725
0.948078 0.51986
0.958416 0.567269
1.44718 0.804625
1.75806 0.611279
1.03625 0.451258
1.34243 0.997875
1.26632 0.520482
1.09021 0.576601
0.990479 0.557619
1.14079 0.409217
0.740075 0.821779
1.32398 0.865927
2.78734 0.983039
0.515782 0.766863
0.485756 0.798297
1.47831 0.966868
1.05174 0.46729
1.60982 0.354221
1.54129 0.813177
1.81189 0.284316
1.35102 0.827268
1.53478 0.991751
1.09498 0.401306
0.411801 0.873412
1.00421 0.571639
0.953966 0.934312
0.653244 0.882242
0.390612 0.974865
0.423968 0.95185
2.23867 0.221587
1.63774 0.522588
1.54355 0.41675
1.55588 0.837454
1.25963 0.549238
0.851107 0.514103
0.827776 0.527224
0.497202 0.962112
0.794847 0.661518
0.87393 0.571064
0.780541 0.764924
0.680025 0.939454
0.836252 0.808488
1.4421 0.752861
1.11128 0.696513
1.82414 0.737724
2.03553 0.991413
0.320854 0.967726
1.04018 0.688542
1.05996 0.562866
0.622507 0.876748
0.496568 0.899437
0.70708 0.744678
1.63311 0.486873
1.06727 0.773503
1.21038 0.962958
1.62772 0.596958
1.18453 0.900065
0.787956 0.672021
2.20231 0.7269
1.15178 0.789879
1.98965 0.537536
2.0485 0.578006
0.819444 0.53536
1.04895 0.771367
0.80923 0.815402
0.777394 0.565256
0.767105 0.614496
1.25422 0.392179
1.55208 0.648451
0.924981 0.910142
1.34209 0.789231
0.670095 0.91406
0.906925 0.538074
0.817179 0.643391
1.83013 0.550689
0.585855 0.834949
0.480744 0.902216
0.857261 0.619965
0.755332 0.580422
2.06448 0.7396
1.13829 0.751912
1.25696 0.745415
0.821749 0.642521
0.853675 0.931535
0.958651 0.576724
1.25587 0.917979
0.946438 0.6408
1.19487 0.579678
0.868358 0.632015
0.797487 0.616955
1.47158 0.899026
1.24631 0.968939
0.893322 0.58523
1.19983 0.533165
0.827218 0.930723
1.22607 0.912683
1.21518 0.975807
1.74973 0.95093
1.92415 0.787003
1.52676 0.901503
1.67891 0.548708
0.68838 0.755394
1.28856 0.666005
0.929874 0.577898
0.693822 0.742143
0.849114 0.890718
0.919608 0.80367
0.664256 0.648018
0.572594 0.823013
1.28448 0.766387
0.719206 0.906575
1.54441 0.999412
1.41963 0.782633
0.863786 0.536243
0.462871 0.9995
1.66357 0.987263
1.35045 0.557279
0.803772 0.549173
0.629404 0.674785
0.686406 0.844667
0.598539 0.986235
1.63123 0.446662
1.51409 0.55029
1.3082 0.484641
1.02421 0.685309
0.878125 0.575875
0.365407 0.974037
0.795855 0.669598
0.694754 0.94576
1.32084 0.761661
0.598943 0.859242
1.86963 0.39942
0.73608 0.727586
0.845276 0.833182
0.772934 0.737555
1.23829 0.480859
0.880162 0.760137
1.58576 0.71717
2.18786 0.342998
0.249168 0.950714
0.311792 0.974202
0.824244 0.803575
0.722755 0.778803
1.16404 0.900294
0.92848 0.963527
1.30796 0.979052
0.783499 0.824041
0.891478 0.676407
1.50606 0.69673
1.10893 0.908104
0.686011 0.833099
1.48715 0.339058
1.65356 0.862016
1.18993 0.520012
1.59131 0.997451
0.834081 0.897011
1.20094 0.769599
1.10834 0.676745
1.88514 0.416609
1.95047 0.886116
1.10278 0.928099
1.7551 0.548048
2.06709 0.623672
1.04524 0.536564
0.827852 0.733968
1.21762 0.840433
1.38417 0.744372
2.07707 0.855051
0.227674 0.97061
1.07632 0.916649
1.44798 0.489298
0.883028 0.790989
1.70119 0.552387
0.66335 0.938456
1.06669 0.526892
1.30744 0.942188
1.67936 0.472796
1.21486 0.605827
0.704114 0.765928
0.673287 0.646295
1.35479 0.512008
0.798419 0.752395
1.12605 0.534206
0.198047 0.978229
0.729543 0.806963
1.55043 0.991897
0.879483 0.60851
0.619799 0.860217
1.68392 0.704757
0.966257 0.515819
0.809058 0.776935
0.440043 0.911033
1.52394 0.451175
1.09128 0.405098
1.15439 0.664243
1.29685 0.402153
0.371067 0.958293
1.44265 0.852104
1.11677 0.560176
0.940268 0.652399
1.2446 0.408875
0.595967 0.866327
0.49469 0.919412
1.75298 0.474651
0.337229 0.998525
1.89449 0.897897
0.927022 0.80208
0.961827 0.940884
1.33234 0.801065
1.18734 0.946698
1.22217 0.916378
0.559396 0.871113
0.960306 0.97504
2.79178 0.342763
1.04642 0.468477
0.896062 0.894532
1.31532 0.354771
0.751212 0.768377
0.665013 0.784929
2.15323 0.282532
1.36828 0.757655
1.79033 0.290041
0.744188 0.820428
1.28588 0.519828
0.751242 0.776571
1.53768 0.496818
1.99161 0.517026
0.460858 0.950959
1.20512 0.852032
1.13253 0.451879
1.48574 0.360192
0.802308 0.751554
1.38829 0.909638
0.382152 0.962342
0.853813 0.84039
1.28743 0.989258
1.16783 0.644457
1.04704 0.968549
1.3213 0.987332
2.27306 0.736162
1.4421 0.426496
1.43696 0.991152
0.765357 0.772392
1.26933 0.438045
0.858102 0.587725
0.819593 0.638513
0.641623 0.769301
0.882622 0.684782
0.436697 0.995223
0.559039 0.84985
0.407166 0.966503
0.342932 0.893119
0.784124 0.647433
0.404409 0.968185
0.837679 0.7603
0.728832 0.653287
1.62014 0.824109
0.801354 0.961854
0.541146 0.808718
1.31823 0.936856
1.92251 0.501846
1.3835 0.687377
0.308114 0.989175
1.31484 0.787929
1.04743 0.84733
1.72124 0.794745
0.464727 0.898478
1.172 0.405555
0.439546 0.842312
0.955365 0.659826
0.672693 0.997655
0.78996 0.665953
0.819004 0.552939
1.06477 0.846663
0.644235 0.703669
1.37484 0.848144
0.515068 0.808404
1.07884 0.427046
0.221564 0.971783
1.14973 0.466253
1.09358 0.862092
1.76959 0.587305
0.657374 0.82763
1.18887 0.382229
1.30152 0.338155
0.868745 0.761183
1.25488 0.993064
0.691711 0.793305
1.07385 0.831339
1.91303 0.512422
0.921147 0.778193
1.43436 0.789437
0.602309 0.740005
0.183123 0.97071
0.255625 0.958775
1.76773 0.669833
1.09615 0.544142
0.935666 0.878644
0.921632 0.890086
1.16287 0.54208
0.725329 0.711088
0.773969 0.642339
0.975691 0.727863
0.852047 0.645571
0.528469 0.933221
0.936855 0.771361
0.468175 0.891572
1.02015 0.632214
0.879717 0.8529
0.500903 0.865361
0.917 0.96622
1.44459 0.978006
1.11914 0.926707
1.61058 0.375937
2.18856 0.620734
0.648345 0.959017
1.40572 0.930072
0.451594 0.824122
0.949211 0.862425
1.57793 0.872863
2.34301 0.226941
0.812915 0.588401
1.84115 0.482785
0.448329 0.972754
1.33101 0.914473
1.30704 0.894797
0.692419 0.895813
0.315864 0.945654
1.65331 0.644983
1.40309 0.698442
0.87641 0.824444
1.79798 0.279914
0.933179 0.760536
0.736624 0.601317
0.57352 0.945343
1.25436 0.607557
1.79508 0.713949
0.635682 0.899239
0.448308 0.892639
1.48709 0.496782
1.01201 0.425925
0.503989 0.879411
1.42704 0.324961
0.446565 0.83803
0.670367 0.665715
0.951185 0.964255
0.983551 0.984976
0.625675 0.686678
1.81655 0.485505
1.09518 0.486148
1.81962 0.908886
0.590585 0.862347
1.00605 0.693572
1.1392 0.696918
1.39608 0.461486
0.975845 0.928585
0.872983 0.671802
1.67975 0.970337
1.22852 0.368523
0.842544 0.732396
1.32273 0.534294
1.3742 0.627247
2.29615 0.922579
0.971632 0.705173
1.14457 0.432964
1.50811 0.6966
0.807137 0.771888
1.9763 0.350042
0.68179 0.65862
0.537942 0.937715
1.03306 0.827658
0.611512 0.848739
1.01153 0.946748
0.930666 0.702045
0.956675 0.999033
1.12742 0.471414
1.07804 0.71549
1.14123 0.445793
0.944626 0.864814
2.2201 0.592081
1.37075 0.518839
0.476178 0.992843
1.29812 0.511992
0.868364 0.58926
1.91693 0.818041
1.51312 0.853167
1.29529 0.796793
0.893401 0.674058
1.31861 0.573851
1.03222 0.982895
0.682682 0.725565
1.16297 0.972328
0.920028 0.551747
1.42481 0.832436
0.267782 0.957028
0.697807 0.91249
1.14151 0.511375
1.69051 0.393178
1.55622 0.910843
1.39784 0.601149
1.90491 0.607963
1.6622 0.28026
0.706978 0.773145
0.979224 0.594293
1.3538 0.48128
0.8561 0.839388
1.27516 0.670539
1.43352 0.385509
1.63877 0.490257
0.330006 0.979317
0.874489 0.800756
0.398879 0.914465
1.03051 0.771027
0.67268 0.863753
1.09241 0.790295
1.46332 0.620357
1.224 0.991274
0.471652 0.820812
0.860652 0.653502
0.657995 0.782753
1.46056 0.572885
0.730335 0.85491
1.45103 0.707571
1.36194 0.769619
0.836392 0.838098
0.827074 0.628089
0.396141 0.887117
0.902416 0.796494
1.07787 0.826781
1.29957 0.641626
1.56598 0.979606
1.14169 0.774365
0.58833 0.925007
1.13469 0.772933
1.10018 0.762444
0.87408 0.792203
0.1826 0.976691
0.90222 0.545102
1.45829 0.407224
1.09644 0.975187
0.903197 0.475989
1.03273 0.994378
0.790373 0.761957
1.1354 0.977834
1.22201 0.840972
0.609054 0.912119
0.532183 0.823348
1.00018 0.903437
1.29489 0.666815
0.770068 0.660668
0.718154 0.627301
1.57562 0.649034
1.03069 0.9679
1.35226 0.432147
1.24739 0.944836
0.644397 0.969945
1.2163 0.569026
1.25554 0.39201
1.14776 0.544624
1.88925 0.43216
1.39034 0.508808
0.353645 0.994895
1.77616 0.81451
1.24516 0.969329
1.08531 0.462981
1.67634 0.811199
1.07862 0.62407
0.700256 0.818737
1.33977 0.320226
1.1655 0.609187
1.15573 0.93794
1.17719 0.84132
1.62561 0.649617
1.10246 0.439629
1.70049 0.567058
1.0072 0.44939
0.648834 0.994449
0.665655 0.886977
0.601728 0.851418
0.708606 0.771609
1.24171 0.912309
0.673796 0.81369
2.11441 0.734549
1.05477 0.994905
0.47565 0.80782
0.843194 0.833354
2.27194 0.840567
0.61557 0.826513
1.57449 0.84122
0.964118 0.660498
1.09168 0.874716
0.575464 0.744916
0.949739 0.922876
0.991215 0.910459
0.824707 0.605552
0.206475 0.976479
0.787267 0.993102
1.56005 0.306065
1.35295 0.334589
1.06292 0.980741
0.405012 0.944336
0.923457 0.868776
0.777923 0.794606
1.2934 0.593867
0.888254 0.944809
1.87246 0.389703
1.08275 0.53168
1.26531 0.751422
1.42287 0.567361
1.06032 0.963799
1.57432 0.985132
1.56799 0.350568
0.755442 0.992912
0.541681 0.916908
1.77277 0.499476
1.06351 0.623118
1.58316 0.610043
0.547776 0.935314
0.247817 0.955935
1.86788 0.85275
2.0026 0.708802
0.673013 0.917817
0.886929 0.763532
1.34329 0.536908
0.69702 0.649909
0.253428 0.948254
1.39496 0.9852
1.19856 0.5137
1.10542 0.809777
1.46307 0.30209
0.917814 0.598011
1.01228 0.490177
1.12287 0.769741
0.979838 0.983723
2.00089 0.501904
1.95613 0.9042
1.21698 0.77277
0.691365 0.905941
1.34945 0.897631
0.980456 0.788277
0.789551 0.933895
1.65559 0.926185
1.60146 0.81338
1.24223 0.973751
0.802348 0.934235
0.934703 0.918494
0.747228 0.927372
1.33496 0.950961
0.638137 0.909354
0.756669 0.796251
1.12986 0.639313
0.789248 0.673306
1.07128 0.694238
0.451488 0.932321
1.17924 0.490673
0.869917 0.635472
1.73608 0.779124
1.36228 0.69787
1.22121 0.983048
1.03267 0.573176
0.688782 0.912402
0.970006 0.539406
1.76022 0.394466
1.12841 0.997175
1.93966 0.829038
0.642847 0.672374
1.58822 0.59895
0.382074 0.950284
0.479045 0.847334
1.06823 0.697562
1.63888 0.699434
0.800789 0.89755
2.10665 0.360084
1.29958 0.924086
1.7326 0.684977
2.36003 0.654751
1.62423 0.267011
0.979536 0.850978
0.979863 0.907212
1.02158 0.864051
1.59765 0.620868
1.27537 0.876848
1.41247 0.442955
1.31362 0.389194
2.07004 0.28192
1.38448 0.792169
0.191728 0.984486
1.13027 0.871937
0.47697 0.891999
0.828588 0.993735
1.06648 0.766437
0.704808 0.871212
0.665278 0.773755
0.950148 0.496051
0.524201 0.925532
1.12347 0.492323
0.799553 0.805541
0.869902 0.831697
0.304045 0.983839
1.10568 0.497142
1.29861 0.937107
0.325408 0.990427
1.09806 0.532685
1.03676 0.562861
1.3618 0.480388
1.30064 0.783528
1.24164 0.524181
1.14398 0.63734
0.840316 0.64822
1.97639 0.825177
1.35281 0.894831
0.91222 0.622391
0.950594 0.46485
0.207294 0.969675
0.711948 0.797059
1.23869 0.569807
2.21927 0.245534
1.06307 0.672372
0.792975 0.910948
0.754358 0.631993
0.951398 0.679911
0.852862 0.802288
0.964594 0.77632
1.02141 0.882019
0.772957 0.957318
1.0598 0.904768
1.01719 0.520455
2.28219 0.629132
2.40619 0.48586
1.03307 0.934091
0.872267 0.892203
0.52621 0.847466
0.545244 0.998412
1.14504 0.468248
0.7922 0.838147
0.81208 0.707223
0.779916 0.784153
0.752533 0.817455
1.66974 0.631423
1.06354 0.438761
1.37925 0.746662
1.1164 0.580985
0.644084 0.86666
1.84303 0.977841
0.69296 0.716124
1.63663 0.343953
1.63288 0.300093
0.84676 0.705638
1.39147 0.349363
1.39403 0.893055
0.659176 0.822095
0.548145 0.956055
0.761293 0.854547
1.15274 0.796015
1.19099 0.662784
1.48452 0.58302
2.02709 0.493969
0.73945 0.788
2.58408 0.303589
1.03174 0.862136
0.840678 0.543937
0.621507 0.782721
0.973522 0.582992
1.52346 0.285589
1.05949 0.744429
1.48731 0.737588
2.04035 0.503114
0.879015 0.613461
0.912921 0.538686
1.26099 0.759935
1.00505 0.624795
0.774319 0.721134
0.325132 0.923659
1.27032 0.996508
1.09288 0.820091
1.72863 0.517009
0.758986 0.849705
1.31759 0.620134
1.12508 0.9926
0.396445 0.997398
0.119467 0.995838
0.725314 0.81784
0.120405 0.988816
0.707044 0.714574
1.66139 0.648596
0.334968 0.969017
0.520728 0.860898
1.61385 0.289447
1.21968 0.464878
1.22715 0.698165
0.888014 0.921405
0.872683 0.835268
0.627755 0.724296
2.21604 0.200246
0.89559 0.947204
1.22694 0.393114
1.01639 0.919683
1.71338 0.593642
1.59956 0.287292
1.29674 0.647567
0.398385 0.983336
0.502721 0.840236
0.49665 0.962881
1.1957 0.989049
0.945121 0.649239
0.905096 0.489495
1.04643 0.918303
0.631798 0.717209
0.512398 0.823347
0.984748 0.608368
0.865243 0.623911
0.764332 0.62327
0.924173 0.48351
0.979311 0.606573
0.325971 0.902718
1.32487 0.814989
1.19288 0.397848
0.483253 0.846113
1.47009 0.921365
0.482111 0.965743
0.677805 0.903612
1.15753 0.646415
0.993489 0.920652
1.28537 0.564764
0.750336 0.873216
0.856594 0.523955
1.19969 0.577497
1.20145 0.454599
1.03994 0.987959
1.48326 0.571282
0.841003 0.953358
1.18433 0.730991
1.12765 0.906036
0.967962 0.581526
0.968334 0.564951
1.57344 0.697975
0.794692 0.609728
0.992784 0.72025
1.15277 0.578167
0.717215 0.800362
1.28744 0.353919
0.982298 0.931993
1.01631 0.706881
0.803825 0.637196
0.572582 0.785448
1.2212 0.584522
1.38032 0.608598
1.75806 0.449675
0.502475 0.949625
1.08474 0.760141
1.06546 0.519132
1.77634 0.824967
1.31579 0.779313
1.36928 0.655266
0.726337 0.975042
0.826503 0.624493
0.882825 0.549846
1.7815 0.740854
1.91541 0.340252
1.02431 0.96282
1.60788 0.277854
0.873737 0.521501
1.46056 0.726888
0.611469 0.861965
1.21596 0.837813
0.561333 0.943849
1.3244 0.451065
0.450931 0.83629
1.17211 0.408093
1.25717 0.437534
0.243524 0.972215
1.63041 0.925251
0.986412 0.963609
0.433952 0.843306
0.98438 0.901389
1.53387 0.85936
1.36939 0.605809
0.369408 0.967871
0.649212 0.874781
1.19017 0.367028
1.18616 0.370976
1.27467 0.486538
0.473198 0.850663
1.02239 0.641419
0.631459 0.705539
1.85805 0.826097
0.858651 0.637112
0.769784 0.88808
0.583247 0.878767
1.35324 0.940324
0.902774 0.592793
1.54054 0.536572
0.872295 0.611356
1.31062 0.978511
1.15125 0.853437
1.96388 0.688296
0.963165 0.445936
1.53999 0.350527
0.757131 0.989788
0.852091 0.532608
1.20005 0.831739
0.938957 0.486577
1.55543 0.581668
0.605186 0.724203
0.498385 0.843408
0.49974 0.792165
1.60879 0.763377
0.71343 0.926844
1.86681 0.579967
1.00513 0.563184
1.22586 0.43671
0.902555 0.938695
1.25966 0.526423
1.63611 0.956793
0.735407 0.740022
0.999303 0.875325
2.11793 0.512848
1.10328 0.588669
1.54116 0.928086
0.565138 0.914041
0.623607 0.711627
0.763391 0.892477
0.526431 0.805601
1.57557 0.618812
1.23664 0.560872
1.07023 0.989706
0.800669 0.884526
1.1871 0.57261
0.914828 0.674646
1.38019 0.323467
1.84157 0.61506
0.442917 0.994199
2.4742 0.350379
1.13388 0.96999
0.24549 0.95764
1.53975 0.416369
1.38185 0.599981
1.48533 0.936832
0.780784 0.551594
1.37539 0.550082
1.45925 0.647751
0.355677 0.99883
2.57384 0.174486
0.58721 0.87677
0.310747 0.919933
1.04085 0.9803
1.06561 0.780509
1.43635 0.64438
1.23203 0.587238
1.3915 0.430293
0.434273 0.844322
1.34056 0.721922
0.922858 0.744419
1.37928 0.581338
2.08843 0.583321
1.02674 0.631307
1.47864 0.906112
0.722808 0.770732
0.728575 0.780249
1.28181 0.392145
0.815719 0.787246
0.321124 0.92606
0.836842 0.872274
0.256995 0.989116
0.807361 0.66521
1.51998 0.746112
0.960296 0.615822
1.85448 0.30487
0.862687 0.601378
1.42223 0.769587
0.45752 0.979947
1.45426 0.893911
0.918142 0.818735
1.76942 0.312194
1.16329 0.681039
1.32163 0.640113
0.691372 0.856492
1.65647 0.379786
0.488427 0.804407
1.57655 0.338356
1.07215 0.997384
1.43977 0.68581
1.71375 0.736904
1.54861 0.898837
1.24231 0.37073
1.12245 0.849912
1.41825 0.852028
0.760752 0.649221
1.09534 0.539868
0.823463 0.850609
1.24732 0.766364
2.70147 0.760797
0.737034 0.765574
0.866217 0.634318
1.75052 0.59472
0.672572 0.703667
0.961558 0.502312
0.499131 0.985012
1.62475 0.431523
1.37658 0.462284
2.04073 0.582947
0.86092 0.51114
1.32828 0.820326
0.741099 0.931501
1.27229 0.682968
1.78571 0.672217
1.0172 0.515643
1.64981 0.314192
0.621762 0.885559
0.901756 0.698164
1.2838 0.815678
0.831427 0.835697
0.496895 0.846009
1.08518 0.483573
2.07602 0.736008
1.06742 0.483449
1.14493 0.405217
0.878851 0.718886
1.21292 0.54858
1.84251 0.609284
1.27844 0.942896
1.28682 0.915094
2.03673 0.831531
1.51535 0.820316
1.38224 0.51874
1.88424 0.490998
1.64877 0.62743
1.30554 0.474132
0.876836 0.946666
0.437237 0.983765
0.960705 0.527264
0.761508 0.791599
1.68921 0.514697
0.399673 0.898085
1.56066 0.451184
1.54964 0.957426
1.22042 0.743423
1.17975 0.500568
1.30055 0.574764
0.744759 0.990228
0.624282 0.76691
1.04665 0.956857
1.02046 0.835667
1.16372 0.992481
1.29079 0.431896
1.19297 0.520221
0.954154 0.675287
1.3384 0.361992
1.01764 0.849153
2.42167 0.795132
1.32025 0.634522
2.12082 0.368883
0.889514 0.626694
1.74485 0.73956
1.60644 0.559123
1.27004 0.447237
0.466095 0.861097
1.68314 0.423341
1.56537 0.682531
1.82822 0.883469
1.51785 0.434051
0.463779 0.855236
2.18948 0.472332
1.32947 0.449588
1.27293 0.694931
1.44161 0.570371
1.16302 0.65754
1.66832 0.40254
0.552932 0.866688
1.27216 0.718887
1.04248 0.829763
0.253657 0.946501
1.63634 0.411464
1.08482 0.593413
0.946716 0.694897
0.794666 0.832543
0.944732 0.964638
1.3442 0.941657
0.760652 0.949719
0.195963 0.97833
0.473697 0.884433
0.80928 0.998508
0.820249 0.567696
0.566052 0.82646
0.530543 0.822401
0.592898 0.912899
1.13395 0.760035
0.89663 0.572985
1.86344 0.373706
0.371163 0.968228
0.564734 0.959101
1.87912 0.886438
0.724296 0.963956
2.36057 0.783406
0.518653 0.940745
1.39251 0.341133
0.990079 0.510559
1.07557 0.95311
1.49657 0.454654
0.875602 0.538616
0.713613 0.672571
0.71724 0.824216
1.68783 0.388562
0.693049 0.85602
1.59835 0.454446
0.892889 0.4968
0.833058 0.871931
0.684298 0.861494
0.586202 0.973881
1.84706 0.353902
0.687673 0.908738
0.711421 0.662353
0.755699 0.95445
0.916647 0.809439
1.01956 0.848842
1.60844 0.80101
1.51043 0.711411
0.404939 0.88796
1.91738 0.360346
2.81149 0.165585
1.27047 0.682699
0.465175 0.828221
0.683638 0.753242
0.583097 0.798157
0.970667 0.453981
1.34535 0.498922
1.25688 0.630692
1.49693 0.871205
1.6306 0.686591
1.18919 0.62094
0.732117 0.990753
0.631631 0.739568
1.17164 0.865057
0.780436 0.885057
0.855712 0.917327
0.297433 0.985531
0.964836 0.568749
1.31101 0.939083
0.968102 0.453176
1.58495 0.639264
1.42587 0.823676
0.938657 0.93513
1.37115 0.949807
1.02035 0.580735
1.35177 0.694581
1.15132 0.800538
2.11138 0.525585
1.1187 0.88251
1.84091 0.89128
1.24818 0.793887
1.08087 0.850149
0.883731 0.654105
1.0127 0.48491
0.728622 0.65839
0.812829 0.988437
1.11657 0.47027
1.22431 0.892846
1.42287 0.687022
1.47882 0.639116
0.789077 0.791455
1.72045 0.270147
1.8946 0.596017
0.655283 0.845131
0.984733 0.439605
1.17784 0.434276
0.835371 0.887691
0.877791 0.819653
0.321654 0.986926
0.535533 0.939733
1.59964 0.785222
0.910046 0.939561
1.10939 0.817817
0.772103 0.820363
1.64765 0.798878
1.44933 0.881604
0.71448 0.808926
1.29688 0.592151
1.01182 0.891735
1.25957 0.626282
0.853447 0.59051
0.628084 0.847347
1.10146 0.952918
0.869579 0.616062
2.33418 0.809315
1.12589 0.560715
1.32508 0.341765
0.970403 0.628209
0.773694 0.657471
1.0211 0.701751
0.782957 0.566953
0.869792 0.707297
1.53719 0.768617
1.41523 0.409241
1.6901 0.437578
1.66781 0.370666
0.965466 0.616914
2.05277 0.642643
0.63843 0.9586
1.37139 0.404034
0.921316 0.646601
0.741414 0.763703
1.14375 0.703197
1.23477 0.651448
1.10891 0.523328
1.07726 0.828134
0.658403 0.972454
0.992223 0.966605
0.658108 0.786007
0.871314 0.994475
0.709715 0.705081
1.73782 0.740645
1.1533 0.506809
0.642549 0.906958
0.770151 0.927244
0.885308 0.746285
0.638361 0.91409
1.34783 0.598069
0.617698 0.907002
0.659134 0.706628
1.0849 0.920382
1.29935 0.726524
1.32391 0.594665
0.999705 0.480645
0.859211 0.792316
0.552117 0.992195
0.854196 0.827142
2.19271 0.377643
0.839992 0.850403
1.84215 0.289435
1.62027 0.937022
1.391 0.729285
0.512689 0.786444
0.84042 0.722255
0.545156 0.943372
1.01363 0.491039
2.03707 0.946063
0.922698 0.560009
1.41148 0.466439
1.04253 0.489755
0.954322 0.962591
0.622492 0.891192
0.752804 0.591203
0.783503 0.594091
1.26177 0.708201
0.530425 0.868377
1.59127 0.269518
1.34132 0.570023
1.67876 0.950777
1.95549 0.583794
1.03556 0.46645
1.16706 0.99252
1.36507 0.817384
0.861178 0.536692
1.49153 0.3252
1.20178 0.677023
1.64888 0.58033
1.73662 0.315313
0.412411 0.992888
1.58379 0.85059
1.04368 0.5402
1.34624 0.390423
1.05371 0.483706
1.74356 0.519884
1.11513 0.906193
0.95401 0.960562
1.0154 0.788989
0.62097 0.997591
1.15308 0.734961
0.360603 0.972832
1.49254 0.364479
0.867433 0.673415
1.0167 0.734367
1.04849 0.775572
0.727448 0.980368
0.990678 0.504654
1.35664 0.814833
0.74476 0.982365
0.260185 0.966641
1.89495 0.698864
0.832938 0.702663
0.51765 0.783772
0.498727 0.934838
0.420558 0.879212
0.250816 0.954996
0.491624 0.915238
1.3939 0.517621
1.04095 0.859146
0.794987 0.69092
1.50251 0.77753
1.16145 0.493823
0.60625 0.771963
1.23967 0.992368
1.25015 0.543729
1.31265 0.413323
0.938257 0.648426
1.44113 0.876456
1.23682 0.798941
1.30899 0.988967
0.889513 0.704235
1.08728 0.906085
1.40941 0.751044
1.99293 0.317781
0.786247 0.610779
1.83678 0.990593
1.41047 0.887946
0.568807 0.899722
1.28673 0.971903
1.31877 0.948358
2.56412 0.856219
1.02899 0.886094
0.512206 0.889294
1.89131 0.248504
0.931865 0.992209
0.555874 0.972051
1.52897 0.489842
0.53168 0.848602
1.34574 0.738101
1.07048 0.842171
2.02971 0.828447
0.436917 0.829716
1.31808 0.994822
0.740087 0.942107
1.10262 0.916322
1.30653 0.855479
1.35294 0.678307
1.19916 0.743572
1.32072 0.663835
0.861525 0.706371
0.734469 0.78395
1.18778 0.72631
0.653751 0.803899
1.53857 0.517805
0.445806 0.858975
1.71584 0.420933
0.347015 0.962094
0.905115 0.697152
0.348371 0.981057
1.10182 0.769133
0.521843 0.915965
1.70621 0.945864
0.6605 0.806758
1.05831 0.493007
1.03756 0.810787
1.5625 0.752551
1.04196 0.883388
1.0028 0.920424
1.50018 0.768427
2.20802 0.721411
0.252885 0.97056
1.37803 0.897874
0.699187 0.826412
1.21907 0.882393
1.16797 0.568404
0.467967 0.998684
0.458932 0.925389
2.43786 0.900017
0.728434 0.78987
1.1016 0.419624
0.789129 0.626229
0.836945 0.856582
0.791303 0.978997
2.47701 0.580147
1.38811 0.605934
1.6845 0.466613
1.03552 0.706746
1.21254 0.443962
0.919177 0.839636
0.48462 0.81828
0.742561 0.648255
1.59854 0.644134
1.29993 0.365103
1.12908 0.690407
1.09406 0.64955
2.00285 0.272086
0.39778 0.904204
1.55994 0.720939
0.972167 0.716762
1.19275 0.859475
0.774996 0.78633
1.65412 0.767071
1.93115 0.869524
0.42296 0.907877
0.83644 0.677458
1.12862 0.505057
1.34755 0.570613
0.889638 0.601716
1.37887 0.839062
0.412137 0.925107
1.39646 0.905482
0.768338 0.664739
0.376843 0.953072
1.17378 0.746355
1.35396 0.769481
1.43885 0.410931
1.20149 0.519818
0.356126 0.91292
1.29383 0.653382
0.789748 0.584575
0.660834 0.901185
1.12157 0.624059
0.75953 0.732716
0.958205 0.871905
0.171568 0.988975
0.811889 0.853345
0.39031 0.913626
0.760534 0.791993
0.742113 0.729969
1.65416 0.64602
1.18221 0.643381
0.788102 0.74136
1.01221 0.621868
1.50483 0.634583
1.59725 0.508288
1.07416 0.630239
0.806517 0.554291
0.279565 0.938896
0.619806 0.754679
0.973211 0.552088
0.190435 0.975755
0.308054 0.941029
1.14022 0.40344
1.03445 0.973017
1.01808 0.577068
0.977033 0.441049
0.944414 0.860759
1.22288 0.437449
1.03101 0.865333
0.527824 0.888766
1.40859 0.775776
1.23569 0.569276
1.34515 0.741122
1.42327 0.979663
1.27195 0.380581
1.72589 0.875349
1.32008 0.539882
1.26241 0.433546
1.25345 0.418664
0.840967 0.58007
0.84597 0.618976
0.405474 0.901636
0.670536 0.705004
1.18762 0.369983
1.27453 0.561309
1.97184 0.431913
0.709955 0.722808
0.738183 0.849891
0.803692 0.984242
1.14034 0.74815
1.65563 0.632561
0.741042 0.983318
1.05728 0.988102
2.24478 0.544574
0.813374 0.562523
2.08719 0.291629
1.11833 0.936254
0.881601 0.552248
0.636289 0.919646
0.503321 0.916067
1.467 0.374738
0.452618 0.898827
1.52449 0.894611
0.240827 0.987841
1.09385 0.533782
1.16349 0.869859
1.71211 0.305801
1.09956 0.783486
0.501445 0.796559
1.2078 0.488048
0.707991 0.671207
0.941125 0.621615
2.04048 0.265201
1.02562 0.795489
2.10744 0.885571
1.18532 0.490888
0.787773 0.735951
1.34129 0.819322
1.34769 0.943812
0.268783 0.997598
1.05738 0.551415
1.25205 0.735303
0.510542 0.934824
1.38415 0.564174
1.60753 0.397624
0.960227 0.811287
0.713916 0.973247
1.06984 0.683315
0.592046 0.743456
1.33191 0.531936
0.660133 0.769966
1.13751 0.742305
1.17401 0.827397
1.42586 0.782457
0.643513 0.914271
0.973695 0.752888
0.893631 0.695367
0.328128 0.963463
0.413617 0.848396
0.170395 0.993605
0.774071 0.895792
0.511427 0.839695
1.03675 0.624206
1.31021 0.444182
0.841822 0.918517
0.971695 0.886602
1.12394 0.405427
0.564345 0.949458
0.789789 0.654549
0.721367 0.9198
0.947094 0.975847
1.08969 0.936739
1.11434 0.444381
0.707931 0.908188
0.766439 0.831465
0.838905 0.855693
1.51647 0.894355
0.898541 0.986032
2.32692 0.895465
0.719513 0.886577
1.15157 0.812903
0.954632 0.87394
0.77012 0.780761
1.12371 0.891748
1.60531 0.900408
1.71262 0.933676
1.18149 0.464861
1.23414 0.963245
1.25225 0.937743
1.39891 0.541746
2.00971 0.346593
1.31692 0.805731
1.44237 0.941013
1.02873 0.636953
2.18283 0.709672
0.531952 0.821139
1.48809 0.796378
1.21949 0.460682
1.82252 0.491259
0.911938 0.880204
0.727057 0.858811
1.00373 0.655532
1.75997 0.412872
0.824705 0.933212
0.842324 0.87004
0.548731 0.935374
0.857086 0.861478
0.960354 0.895204
0.753995 0.866701
0.738604 0.965275
0.815636 0.670253
0.982552 0.834527
2.28703 0.358253
1.05605 0.521023
0.699897 0.909957
1.12974 0.9711
0.570019 0.76047
0.843067 0.639467
0.832178 0.548214
1.28731 0.853128
0.296117 0.918629
1.99241 0.642581
0.674003 0.998046
1.38486 0.923909
1.31783 0.910313
0.686329 0.835534
1.44856 0.528262
0.633995 0.723106
1.31234 0.554802
0.669567 0.789082
0.610494 0.743377
1.29363 0.834712
1.96697 0.321915
1.26302 0.861663
0.755807 0.639442
1.43257 0.433237
1.44284 0.833322
1.85625 0.673835
1.41532 0.956502
2.29516 0.721537
1.3795 0.719195
0.483989 0.942913
0.715338 0.787469
1.28418 0.610473
0.794465 0.847291
0.766776 0.726511
0.726917 0.890469
1.34954 0.55739
0.582322 0.923831
0.751194 0.580657
2.04776 0.714979
1.45853 0.529626
0.817589 0.95547
0.872296 0.744049
0.542561 0.801081
0.887916 0.610866
1.6162 0.494777
1.53611 0.351249
1.57917 0.572142
0.718056 0.919461
0.635137 0.728612
0.979375 0.610905
2.02278 0.995066
0.554225 0.772593
1.28152 0.463813
1.74291 0.99681
1.68151 0.95777
1.79359 0.932212
1.08365 0.651043
0.768265 0.731453
0.919603 0.700908
1.14867 0.686262
0.790588 0.740126
0.977744 0.97694
1.55607 0.933478
1.17339 0.5729
0.901709 0.85953
1.62714 0.988218
1.55418 0.440051
1.69617 0.826376
1.06799 0.960883
0.508895 0.884914
0.512347 0.994475
0.890356 0.49353
1.58703 0.877102
1.17937 0.64938
0.41293 0.932077
0.64424 0.685245
0.571494 0.815348
0.806996 0.698495
2.2882 0.479053
1.84486 0.64448
0.737683 0.970565
0.502037 0.952201
1.24324 0.704911
0.735808 0.76401
1.55629 0.637047
0.293182 0.922454
2.25281 0.811129
0.990968 0.550392
0.624684 0.863664
1.40931 0.421145
0.485948 0.841981
1.07287 0.888537
0.863963 0.925512
0.472862 0.819068
0.776228 0.828651
1.48047 0.435575
0.74926 0.593395
0.553727 0.807845
0.63608 0.711088
0.674768 0.998456
0.613844 0.789534
1.45582 0.530542
1.18628 0.722431
1.60418 0.325264
1.18464 0.658348
0.633434 0.883621
1.72892 0.651656
0.724254 0.626739
2.6251 0.552872
0.768293 0.797336
1.24476 0.471779
1.02825 0.827628
0.423606 0.938447
1.12843 0.434072
1.53843 0.464934
1.02763 0.881194
1.47147 0.491318
1.29596 0.395987
0.804789 0.866794
0.628501 0.685217
1.19214 0.870344
1.5434 0.534723
0.801237 0.881665
1.66953 0.667978
1.81644 0.675573
1.57986 0.631299
1.34532 0.855913
1.36484 0.496034
1.10735 0.69799
1.16754 0.416191
1.56024 0.816534
0.578015 0.876967
1.92522 0.71569
0.240039 0.949326
0.958088 0.94309
0.926311 0.535848
1.18801 0.816486
1.0109 0.719157
0.863268 0.631035
1.06691 0.692038
0.553271 0.796784
0.870019 0.569093
0.838351 0.562986
1.24813 0.776705
1.18364 0.903962
1.2384 0.532799
0.941052 0.807806
1.01764 0.806275
1.17259 0.735809
1.20987 0.48169
0.779869 0.606176
0.19655 0.981652
0.899004 0.798929
0.833836 0.727182
1.33315 0.713278
0.509713 0.960637
1.1412 0.82798
1.31773 0.914823
1.21066 0.487383
1.02849 0.59909
0.745672 0.667619
2.1818 0.951811
1.35699 0.732846
1.11553 0.696565
1.7566 0.579022
0.719925 0.955264
1.50252 0.354912
1.36153 0.561174
0.856436 0.95207
0.982998 0.71703
1.16165 0.491556
1.80423 0.657022
0.821781 0.925797
1.38186 0.538009
0.918372 0.759045
0.673307 0.703686
0.776341 0.636362
1.24556 0.9732
0.706722 0.835595
0.643202 0.947885
1.35516 0.819611
0.877487 0.929009
2.08092 0.788049
1.13253 0.557383
0.659353 0.906755
1.09527 0.730878
1.01752 0.946149
0.681046 0.713747
2.1376 0.720401
1.43448 0.305778
1.81046 0.346299
1.49233 0.676161
1.45799 0.773995
2.08093 0.893067
0.863306 0.533544
1.16052 0.675054
0.784887 0.924905
1.27316 0.640001
0.753973 0.57737
0.918274 0.950237
1.62435 0.381919
0.482576 0.835016
2.31381 0.795141
1.29941 0.729928
0.936107 0.638638
1.22654 0.728048
0.700175 0.821236
1.06734 0.533075
1.18247 0.88603
0.976003 0.792446
0.974681 0.781146
1.08101 0.546401
0.683344 0.791287
1.387 0.736203
1.24661 0.696451
1.40246 0.982105
0.760081 0.628446
0.994877 0.66301
0.851624 0.815579
2.11452 0.236091
0.876933 0.620157
0.904427 0.942207
0.578714 0.831761
0.827941 0.789975
1.62012 0.418064
0.35593 0.998072
0.398864 0.930123
0.81098 0.691217
1.11441 0.645857
0.581681 0.910019
0.10893 0.999992
0.862283 0.568504
0.508111 0.85972
0.862205 0.922673
1.02833 0.999196
1.33014 0.338414
0.978409 0.467529
0.754025 0.93525
0.677369 0.902576
1.45045 0.800462
1.18374 0.630763
1.15262 0.580389
0.683051 0.93518
1.16352 0.690961
1.35599 0.961374
0.998889 0.564373
0.933854 0.54818
0.811545 0.790162
0.873411 0.853517
0.770204 0.598532
1.48506 0.958058
2.39001 0.605191
1.25839 0.587793
1.32943 0.885977
1.00347 0.432522
0.966615 0.771289
1.45312 0.919193
1.20212 0.444685
0.732219 0.894824
1.31279 0.477861
1.23925 0.588771
1.84234 0.670273
1.49689 0.797806
0.755386 0.765176
0.884945 0.981562
0.930897 0.912932
2.38976 0.522996
1.74068 0.54357
0.936173 0.473334
0.88793 0.487202
0.993824 0.920056
1.15676 0.943723
0.804986 0.891627
1.43902 0.408339
0.842692 0.564316
0.485231 0.813655
1.03191 0.687777
1.89731 0.645688
2.24475 0.32926
1.22334 0.770875
0.938872 0.731384
1.11389 0.925918
1.27352 0.604711
1.66417 0.291176
1.30494 0.858749
0.331003 0.953816
2.24339 0.831346
0.922955 0.639572
1.03222 0.752145
0.570385 0.777995
1.6474 0.833685
0.970296 0.661306
0.621298 0.693263
0.865312 0.501688
0.522382 0.835011
1.34403 0.479361
0.732932 0.777826
0.393754 0.878434
0.892072 0.794023
0.468021 0.829342
1.01838 0.683294
1.1899 0.650057
0.769907 0.664504
1.02977 0.647647
1.29106 0.593692
0.919852 0.725053
0.66272 0.796671
0.358489 0.99827
0.923016 0.931511
1.03554 0.777746
1.24221 0.749232
1.46665 0.941342
2.24756 0.950371
1.05323 0.531066
0.819747 0.602555
0.310192 0.959851
2.03688 0.773321
1.13713 0.810798
0.519024 0.940758
0.729857 0.704693
0.574173 0.742822
1.31226 0.928534
0.289148 0.967249
1.29515 0.485677
1.68238 0.801577
1.12296 0.467427
0.79593 0.813518
1.74451 0.617357
0.631024 0.929757
0.939931 0.852159
0.960944 0.511914
1.15073 0.877027
0.685141 0.863028
1.01957 0.975672
0.784377 0.659844
0.813534 0.689737
0.657844 0.96633
1.23455 0.520865
2.07212 0.434316
1.08082 0.593705
1.43271 0.452137
1.56583 0.727182
0.682108 0.680657
1.28494 0.497047
2.32164 0.4585
0.964202 0.984982
1.42832 0.418289
0.819318 0.786968
0.333099 0.982408
0.811022 0.589143
0.781362 0.907865
1.1569 0.548535
1.05571 0.754958
0.405277 0.951199
1.3876 0.635496
1.34203 0.488578
1.31628 0.436819
0.839998 0.621751
1.39103 0.391354
0.337477 0.927079
1.34638 0.994677
0.579363 0.719676
0.512098 0.923563
1.2681 0.634531
0.990227 0.560826
0.984493 0.592961
0.845658 0.925862
0.735498 0.73525
0.600718 0.728792
0.85523 0.678597
1.21634 0.354912
0.561987 0.781084
0.410368 0.920642
0.665793 0.886924
1.29653 0.990803
1.67322 0.9437
0.922437 0.762088
0.422322 0.991526
1.08278 0.837141
0.607131 0.985348
1.74345 0.575175
0.800977 0.874585
1.16992 0.527886
0.664166 0.663757
1.07299 0.530452
0.932305 0.54581
1.10537 0.729665
0.829524 0.861474
1.24913 0.76356
0.415816 0.865305
0.843028 0.697649
1.49785 0.690122
0.600104 0.755817
0.734557 0.976901
1.22743 0.813387
1.28583 0.929188
1.34365 0.437176
0.890305 0.777009
2.00996 0.275564
0.939591 0.724164
1.63389 0.902747
1.37843 0.708818
0.982025 0.971139
1.77826 0.527164
0.562768 0.977145
0.64375 0.682199
1.30233 0.348051
1.07733 0.40983
0.502073 0.951194
1.15431 0.876062
1.59304 0.409065
1.39311 0.62387
1.10583 0.730422
1.83838 0.829715
1.16234 0.569118
0.959226 0.528229
0.678041 0.916704
0.538288 0.814818
0.706482 0.825451
0.769063 0.718257
1.6867 0.298743
1.51956 0.927204
0.935257 0.783764
1.70395 0.743369
0.816112 0.634601
0.897614 0.914121
1.76767 0.584449
1.23984 0.996812
0.381664 0.875941
1.22215 0.875861
1.62281 0.884025
2.41073 0.710736
0.83092 0.56077
0.833327 0.637976
1.83903 0.528877
0.907566 0.822484
1.11301 0.50426
2.01523 0.780698
1.43689 0.533458
1.14569 0.533652
0.806498 0.540697
0.73748 0.605115
0.620522 0.727084
0.651464 0.91443
1.41825 0.803831
0.487261 0.848512
0.922317 0.937115
0.99407 0.778198
1.30001 0.494183
1.37368 0.737582
1.05275 0.950235
0.567266 0.776143
1.09681 0.844297
0.32164 0.989091
0.932998 0.955268
1.61529 0.380117
1.1127 0.862079
1.18055 0.581774
1.4803 0.875111
0.672396 0.776201
1.24204 0.575753
0.974121 0.478518
0.751067 0.620149
1.3279 0.85467
0.811159 0.593267
0.643989 0.939602
1.51043 0.57802
0.753913 0.823648
0.640857 0.970747
1.32806 0.928563
1.08677 0.896017
0.950505 0.532198
1.01573 0.566693
0.716044 0.87453
0.640517 0.863143
1.51384 0.699621
1.69483 0.768032
1.13002 0.619352
1.22542 0.452576
1.05073 0.868026
1.03214 0.451479
0.494768 0.945247
1.02769 0.503661
1.23975 0.738913
0.77974 0.736475
0.905218 0.87717
1.48541 0.898204
0.586111 0.856894
1.36023 0.57634
0.520556 0.824374
1.15435 0.671332
0.576756 0.87558
0.838294 0.943562
0.510487 0.878749
0.494056 0.816658
1.86395 0.717403
0.911826 0.756973
0.549783 0.879916
1.4535 0.480279
0.842837 0.617241
1.48402 0.404932
0.910698 0.51107
0.88506 0.730943
1.48128 0.44614
2.29429 0.573797
1.0183 0.896049
1.61264 0.648915
1.05035 0.994405
1.59216 0.635334
1.41887 0.340352
1.15466 0.922331
1.11378 0.69079
0.521124 0.888075
0.561099 0.780749
1.76587 0.450812
1.41915 0.90234
1.22853 0.851917
1.56762 0.850492
1.07712 0.952397
1.28158 0.800957
1.58438 0.913504
1.3547 0.329757
0.995942 0.831976
1.15049 0.584231
1.06412 0.880297
1.50607 0.45246
1.55761 0.986114
1.83489 0.786231
1.07178 0.861395
1.24093 0.5791
0.944804 0.756269
0.513061 0.866595
1.08666 0.971767
1.05328 0.66157
0.922025 0.647122
1.18885 0.99557
0.820482 0.770962
1.15293 0.711681
0.738057 0.954227
0.600688 0.946074
1.30359 0.647691
1.70574 0.407031
2.62587 0.424025
1.66127 0.850084
0.204912 0.989998
0.802435 0.858586
0.69894 0.73538
1.52744 0.964979
1.24796 0.867847
1.22256 0.559637
1.46102 0.685343
0.986417 0.782528
0.869373 0.829125
1.0531 0.757723
1.56193 0.79587
0.749389 0.6694
1.7379 0.344902
1.40506 0.956697
1.07285 0.999373
1.16641 0.967208
1.21183 0.380856
1.82339 0.571214
1.10637 0.689758
1.42049 0.538304
0.493728 0.907929
1.05047 0.891826
1.26175 0.760616
0.613927 0.881501
0.990314 0.979654
1.34108 0.817664
1.3081 0.658036
1.0976 0.866632
2.15543 0.992336
0.645887 0.701575
2.12636 0.778263
0.747187 0.74488
1.36404 0.803779
1.01839 0.81545
1.25273 0.821792
0.923026 0.876014
1.98631 0.640419
1.35444 0.440741
1.08958 0.701604
1.63317 0.739527
1.15361 0.800689
1.39986 0.417311
1.20162 0.5916
0.656926 0.756052
1.41694 0.738464
0.680699 0.63778
0.533621 0.919936
0.978443 0.993674
1.64713 0.916266
1.43633 0.727831
1.84904 0.523821
0.520208 0.836113
0.808019 0.740322
1.20281 0.885314
1.68357 0.723628
0.836042 0.937749
1.36656 0.830397
0.764518 0.617563
1.06007 0.604288
0.870218 0.846846
0.557921 0.981228
0.919547 0.815166
2.04136 0.905205
1.86689 0.793213
1.56113 0.892839
0.97253 0.800558
1.62894 0.74078
2.10763 0.481414
0.654309 0.745833
0.940253 0.70694
2.17523 0.305516
0.738425 0.97996
1.08021 0.629089
1.80826 0.423157
0.607643 0.691898
1.08786 0.438405
1.70934 0.689505
0.431418 0.968406
0.784178 0.767685
0.671256 0.706974
0.734341 0.996732
0.983994 0.729945
1.24223 0.504591
0.473391 0.871051
1.87767 0.240253
1.20822 0.523089
1.14328 0.788861
1.20337 0.977268
0.539166 0.888851
0.879875 0.513917
0.64981 0.677559
0.65965 0.735438
0.77696 0.72979
1.2757 0.878366
0.768125 0.575998
1.28155 0.617229
0.975892 0.848452
1.19586 0.491096
1.21813 0.642336
1.74403 0.27767
1.5142 0.313304
0.857848 0.541328
0.730022 0.608524
0.689761 0.99004
0.378618 0.992753
1.26041 0.591031
0.911591 0.65674
1.10055 0.565616
0.954788 0.905197
1.4363 0.933014
0.898703 0.564218
1.15921 0.419257
0.760499 0.575572
1.65461 0.28316
1.05999 0.841883
1.01569 0.710626
0.845912 0.952947
1.4132 0.829496
0.535694 0.964108
0.643639 0.83665
1.16499 0.401745
2.01853 0.767849
1.24645 0.441082
0.857033 0.613473
1.28737 0.724309
0.66417 0.663393
1.5649 0.440465
1.39289 0.946461
0.958073 0.501176
1.21327 0.731064
0.518109 0.991583
1.1097 0.541344
1.23079 0.488781
0.781817 0.777956
0.719899 0.603262
0.720134 0.778302
0.538646 0.875525
1.12964 0.452589
2.21625 0.686735
1.57666 0.750605
1.26714 0.584378
0.343106 0.946797
1.66132 0.75162
0.749506 0.93092
0.542391 0.781967
1.25435 0.377442
0.393926 0.88874
1.42383 0.535365
1.07225 0.442934
1.47929 0.929439
1.45864 0.426295
1.1106 0.43172
1.0592 0.740724
1.37158 0.560595
0.732145 0.634561
1.46083 0.603148
0.715828 0.641312
0.582634 0.953659
0.750363 0.766993
1.26373 0.829703
1.57496 0.796455
0.969743 0.882644
1.05441 0.844997
1.47992 0.902494
0.79486 0.977595
1.48131 0.394778
0.828552 0.729393
0.799868 0.665364
1.15758 0.429675
1.24368 0.896586
0.889015 0.552116
1.18167 0.490754
1.22728 0.85781
0.749044 0.90722
1.31085 0.354049
1.19815 0.889878
1.11755 0.429786
0.625105 0.689098
0.90963 0.498148
2.16014 0.945357
1.30062 0.367979
0.746561 0.574874
1.56553 0.377085
1.2047 0.711848
1.67294 0.561424
1.08452 0.885648
0.572019 0.875663
0.766277 0.948586
0.464681 0.953532
0.890102 0.771739
0.618522 0.687219
1.0742 0.635298
2.38882 0.437868
1.06845 0.475742
1.67695 0.912255
0.551702 0.976501
1.08912 0.901285
1.0121 0.97908
0.871666 0.706699
0.857349 0.699413
0.834244 0.714019
1.20941 0.586218
0.823274 0.863863
0.59234 0.754833
2.21508 0.784987
0.695384 0.80354
0.951893 0.669447
2.07733 0.742423
1.3252 0.5704
1.41467 0.945891
1.39111 0.892114
1.21477 0.991954
1.28636 0.345201
0.86456 0.869563
0.927991 0.729145
1.52007 0.700389
1.44884 0.336749
0.291689 0.988158
1.64079 0.787189
1.40504 0.586384
1.06188 0.495097
0.591377 0.979844
1.26361 0.783748
0.653379 0.77717
1.68342 0.529767
0.934256 0.958033
1.6852 0.271795
1.19713 0.60297
0.91747 0.622672
0.335749 0.9039
2.01971 0.33697
1.00241 0.568864
1.99648 0.718616
1.19084 0.482327
1.50352 0.585751
1.52112 0.781342
1.60382 0.37554
0.848364 0.635224
1.69339 0.579464
1.13944 0.90712
1.20653 0.688969
1.30871 0.411351
0.880932 0.708161
1.02988 0.866024
0.678288 0.72627
1.74526 0.468855
0.499373 0.913942
0.724447 0.859853
0.397497 0.891795
0.423355 0.954456
1.84066 0.538111
1.39173 0.315205
0.441968 0.909574
0.716824 0.777535
0.897292 0.56536
0.964538 0.897097
0.538544 0.770502
0.810961 0.58084
0.807456 0.833517
1.49249 0.886625
0.71964 0.642521
1.23256 0.35659
2.34741 0.819037
0.72271 0.997488
1.08384 0.885496
0.911432 0.78923
0.993166 0.701945
0.497154 0.915921
0.66652 0.886863
0.480931 0.982283
1.35284 0.892459
0.975515 0.453154
0.680968 0.821403
1.21618 0.442704
0.531557 0.806454
0.789168 0.601006
0.395556 0.87909
0.548241 0.946368
1.50241 0.448107
1.19728 0.827703
1.0105 0.752066
0.474258 0.926177
0.496049 0.826854
2.10251 0.431812
0.573522 0.791275
1.13445 0.959853
0.849085 0.665544
1.45347 0.949841
0.696392 0.959719
0.859426 0.989062
1.35826 0.446788
1.3718 0.335875
0.587326 0.758949
0.815507 0.689268
0.54105 0.82102
1.43023 0.659487
1.41416 0.500594
0.786974 0.887521
1.47806 0.301358
1.30592 0.77677
0.639735 0.875355
1.02488 0.827784
1.43924 0.618864
1.14898 0.641616
0.591717 0.776103
0.475784 0.91588
0.750011 0.999389
1.08925 0.398059
1.30076 0.533448
2.56686 0.893943
0.87774 0.931736
0.714648 0.85606
1.47983 0.309174
1.35024 0.366433
0.71894 0.604986
1.53901 0.982451
1.2768 0.961972
1.06942 0.845465
1.2462 0.980598
1.23902 0.855373
0.92467 0.963889
1.46527 0.336449
0.706731 0.946987
0.953594 0.903194
1.6601 0.461791
1.36006 0.59701
0.602033 0.774026
1.58645 0.614606
1.74166 0.531937
1.34046 0.467236
1.03356 0.525559
0.668315 0.768096
0.812137 0.65341
0.947781 0.999402
0.871115 0.721496
1.15954 0.559771
1.04346 0.501838
1.03621 0.557876
0.836851 0.837905
0.867969 0.662726
1.44843 0.307827
1.70348 0.617115
1.34707 0.545467
1.52435 0.360163
1.14746 0.946499
1.38496 0.577309
0.856556 0.513973
1.05993 0.511908
1.01714 0.686665
1.64103 0.887277
1.48544 0.499064
1.82413 0.788158
0.703859 0.702495
0.846357 0.687968
1.52145 0.77394
0.640513 0.938577
1.10451 0.561125
0.984033 0.544983
1.29677 0.449951
1.65447 0.44384
0.869481 0.723965
0.68038 0.665327
1.0355 0.601302
0.183922 0.988941
1.09837 0.742955
1.02706 0.843845
0.159056 0.997996
1.25107 0.822631
1.58092 0.751741
0.106356 0.992097
1.24251 0.788107
1.27061 0.936401
1.16153 0.860333
0.358044 0.946835
1.77229 0.399802
1.62111 0.900624
1.37563 0.908817
1.62956 0.357496
1.37854 0.992683
0.429595 0.845084
1.08452 0.99244
2.48094 0.344942
0.819426 0.646059
1.35042 0.804677
1.34938 0.63429
1.03195 0.736818
1.77014 0.744113
0.911425 0.840822
1.06852 0.944524
0.982328 0.853487
1.29508 0.341769
1.54504 0.426972
0.71631 0.79078
0.820507 0.777045
0.709874 0.957369
0.752724 0.621327
1.0724 0.694039
0.896785 0.737851
0.928261 0.847417
0.299919 0.968683
0.819816 0.851414
0.874376 0.806215
0.296545 0.942458
1.44402 0.895247
1.21313 0.635109
0.702764 0.871495
1.07546 0.670941
1.14287 0.729608
0.80921 0.752643
0.584828 0.85792
0.796239 0.615613
1.05451 0.762818
0.814987 0.75455
0.749407 0.894944
0.378094 0.943367
1.0976 0.778467
1.16233 0.406821
1.00456 0.907634
1.35706 0.707017
1.12097 0.865639
1.47826 0.54288
1.69312 0.725593
1.2981 0.731565
1.27563 0.624486
1.03485 0.81967
0.630988 0.857189
1.83383 0.645258
0.593039 0.809477
0.730892 0.601246
1.04131 0.708944
1.00228 0.882819
1.9112 0.352371
2.2355 0.907951
0.872139 0.587081
1.81742 0.624757
1.24946 0.415838
0.681609 0.798413
1.26507 0.630186
1.57333 0.974118
0.206918 0.988063
1.11645 0.431057
0.748371 0.741596
1.15617 0.523553
0.603909 0.732671
2.08383 0.711136
1.0041 0.56907
0.815426 0.853309
0.886385 0.507611
0.693319 0.977364
1.17329 0.689376
0.699733 0.671812
0.356075 0.934942
1.78314 0.961222
0.919778 0.475932
1.75128 0.819156
1.34637 0.323927
1.1506 0.733418
1.3333 0.781953
1.03385 0.804648
1.03459 0.682597
1.12807 0.595642
0.813747 0.623429
0.530788 0.977474
0.746546 0.912947
0.71929 0.971828
1.07035 0.456338
2.54772 0.435389
1.05898 0.462774
1.39451 0.452177
1.09065 0.537216
1.16895 0.658217
0.892497 0.936508
0.71596 0.978876
1.30495 0.38194
1.11781 0.59891
1.23175 0.708921
1.26522 0.466922
0.885036 0.982395
1.4339 0.359862
1.6457 0.744344
1.07746 0.70874
1.28844 0.844617
0.509039 0.998141
0.458672 0.887862
0.999514 0.586994
1.04316 0.834714
1.32013 0.46412
0.205858 0.99076
0.995001 0.988819
2.05204 0.46406
1.19659 0.612594
0.802259 0.928149
1.3165 0.938022
0.668769 0.842079
1.52125 0.586118
2.03692 0.241945
0.822522 0.566845
1.35105 0.38397
1.31052 0.580143
1.07735 0.889999
0.829553 0.650589
1.50292 0.935604
1.90859 0.301957
1.06704 0.729979
0.657925 0.783063
0.945032 0.905281
0.985531 0.611111
0.773393 0.569322
0.855135 0.991736
1.09426 0.527144
0.754519 0.673412
1.49739 0.873044
0.770321 0.99337
0.987075 0.557879
1.86869 0.292042
1.42812 0.813868
0.983959 0.988323
0.809394 0.646686
0.802529 0.798172
0.473402 0.934979
0.94322 0.544698
0.753906 0.762976
0.718394 0.793852
1.53759 0.926753
0.885612 0.828429
1.39053 0.575705
0.673378 0.977762
0.611246 0.89591
1.08738 0.477587
1.03924 0.835989
0.887049 0.720244
1.37582 0.668024
1.12576 0.975337
1.36263 0.74943
1.39474 0.883288
0.244144 0.966023
1.42467 0.892667
1.19434 0.516362
0.869485 0.803335
1.43134 0.803679
1.68843 0.254612
1.15065 0.401236
0.342336 0.953276
1.84508 0.950673
0.372894 0.967325
1.89407 0.270392
0.661984 0.699028
1.81502 0.686188
0.420409 0.854027
1.67713 0.380277
0.816073 0.903593
1.22488 0.861888
1.03218 0.706157
0.711617 0.779781
1.65518 0.992179
0.722022 0.688143
1.3645 0.634718
1.50607 0.741851
1.29721 0.351731
1.17765 0.662888
1.142 0.929535
0.716999 0.716077
0.998072 0.927231
1.73149 0.737224
0.939019 0.905624
1.05547 0.77035
1.80087 0.330395
1.03598 0.447846
1.19595 0.928045
0.949384 0.866681
0.905727 0.95517
0.748101 0.602408
0.60237 0.737412
1.17488 0.719129
1.16421 0.779042
1.66216 0.267869
1.2289 0.642501
1.35096 0.346848
1.17185 0.876927
0.633782 0.978283
0.725195 0.797053
0.26872 0.933222
0.841358 0.949687
0.523717 0.803471
1.05264 0.653669
1.10145 0.627718
0.859249 0.972508
0.666315 0.842417
0.698426 0.901847
1.30931 0.769888
0.811613 0.908974
1.37492 0.467703
1.26486 0.701421
1.02855 0.486648
0.84119 0.65562
1.0578 0.663306
1.16427 0.908035
1.2112 0.511294
1.3981 0.854541
0.64934 0.758763
0.881919 0.717502
0.538572 0.948621
1.05883 0.635197
0.528001 0.811982
2.00687 0.348731
0.612692 0.777068
0.704367 0.622307
1.16229 0.852052
0.187197 0.976988
1.9081 0.505696
1.707 0.413706
1.10527 0.411825
1.13315 0.914881
0.592744 0.992891
0.611922 0.906362
1.39838 0.341482
0.990511 0.57871
1.48439 0.300101
1.60067 0.864227
1.02859 0.693415
1.28734 0.404456
0.861336 0.752008
0.965378 0.97052
1.05085 0.921971
1.93177 0.481348
1.63162 0.889219
1.15223 0.878866
1.09867 0.495257
0.861539 0.822341
0.89667 0.919552
0.943137 0.936865
1.15744 0.981733
1.07385 0.649764
1.68233 0.746232
0.862683 0.919899
1.45806 0.354496
0.78253 0.810239
0.864045 0.630596
1.51517 0.768877
0.986987 0.488052
1.518 0.590407
1.70607 0.395662
1.40237 0.564364
1.5011 0.306618
0.734602 0.77301
1.58272 0.436402
1.2124 0.879424
1.23599 0.652981
1.69774 0.77619
1.87622 0.827306
1.84806 0.754268
1.24735 0.926736
0.750268 0.87469
1.1207 0.871012
1.67167 0.705552
1.14979 0.662467
1.37931 0.887803
1.56165 0.489588
0.825676 0.673389
0.682693 0.958116
1.69549 0.954089
0.87006 0.809662
0.864713 0.953873
0.677976 0.842163
1.16493 0.409549
1.47265 0.519782
0.652486 0.942949
0.557513 0.800901
1.32675 0.464292
0.658683 0.751635
2.37868 0.659944
1.55811 0.458478
0.979247 0.517708
0.522011 0.801463
1.24419 0.786328
2.49553 0.864721
0.987373 0.464108
0.874611 0.686136
1.00776 0.436762
0.835603 0.783393
0.640705 0.958988
0.828272 0.84515
0.653666 0.844002
1.50627 0.613615
2.06394 0.603743
1.56463 0.849733
1.36265 0.432962
1.68944 0.970644
1.09976 0.821302
0.941758 0.508759
1.55836 0.950285
0.594406 0.980711
0.370256 0.921679
0.452012 0.92825
1.61077 0.420245
0.497658 0.863805
1.07726 0.90295
0.912634 0.89953
0.87201 0.993441
0.577768 0.750655
1.37932 0.552053
0.244015 0.987055
1.04847 0.590074
0.695941 0.919219
2.35062 0.280729
1.08123 0.78674
1.25543 0.487875
1.39061 0.716716
1.8485 0.862846
1.39912 0.792839
1.19973 0.586444
1.36461 0.676757
1.08418 0.868657
1.72186 0.655258
0.625111 0.975663
0.907595 0.748149
0.319225 0.967682
0.519065 0.899258
1.2943 0.748856
0.621538 0.810896
1.29946 0.80279
0.636887 0.997752
0.968766 0.986997
1.40737 0.534979
0.797924 0.965994
0.652602 0.844167
0.571184 0.723813
2.02122 0.854192
2.30241 0.279381
1.0498 0.746513
1.68474 0.301741
0.431452 0.984378
1.70758 0.418842
1.2995 0.941486
0.844143 0.795555
1.09295 0.696507
1.20646 0.492202
0.759053 0.763042
1.49215 0.384329
1.12188 0.536573
1.31512 0.506652
2.56483 0.679444
0.60038 0.909898
1.21125 0.507041
1.01303 0.575735
0.820771 0.557096
1.1939 0.582417
0.449269 0.955012
0.614539 0.969567
0.771379 0.609508
1.4944 0.649267
0.571094 0.99085
1.47731 0.828515
0.623816 0.730395
1.80289 0.971919
0.545723 0.762796
1.17779 0.871382
2.18639 0.749573
0.619804 0.85589
1.14899 0.819255
1.43539 0.82736
0.368809 0.9819
0.68962 0.920834
0.519878 0.820192
1.27226 0.695867
1.15286 0.65787
0.445044 0.933518
1.31661 0.428183
0.707479 0.991112
1.2143 0.828023
1.47824 0.91052
1.6338 0.611704
1.4529 0.646879
1.31688 0.667591
0.667709 0.970116
0.508019 0.825606
0.364315 0.963075
0.644942 0.729714
1.58519 0.807889
1.83016 0.600733
1.42932 0.873311
0.221727 0.96501
0.816677 0.604054
1.28534 0.834459
0.58851 0.787829
1.46312 0.600126
0.688614 0.833323
0.981566 0.592812
0.923603 0.956893
1.08273 0.791517
0.857512 0.875285
2.12584 0.447909
2.00284 0.898652
0.85994 0.633779
1.00312 0.600267
1.04087 0.610953
1.0161 0.506186
0.481676 0.916183
1.14688 0.553795
1.56967 0.763816
1.48179 0.880336
0.760125 0.620026
1.89391 0.678378
0.920385 0.907017
0.626987 0.83979
1.59864 0.315316
2.24784 0.755044
2.03319 0.722963
1.16469 0.914972
1.47652 0.687299
1.17149 0.807871
0.986571 0.705554
1.15095 0.68325
0.651418 0.966368
1.75733 0.852059
0.618589 0.774827
0.607069 0.839395
1.28594 0.819105
0.742042 0.971209
0.302683 0.985258
1.60646 0.4515
1.34031 0.39507
0.244622 0.996541
0.360836 0.97604
1.8418 0.842171
0.431446 0.90985
0.729855 0.631951
0.795925 0.79377
1.48782 0.824189
1.10498 0.54621
0.977308 0.89336
2.20023 0.640777
3.0448 0.399826
0.438073 0.941666
1.60287 0.666421
1.52552 0.728496
1.39081 0.744435
0.901016 0.646365
0.763436 0.67174
1.25283 0.788186
1.19981 0.44189
1.46076 0.784589
0.697977 0.99884
0.95777 0.557246
0.801666 0.983096
0.895324 0.705946
1.17117 0.800552
1.12772 0.757152
1.729 0.91955
0.856749 0.860924
1.33091 0.805458
1.1915 0.808975
1.65531 0.990679
1.58395 0.405194
0.840833 0.906195
1.21095 0.982708
0.723967 0.703395
1.21184 0.642965
1.193 0.512074
0.591552 0.945884
2.51117 0.64267
0.581894 0.808259
0.888111 0.71202
1.03358 0.734224
1.00508 0.717681
1.32843 0.709474
0.771501 0.990671
0.711024 0.882685
1.07712 0.921014
1.25319 0.360092
1.68271 0.827064
0.903131 0.62814
0.450501 0.969063
0.983685 0.829022
0.761687 0.712924
0.758496 0.737051
0.879655 0.801297
1.73955 0.448305
0.387936 0.910692
1.12668 0.889441
0.465696 0.834698
0.94695 0.645206
1.61498 0.417818
0.897758 0.961712
0.95248 0.883804
0.792976 0.591598
1.05716 0.568705
1.4475 0.413646
1.22891 0.489096
1.09395 0.669219
1.6055 0.424938
1.43728 0.93988
0.917389 0.508177
0.865213 0.909559
0.959166 0.687006
0.451072 0.841476
1.01723 0.805812
0.44407 0.941592
2.11408 0.566503
0.895846 0.925851
0.595667 0.789111
1.46262 0.818854
0.81785 0.753374
0.846571 0.56823
0.896541 0.937071
0.891779 0.965265
0.797347 0.727821
1.63395 0.466386
0.903753 0.979909
0.860741 0.940253
0.815913 0.612292
0.517155 0.990326
1.04302 0.685542
1.06344 0.703431
0.650459 0.948664
2.02786 0.732527
1.03749 0.968447
1.73077 0.263831
0.288439 0.9881
0.969382 0.779454
1.0885 0.91728
0.681088 0.706675
1.04405 0.798151
1.10184 0.5959
0.343016 0.959107
0.827026 0.920406
1.07166 0.959685
1.3792 0.798873
1.32152 0.695327
1.23325 0.483781
0.838792 0.906618
0.860764 0.820551
1.32389 0.899949
1.22446 0.941979
0.855018 0.736467
0.732961 0.867467
1.13776 0.744574
1.52526 0.913607
1.83778 0.676201
0.801324 0.897552
1.32568 0.342449
1.67252 0.9454
0.844824 0.58419
0.82239 0.987758
0.574345 0.87062
1.07935 0.953772
0.86085 0.54201
0.810071 0.652979
1.16952 0.605603
0.929756 0.720802
1.0223 0.45676
0.867159 0.750137
1.50329 0.870158
1.02832 0.878233
1.67929 0.777154
1.38321 0.583138
2.12017 0.474154
1.32741 0.388562
0.848927 0.725521
0.793988 0.760702
0.563681 0.729252
1.4172 0.555053
1.52831 0.856513
0.698104 0.911045
0.467659 0.968207
0.504573 0.78932
0.986334 0.794184
0.719219 0.919848
0.759464 0.873145
1.17489 0.980874
1.13966 0.911375
0.301286 0.950377
0.924493 0.524846
0.846771 0.66643
0.98756 0.551175
0.752525 0.780151
1.76058 0.307107
0.991474 0.731263
0.853158 0.757776
0.774863 0.8149
1.01903 0.667101
0.908418 0.765281
1.70214 0.363144
1.54994 0.968757
1.68959 0.614511
0.507852 0.886753
1.17029 0.960957
1.60726 0.384224
1.03714 0.86312
0.675506 0.872913
1.54782 0.281659
1.31847 0.668449
0.579972 0.976987
1.38409 0.887712
1.30513 0.965049
0.652911 0.774793
1.63264 0.656935
1.02719 0.82127
0.770445 0.562884
1.00569 0.676209
1.31109 0.985408
1.44756 0.565207
1.20429 0.44323
0.889083 0.550588
0.83146 0.820274
0.456282 0.924992
0.948076 0.61829
0.948263 0.946277
0.723167 0.834484
2.26653 0.973169
2.12096 0.378451
1.19962 0.376769
2.06879 0.215958
1.37467 0.63607
0.644103 0.77915
1.05964 0.537411
1.00274 0.618763
0.809216 0.693538
0.838585 0.562526
0.889228 0.876489
1.70609 0.866964
0.911329 0.653504
1.13941 0.41903
0.72165 0.671533
2.03305 0.305839
1.42435 0.941909
0.843677 0.658529
1.0827 0.942454
1.06744 0.519637
1.53013 0.657002
0.292057 0.936451
1.24391 0.345533
2.49374 0.669724
0.371533 0.973662
0.896076 0.727503
1.03209 0.641481
0.530302 0.811655
2.68916 0.743564
0.950345 0.468511
2.05215 0.46384
0.40663 0.925394
0.785742 0.578424
1.60038 0.328553
0.722068 0.935751
1.93855 0.490794
1.73452 0.908427
1.23984 0.842707
1.06699 0.861906
1.54365 0.460387
0.854802 0.966613
1.19911 0.989579
1.2619 0.660458
1.56361 0.444202
1.24724 0.48871
0.853076 0.856276
1.2949 0.529437
0.916628 0.817716
0.720474 0.877395
1.31931 0.683271
1.15141 0.58077
0.893078 0.845412
1.09568 0.896035
0.481192 0.957936
0.478325 0.943218
1.84801 0.776394
0.52816 0.828286
0.650097 0.872335
0.640821 0.897502
0.107237 0.990194
1.20104 0.988471
1.86648 0.657042
1.64453 0.477724
1.03646 0.851981
0.761338 0.839019
1.57472 0.357384
0.765478 0.987853
1.57042 0.300573
1.1152 0.926425
0.586756 0.95106
0.284272 0.953128
1.16958 0.507056
0.637197 0.676418
1.0204 0.868904
0.296427 0.955178
1.3741 0.472733
1.99869 0.290105
0.993687 0.539774
1.25991 0.480686
1.27259 0.420155
0.591092 0.805536
0.722021 0.627539
0.371586 0.896471
0.922403 0.973168
1.70442 0.523156
0.630631 0.939689
1.21858 0.869694
0.844929 0.915006
1.03977 0.431733
1.12188 0.997982
0.608682 0.719187
1.48701 0.450449
0.158538 0.993236
1.48172 0.567913
0.937847 0.86175
0.89753 0.765875
1.48968 0.989797
0.423983 0.981643
0.866212 0.730167
1.05225 0.960641
1.23898 0.974445
1.13946 0.822434
1.40923 0.406586
0.833298 0.797234
