1.28088 0.394383
1.15552 0.79844
1.68768 0.916195
0.903722 0.717297
2.57718 0.218257
0.725435 0.839112
0.90652 0.524287
0.698067 0.972775
0.744999 0.769914
0.566038 0.891529
1.20654 0.919026
1.41996 0.348893
0.336996 0.970634
1.46007 0.85092
0.53065 0.760249
0.724873 0.667724
0.618945 0.931835
1.5741 0.720952
0.622434 0.880075
1.71498 0.58864
0.936918 0.858676
0.621663 0.92397
0.563503 0.814767
0.979596 0.910972
1.67562 0.920128
0.700699 0.760475
1.99755 0.935004
1.18549 0.732654
0.935765 0.967405
0.909423 0.759735
0.65258 0.819677
0.811555 0.755581
3.42933 0.204329
1.49969 0.819695
0.750764 0.757294
0.43036 0.992228
0.816834 0.877614
1.08833 0.62891
1.26416 0.925377
1.36843 0.831038
