1.28088 0.394383
1.15552 0.79844
1.68768 0.916195
0.903722 0.717297
2.57718 0.218257
0.725435 0.839112
0.90652 0.524287
0.698067 0.972775
0.744999 0.769914
0.566038 0.891529
1.20654 0.919026
1.41996 0.348893
0.336996 0.970634
1.46007 0.85092
0.53065 0.760249
0.724873 0.667724
0.618945 0.931835
1.5741 0.720952
0.622434 0.880075
1.71498 0.58864
0.936918 0.858676
0.621663 0.92397
0.563503 0.814767
0.979596 0.910972
1.67562 0.920128
0.700699 0.760475
1.99755 0.935004
1.18549 0.732654
0.935765 0.967405
0.909423 0.759735
0.65258 0.819677
0.811555 0.755581
3.42933 0.204329
1.49969 0.819695
0.750764 0.757294
0.43036 0.992228
0.816834 0.877614
1.08833 0.62891
1.26416 0.925377
1.36843 0.831038
1.9212 0.743811
1.46415 0.983596
0.951923 0.497259
0.722256 0.971466
1.64165 0.450918
0.475697 0.847684
0.965556 0.48295
0.963102 0.63764
0.863841 0.627158
1.53105 0.684757
0.368417 0.877384
0.816428 0.593211
1.72982 0.91893
1.12006 0.699075
0.542848 0.774274
1.63478 0.916273
1.17691 0.548042
0.420451 0.904932
1.48691 0.873979
1.34398 0.492399
0.655751 0.848942
1.27589 0.724252
0.45937 0.931895
1.48262 0.622095
1.27273 0.818128
0.604363 0.934495
0.939166 0.761778
1.39743 0.625665
1.25638 0.394388
1.0554 0.638654
1.99908 0.338243
1.15588 0.774386
1.34661 0.721006
2.0272 0.707909
0.647341 0.780868
0.992374 0.44256
0.819243 0.529899
0.430347 0.888723
0.864764 0.525747
0.878444 0.596196
0.505173 0.878278
0.486869 0.814909
0.888992 0.836104
1.15385 0.719462
0.781391 0.919591
0.982457 0.809785
0.753819 0.84391
0.877729 0.642693
1.1941 0.677812
1.00592 0.567831
0.933907 0.857555
0.952648 0.879009
1.25409 0.675654
1.35605 0.547397
1.07237 0.932485
0.329697 0.926576
0.780143 0.93342
1.61428 0.799646
1.22052 0.594497
0.936757 0.9953
1.59796 0.324541
1.37144 0.589157
0.906853 0.759324
1.14037 0.79491
1.1807 0.865085
1.36771 0.664414
0.845855 0.645602
1.00693 0.518151
1.26267 0.515049
1.22098 0.384658
0.812136 0.812947
0.675125 0.995165
0.911419 0.59728
0.89544 0.923513
1.07055 0.462852
0.620252 0.850586
1.69037 0.948911
1.44927 0.767014
1.67304 0.466169
1.40136 0.967277
1.1498 0.766448
1.11389 0.963505
0.793516 0.554448
0.931597 0.916523
0.920235 0.592692
0.967278 0.596341
0.852506 0.770686
1.41032 0.933273
0.689776 0.795231
0.908739 0.965682
1.39489 0.366028
1.45045 0.747638
1.34701 0.623194
1.03688 0.92454
0.345183 0.912391
1.22 0.753383
0.504027 0.99797
1.41712 0.646712
1.12354 0.80333
1.00329 0.681922
1.46706 0.31294
1.41779 0.945502
1.22363 0.926068
0.744684 0.58225
1.57737 0.347546
0.972644 0.645134
1.31157 0.600763
0.74512 0.848
1.41862 0.611411
0.751083 0.821331
1.73206 0.736747
1.2339 0.50741
1.02443 0.611241
0.673126 0.757282
0.81921 0.736462
1.08093 0.922572
1.94318 0.845273
0.954204 0.528885
0.441743 0.943222
1.16119 0.684677
1.48908 0.867197
0.907825 0.70034
1.23906 0.577678
1.16789 0.374201
1.20704 0.387323
1.08737 0.934181
1.30353 0.831462
1.02965 0.635204
0.729972 0.624658
1.1033 0.599707
1.29097 0.735311
0.937446 0.947001
1.14633 0.936349
0.793836 0.64452
0.963197 0.629359
1.26254 0.812997
0.836358 0.617582
1.11796 0.774432
0.460649 0.86944
1.20238 0.749719
1.45777 0.432199
1.39194 0.67485
1.09132 0.480155
0.926352 0.687527
1.73744 0.775058
0.29312 0.994196
0.758301 0.667908
0.658823 0.828546
1.42672 0.711906
1.03418 0.460067
0.994494 0.444097
1.38527 0.986644
0.620858 0.853785
0.977787 0.786187
0.851004 0.967694
1.08325 0.970042
1.44518 0.899521
1.14619 0.622791
0.853095 0.835533
1.19692 0.67256
0.506647 0.930854
1.4555 0.875604
1.23566 0.968395
0.781993 0.675255
1.7234 0.62406
0.514415 0.92542
1.00227 0.889511
0.965905 0.870053
0.64022 0.860784
1.3231 0.909512
0.546861 0.956111
1.51677 0.62788
0.709738 0.694091
0.879257 0.693692
0.735608 0.895354
1.04602 0.464393
1.08351 0.530552
1.44238 0.844113
1.07328 0.47685
1.62519 0.880725
1.37616 0.514849
1.83738 0.65376
0.917152 0.98498
1.18739 0.389667
0.905157 0.740175
1.34292 0.533712
1.67943 0.323755
1.16374 0.517722
1.54444 0.427295
1.23155 0.473045
0.739306 0.79092
1.1413 0.925511
1.05176 0.615894
1.61694 0.788265
1.04182 0.726846
1.15829 0.859441
1.31738 0.39005
1.58295 0.981453
0.788509 0.708616
0.921815 0.478869
1.02756 0.587197
0.946215 0.864873
0.463357 0.985946
1.12808 0.989541
1.19173 0.411551
1.42057 0.312491
1.05771 0.827615
1.22852 0.393928
0.537251 0.938963
1.41396 0.907046
0.954044 0.487639
1.19037 0.390888
1.03266 0.54736
1.07504 0.446876
1.81314 0.296372
1.12016 0.53703
1.56141 0.459365
0.991833 0.768804
2.08846 0.533253
0.621165 0.717779
1.13888 0.792311
0.796928 0.948708
0.925938 0.706995
0.370378 0.943081
1.09093 0.474063
1.33312 0.804641
0.718979 0.635246
0.845933 0.544885
1.17467 0.861759
0.804972 0.546222
0.752766 0.993528
1.85048 0.519048
0.869995 0.722377
2.18738 0.473841
0.790275 0.623701
2.64398 0.756143
1.00986 0.540197
0.884523 0.752935
1.04979 0.746635
1.76245 0.264553
0.774674 0.946811
1.17711 0.690502
1.16001 0.676628
1.23216 0.638687
1.07626 0.505339
0.356363 0.970693
0.332704 0.944697
1.62307 0.825895
1.29277 0.625596
1.48648 0.317924
1.4267 0.728903
1.71594 0.254432
1.11044 0.609356
0.821291 0.843894
0.654418 0.943863
0.651486 0.839351
0.812847 0.762871
1.57653 0.900163
0.615519 0.967868
1.5542 0.844482
1.23612 0.892815
0.937257 0.64745
0.604893 0.984202
1.68669 0.75959
1.70032 0.333832
0.619375 0.880596
0.95443 0.936754
0.922768 0.489597
1.25552 0.91625
1.52518 0.699344
1.33015 0.848023
1.26176 0.650421
2.00045 0.29644
0.95689 0.827056
0.447838 0.931014
0.331567 0.896618
1.88955 0.455442
1.07894 0.84613
0.895714 0.507555
2.37353 0.748551
0.50279 0.98198
0.605751 0.904539
0.866787 0.839868
0.853395 0.587891
0.910421 0.927706
1.28297 0.99562
1.48706 0.886031
0.66122 0.678068
1.05414 0.711434
0.779941 0.716247
1.55973 0.846611
0.4698 0.962637
1.40206 0.794247
1.40888 0.735307
1.07945 0.727776
1.05815 0.652588
0.870817 0.990165
1.18339 0.703416
0.969127 0.845527
1.24187 0.89501
0.811206 0.845633
0.566473 0.735723
1.47401 0.843179
0.701156 0.75829
0.816229 0.773016
0.918678 0.918992
1.11495 0.690731
0.635043 0.815905
0.778787 0.910726
1.63802 0.772644
0.591097 0.729499
1.10389 0.693311
1.14223 0.833062
1.08104 0.526751
1.29909 0.959096
1.02641 0.941311
0.777026 0.913355
1.13226 0.518596
2.06383 0.514525
1.15538 0.732138
0.96005 0.888799
1.25679 0.761029
0.134248 0.998142
0.602336 0.971047
1.43455 0.726169
1.30501 0.566728
0.872544 0.607427
1.68176 0.445079
1.13101 0.463378
0.882584 0.964248
1.59525 0.426904
1.38788 0.620058
1.15458 0.507775
0.691208 0.993774
1.72555 0.253276
0.973087 0.748768
0.567527 0.840899
2.08064 0.528705
0.291409 0.965882
1.22196 0.895125
0.708142 0.677655
