1.31725 0.394383
1.1957 0.79844
0.716096 0.628871
1.71544 0.916195
0.953568 0.717297
2.59545 0.218257
0.769399 0.839112
0.956328 0.524287
0.740374 0.972775
0.790117 0.769914
0.600343 0.891529
1.24508 0.919026
1.45285 0.348893
0.35742 0.970634
1.49208 0.85092
0.56281 0.760249
0.768803 0.667724
0.656456 0.931835
1.60383 0.720952
0.660157 0.880075
1.29176 0.330337
0.343452 0.893372
1.74231 0.58864
0.985956 0.858676
0.65934 0.92397
0.597655 0.814767
1.02669 0.910972
1.70358 0.920128
0.961621 0.431953
1.20132 0.307458
0.743166 0.760475
2.02106 0.935004
1.02704 0.383188
1.13436 0.368664
1.22469 0.732654
0.984845 0.967405
0.959188 0.759735
0.692131 0.819677
0.859978 0.755581
3.44308 0.204329
1.53086 0.819695
0.796212 0.757294
0.456443 0.992228
0.865457 0.877614
1.13091 0.62891
1.30099 0.925377
1.40253 0.831038
1.94564 0.743811
1.49607 0.983596
1.00032 0.497259
0.766029 0.971466
1.67018 0.450918
0.504527 0.847684
1.0133 0.48295
0.620976 0.695984
1.01097 0.63764
0.913659 0.627158
1.56161 0.684757
0.390745 0.877384
0.865036 0.593211
1.28768 0.331479
1.75692 0.91893
1.16147 0.699075
0.575748 0.774274
1.66343 0.916273
1.21639 0.548042
0.445933 0.904932
1.51835 0.873979
0.747216 0.5762
1.37868 0.492399
0.695493 0.848942
0.904663 0.492422
1.31239 0.724252
0.48721 0.931895
1.51415 0.622095
1.30933 0.818128
0.640992 0.934495
0.98812 0.761778
1.43083 0.625665
1.29344 0.394388
1.09925 0.638654
2.02257 0.338243
1.19605 0.774386
1.38125 0.721006
2.05037 0.707909
0.686573 0.780868
1.03889 0.44256
0.867952 0.529899
0.456428 0.888723
0.914594 0.525747
0.928388 0.596196
1.28628 0.290829
0.53579 0.878278
0.516376 0.814909
0.938946 0.836104
1.19409 0.719462
0.828475 0.919591
1.02942 0.809785
0.79944 0.84391
0.92767 0.642693
1.23303 0.677812
1.05184 0.567831
0.983052 0.857555
1.00101 0.879009
1.29121 0.675654
0.591782 0.706067
1.39046 0.547397
1.11556 0.932485
0.349678 0.926576
0.827164 0.93342
1.64329 0.799646
1.25863 0.594497
0.985801 0.9953
1.62725 0.324541
1.40546 0.589157
0.956656 0.759324
1.18107 0.79491
1.22005 0.865085
1.40183 0.664414
0.895349 0.645602
1.05281 0.518151
1.29954 0.515049
1.25908 0.384658
0.956485 0.452122
0.860582 0.812947
0.716042 0.995165
0.961149 0.59728
0.945365 0.923513
1.11381 0.462852
0.657843 0.850586
1.71809 0.948911
1.48151 0.767014
1.70104 0.466169
1.43468 0.967277
1.19018 0.766448
1.50099 0.257585
1.15553 0.963505
0.841177 0.554448
0.98082 0.916523
0.96978 0.592692
1.01494 0.596341
0.90214 0.770686
1.44343 0.933273
0.731581 0.795231
0.958514 0.965682
1.42835 0.366028
1.48267 0.747638
1.38163 0.623194
1.08148 0.92454
0.692772 0.648545
0.366103 0.912391
1.25813 0.753383
0.534575 0.99797
1.45007 0.646712
1.16483 0.80333
1.04932 0.681922
1.49891 0.31294
1.45073 0.945502
0.876878 0.476355
1.26165 0.926068
0.789784 0.58225
1.60704 0.347546
1.02006 0.645134
1.34711 0.600763
0.790245 0.848
1.45154 0.611411
0.796549 0.821331
1.75912 0.736747
1.27161 0.50741
1.06955 0.611241
0.713921 0.757282
0.867919 0.736462
1.12379 0.922572
0.259951 0.937714
1.96734 0.845273
1.00249 0.528885
0.468515 0.943222
1.20119 0.684677
1.52048 0.867197
0.957614 0.70034
1.27662 0.577678
1.20766 0.374201
1.24557 0.387323
1.12998 0.934181
1.33928 0.831462
1.07455 0.635204
0.774208 0.624658
0.753602 0.578813
1.14532 0.599707
1.32706 0.735311
0.986465 0.947001
1.18682 0.936349
0.841511 0.64452
1.01106 0.629359
1.29942 0.812997
0.885611 0.617582
1.15944 0.774432
0.488567 0.86944
1.24105 0.749719
1.48983 0.432199
1.42547 0.67485
1.13378 0.480155
0.975736 0.687527
1.76443 0.775058
0.310885 0.994196
0.804172 0.667908
0.698752 0.828546
1.45946 0.711906
0.685859 0.640368
1.0789 0.460067
1.04091 0.444097
1.41896 0.986644
0.658486 0.853785
1.02496 0.786187
0.900608 0.967694
1.12602 0.970042
1.47751 0.899521
1.18669 0.622791
0.90274 0.835533
1.23576 0.67256
0.537353 0.930854
1.48761 0.875604
0.287658 0.921405
1.27332 0.968395
1.08668 0.350505
1.39905 0.285149
0.829106 0.675255
1.75059 0.62406
0.956709 0.432873
0.545591 0.92542
1.04835 0.889511
1.01364 0.870053
0.679022 0.860784
1.35834 0.909512
0.580004 0.956111
1.5476 0.62788
0.752753 0.694091
0.929205 0.693692
0.780177 0.895354
1.09025 0.464393
1.12627 0.530552
1.47477 0.844113
1.11643 0.47685
1.654 0.880725
1.41008 0.514849
1.86292 0.65376
0.966768 0.98498
1.22653 0.389667
0.954985 0.740175
1.37765 0.533712
1.70733 0.323755
1.20365 0.517722
1.57473 0.427295
1.26933 0.473045
0.784093 0.79092
1.18197 0.925511
1.09576 0.615894
1.64589 0.788265
1.08622 0.726846
1.19839 0.859441
1.35277 0.39005
1.61252 0.981453
0.835937 0.708616
0.971322 0.478869
1.07255 0.587197
0.994877 0.864873
0.491439 0.985946
1.16921 0.989541
1.23073 0.411551
0.898936 0.448322
1.45344 0.312491
1.1299 0.349562
1.10147 0.827615
1.26639 0.393928
0.569812 0.938963
1.44698 0.907046
1.00234 0.487639
1.22942 0.390888
1.07744 0.54736
1.11812 0.446876
1.83901 0.296372
1.16157 0.53703
1.59138 0.459365
1.03837 0.768804
2.11096 0.533253
0.658811 0.717779
0.667852 0.647672
1.17963 0.792311
0.844742 0.948708
1.07959 0.399924
0.975334 0.706995
0.392825 0.943081
1.13341 0.474063
1.3681 0.804641
0.762554 0.635246
0.895428 0.544885
1.88955 0.195538
1.21422 0.861759
0.919569 0.442789
0.853131 0.546222
0.798328 0.993528
1.87583 0.519048
0.919881 0.722377
2.20887 0.473841
0.837786 0.623701
1.15747 0.326097
2.66179 0.756143
1.05561 0.540197
0.934482 0.752935
1.09387 0.746635
1.78905 0.264553
0.821419 0.946811
1.21658 0.690502
1.20005 0.676628
1.50707 0.279178
1.26993 0.638687
1.11929 0.505339
0.377961 0.970693
0.352868 0.944697
1.65192 0.825895
1.32882 0.625596
1.51793 0.317924
1.45944 0.728903
1.74326 0.254432
1.15219 0.609356
0.870073 0.843894
0.984148 0.413894
0.69408 0.943863
0.69097 0.839351
0.861321 0.762871
1.60622 0.900163
0.652824 0.967868
1.5843 0.844482
1.27376 0.892815
0.986283 0.64745
0.641553 0.984202
1.71447 0.75959
1.72788 0.333832
0.656912 0.880596
0.401411 0.862147
1.00271 0.936754
0.97225 0.489597
1.2926 0.91625
1.55585 0.699344
1.36521 0.848023
1.29866 0.650421
2.02392 0.29644
1.51279 0.252535
1.00505 0.827056
0.474979 0.931014
0.351662 0.896618
1.91439 0.455442
1.12187 0.84613
0.945636 0.507555
2.39335 0.748551
0.533262 0.98198
0.642463 0.904539
0.91664 0.839868
0.903046 0.587891
0.960169 0.927706
1.31928 0.99562
1.5185 0.886031
0.701294 0.678068
1.09804 0.711434
0.826953 0.716247
1.58973 0.846611
0.498273 0.962637
1.43536 0.794247
1.44202 0.735307
1.12236 0.727776
1.10189 0.652588
0.920711 0.990165
1.22266 0.703416
1.01671 0.845527
1.27934 0.89501
0.859616 0.845633
0.600804 0.735723
1.50572 0.843179
0.743651 0.75829
0.864829 0.773016
0.899359 0.474687
0.96826 0.918992
0.819373 0.551633
1.15654 0.690731
0.67353 0.815905
0.825741 0.910726
1.66661 0.772644
0.626921 0.729499
1.14589 0.693311
1.18286 0.833062
1.12389 0.526751
1.33496 0.959096
1.07145 0.941311
0.823892 0.913355
1.60413 0.267578
1.17324 0.518596
2.0866 0.514525
1.19557 0.732138
1.00806 0.888799
1.14823 0.384539
1.29383 0.761029
0.142384 0.998142
0.638841 0.971047
1.46712 0.726169
1.34073 0.566728
0.922453 0.607427
1.70962 0.445079
1.17203 0.463378
0.932541 0.964248
1.6246 0.426904
0.668755 0.652514
1.42151 0.620058
1.1948 0.507775
0.7331 0.993774
1.75271 0.253276
1.02048 0.748768
0.601923 0.840899
2.10322 0.528705
0.309071 0.965882
1.26003 0.895125
1.55985 0.240937
0.75106 0.677655
0.460353 0.827705
0.872523 0.783807
0.827522 0.594779
1.09394 0.637733
1.95686 0.572763
0.674793 0.717227
1.2626 0.515712
0.757434 0.565681
1.27083 0.742802
0.939151 0.803434
0.975115 0.667559
1.07726 0.660966
0.892332 0.983497
0.782752 0.554889
2.10158 0.341622
0.540915 0.923792
1.56873 0.499278
1.01126 0.572735
0.475326 0.882928
0.666569 0.655813
1.17168 0.920094
1.09458 0.967568
0.789092 0.810791
1.50209 0.51512
0.951516 0.513024
1.17386 0.872841
1.31778 0.802663
1.42401 0.395988
0.898163 0.580872
0.819258 0.725354
1.07423 0.799678
1.03488 0.494317
0.836222 0.580261
1.42659 0.299007
1.26082 0.656539
0.850202 0.787027
0.744645 0.975215
0.246925 0.987547
2.31497 0.423962
0.846063 0.706522
1.37388 0.370865
0.685004 0.74439
1.00482 0.734543
1.13481 0.669918
0.776011 0.565189
0.850954 0.893259
1.38922 0.718831
1.06153 0.85288
0.685579 0.855419
0.842911 0.692082
1.14966 0.42472
1.69961 0.321171
1.83987 0.699603
2.14987 0.486648
0.908776 0.569424
1.19029 0.348881
1.17219 0.84323
0.845872 0.939791
0.864072 0.513491
1.36575 0.85913
1.7579 0.972059
1.2047 0.56463
0.812223 0.571755
1.54886 0.433114
0.721322 0.688399
0.942286 0.852391
0.83743 0.889154
0.596621 0.771381
0.844894 0.559249
1.16181 0.350901
0.48444 0.847031
0.432702 0.864442
0.628178 0.941299
2.35368 0.336502
0.783178 0.653093
0.81337 0.900895
1.34554 0.683453
0.59139 0.893909
0.990454 0.885474
1.14487 0.753379
1.47637 0.780595
0.650531 0.907284
0.750098 0.975934
1.24603 0.351851
1.05102 0.504399
1.47139 0.669759
1.01372 0.852622
0.710017 0.955938
0.550174 0.936315
0.255332 0.945608
1.074 0.943315
0.994321 0.607122
1.50165 0.77738
1.29257 0.378316
1.10593 0.369946
0.879737 0.969849
1.48083 0.297956
1.58197 0.723902
1.26043 0.41515
1.86652 0.477862
0.682195 0.927244
1.34409 0.284354
0.981449 0.892051
0.831557 0.690067
1.32959 0.460535
1.47149 0.744207
1.14989 0.530043
1.5115 0.636959
0.658759 0.953683
0.807307 0.743163
1.36481 0.291378
2.29374 0.903662
1.93022 0.806693
1.57437 0.467823
1.94964 0.937826
1.52063 0.80044
1.00922 0.508861
1.22964 0.382915
0.968077 0.795537
1.44206 0.281401
1.1338 0.686988
0.996474 0.394842
0.723788 0.950893
1.21005 0.33023
0.323457 0.992768
1.4015 0.561902
2.09191 0.307532
0.83985 0.883004
1.00377 0.616163
1.18902 0.459635
1.68151 0.995253
1.66558 0.48283
0.796881 0.791725
0.996657 0.51986
1.0065 0.567269
1.47946 0.804625
1.78473 0.611279
1.08088 0.451258
1.47995 0.260918
1.37717 0.997875
1.30309 0.520482
1.77263 0.230139
1.13271 0.576601
1.03708 0.557619
1.18148 0.409217
0.784907 0.821779
1.3592 0.865927
2.80424 0.983039
0.547042 0.766863
0.515195 0.798297
1.50993 0.966868
1.09573 0.46729
1.6389 0.354221
1.57165 0.813177
1.83778 0.284316
1.38555 0.827268
1.56525 0.991751
1.1373 0.401306
0.436759 0.873412
1.0502 0.571639
1.00227 0.934312
0.692835 0.882242
0.414286 0.974865
0.449663 0.95185
2.25968 0.221587
1.66634 0.522588
1.57386 0.41675
1.58595 0.837454
1.29659 0.549238
0.900713 0.514103
0.876773 0.527224
0.527336 0.962112
0.842568 0.661518
0.923849 0.571064
0.827582 0.764924
0.721239 0.939454
0.885502 0.808488
1.47449 0.752861
1.15301 0.696513
0.759707 0.564406
1.84985 0.737724
2.05861 0.991413
1.29532 0.32263
0.3403 0.967726
1.08464 0.688542
1.10363 0.562866
0.660235 0.876748
0.526663 0.899437
0.749934 0.744678
1.66178 0.486873
1.11065 0.773503
1.2488 0.962958
1.08055 0.378859
1.65649 0.596958
1.22376 0.900065
0.835358 0.672021
2.22366 0.7269
1.95765 0.20767
1.19209 0.789879
2.01325 0.537536
2.07143 0.578006
0.868161 0.53536
1.09306 0.771367
0.857562 0.815402
0.824278 0.565256
0.813454 0.614496
1.29134 0.392179
1.58222 0.648451
0.974404 0.910142
1.37684 0.789231
0.710707 0.91406
0.956728 0.538074
0.865814 0.643391
0.995191 0.406224
1.85576 0.550689
0.621361 0.834949
0.50988 0.902216
0.906981 0.619965
0.801038 0.580422
2.08723 0.7396
1.17906 0.751912
1.294 0.745415
0.870546 0.642521
0.903331 0.931535
1.00673 0.576724
1.29294 0.917979
0.995091 0.6408
1.23377 0.579678
0.918228 0.632015
0.845326 0.616955
1.50334 0.899026
1.28366 0.968939
0.943259 0.58523
1.23858 0.533165
0.876198 0.930723
1.01756 0.386394
0.757194 0.58196
1.26401 0.912683
1.25346 0.975807
1.77653 0.95093
1.94855 0.787003
1.55739 0.901503
1.70682 0.548708
0.7301 0.755394
1.32472 0.666005
1.36368 0.316802
0.979152 0.577898
0.939859 0.469413
0.735871 0.742143
0.898679 0.890718
0.969169 0.80367
0.704514 0.648018
0.607296 0.823013
1.32075 0.766387
0.762795 0.906575
1.5747 0.999412
1.45253 0.782633
0.913602 0.536243
0.490924 0.9995
1.69173 0.987263
1.38499 0.557279
0.851881 0.549173
0.66755 0.674785
0.728006 0.844667
0.634814 0.986235
1.65994 0.446662
1.54497 0.55029
1.34383 0.484641
1.06934 0.685309
0.928068 0.575875
0.387552 0.974037
0.843621 0.669598
0.73686 0.94576
0.645602 0.690096
1.35614 0.761661
0.635243 0.859242
1.89473 0.39942
0.780677 0.727586
0.61453 0.687151
0.894756 0.833182
0.819589 0.737555
1.25318 0.347868
1.27587 0.480859
0.930113 0.760137
1.61527 0.71717
2.20935 0.342998
0.264269 0.950714
0.330688 0.974202
0.873126 0.803575
0.766558 0.778803
1.20394 0.900294
0.977801 0.963527
1.34359 0.979052
0.960813 0.414467
0.830686 0.824041
0.941424 0.676407
1.53711 0.69673
1.15075 0.908104
0.727588 0.833099
1.51858 0.339058
1.68189 0.862016
1.22899 0.520012
1.62073 0.997451
0.883269 0.897011
1.23965 0.769599
1.15017 0.676745
1.91003 0.416609
1.97455 0.886116
1.14482 0.928099
1.78181 0.548048
1.0344 0.405786
2.08982 0.623672
1.0895 0.536564
0.876852 0.733968
1.25582 0.840433
1.41789 0.744372
2.0997 0.855051
0.241472 0.97061
1.11936 0.916649
1.48025 0.489298
0.932985 0.790989
1.72874 0.552387
0.703553 0.938456
1.1101 0.526892
1.34309 0.942188
1.70726 0.472796
1.25314 0.605827
0.746787 0.765928
0.692193 0.62725
0.714093 0.646295
1.38923 0.512008
0.846299 0.752395
1.16725 0.534206
0.21005 0.978229
0.773753 0.806963
1.5806 0.991897
0.929431 0.60851
0.657363 0.860217
1.71174 0.704757
1.01397 0.515819
0.857383 0.776935
0.466712 0.911033
1.55463 0.451175
1.44982 0.264676
1.13374 0.405098
1.19461 0.664243
1.33278 0.402153
0.393556 0.958293
1.47504 0.852104
1.1583 0.560176
0.989178 0.652399
1.282 0.408875
0.632086 0.866327
0.829345 0.530851
0.524672 0.919412
1.77973 0.474651
0.357667 0.998525
1.91927 0.897897
0.976386 0.80208
1.0491 0.390566
1.00975 0.940884
1.36734 0.801065
1.22648 0.946698
1.26024 0.916378
0.593298 0.871113
1.64411 0.255828
1.0083 0.97504
2.80865 0.342763
1.09064 0.468477
0.945982 0.894532
1.35076 0.354771
0.796686 0.768377
0.705317 0.784929
2.17506 0.282532
1.40238 0.757655
0.772824 0.581196
1.81653 0.290041
0.789259 0.820428
1.32211 0.519828
0.796717 0.776571
0.687072 0.639973
0.935402 0.450057
1.5681 0.496818
0.978076 0.403191
2.01519 0.517026
0.488788 0.950959
1.2437 0.852032
1.1735 0.451879
1.5172 0.360192
0.850355 0.751554
1.42191 0.909638
0.405313 0.962342
0.903471 0.84039
1.32362 0.989258
1.20761 0.644457
1.09123 0.968549
1.35658 0.987332
2.29375 0.736162
1.47449 0.426496
1.46947 0.991152
0.773957 0.570765
0.811612 0.772392
1.30602 0.438045
0.907835 0.587725
0.868315 0.638513
0.68051 0.769301
0.932579 0.684782
0.463164 0.995223
0.59292 0.84985
0.431843 0.966503
0.363716 0.893119
0.831341 0.647433
0.428919 0.968185
0.886968 0.7603
0.772999 0.653287
1.64904 0.824109
1.011 0.416126
0.849361 0.961854
0.573942 0.808718
1.3536 0.936856
1.94693 0.501846
1.41723 0.687377
1.11803 0.39375
0.326787 0.989175
1.35029 0.787929
1.0916 0.84733
1.74847 0.794745
0.492892 0.898478
0.623548 0.680337
1.21163 0.405555
0.466185 0.842312
1.0036 0.659826
0.713462 0.997655
0.837456 0.665953
0.867705 0.552939
1.10825 0.846663
0.683279 0.703669
1.40878 0.848144
0.546285 0.808404
1.12177 0.427046
0.234993 0.971783
1.19011 0.466253
1.13596 0.862092
1.79609 0.587305
0.697215 0.82763
1.22796 0.382229
1.33733 0.338155
0.91862 0.761183
1.29197 0.993064
0.733633 0.793305
0.870552 0.492141
0.749821 0.594719
0.970588 0.404539
1.11697 0.831339
1.93757 0.512422
0.97067 0.778193
1.46692 0.789437
0.638813 0.740005
0.194222 0.97071
0.271117 0.958775
1.79425 0.669833
1.13844 0.544142
0.98475 0.878644
0.971143 0.890086
1.20281 0.54208
0.769287 0.711088
0.820678 0.642339
1.02296 0.727863
0.901671 0.645571
0.560497 0.933221
0.985896 0.771361
0.429624 0.846977
0.49655 0.891572
1.06545 0.632214
0.929666 0.8529
0.531261 0.865361
0.966619 0.96622
1.47693 0.978006
1.16058 0.926707
1.63965 0.375937
2.21004 0.620734
1.11698 0.34732
0.687638 0.959017
1.43893 0.930072
0.478963 0.824122
0.997738 0.862425
1.60759 0.872863
2.36309 0.226941
0.861391 0.588401
1.86663 0.482785
0.475501 0.972754
1.36605 0.914473
1.34269 0.894797
0.734384 0.895813
0.335007 0.945654
1.68164 0.644983
1.43636 0.698442
1.06213 0.375837
0.926344 0.824444
1.82407 0.279914
0.982349 0.760536
0.781253 0.601317
0.608278 0.945343
1.29147 0.607557
1.8212 0.713949
0.674209 0.899239
0.475478 0.892639
1.51852 0.496782
1.05766 0.425925
0.534534 0.879411
1.45977 0.324961
0.473629 0.83803
1.77908 0.240488
0.710995 0.665715
0.999619 0.964255
1.03046 0.984976
0.663595 0.686678
1.84238 0.485505
1.1375 0.486148
1.8454 0.908886
0.626378 0.862347
1.05196 0.693572
1.17994 0.696918
1.42952 0.461486
1.02311 0.928585
0.922895 0.671802
1.70764 0.970337
1.26639 0.368523
0.891958 0.732396
1.35798 0.534294
1.40816 0.627247
2.31663 0.922579
0.520269 0.77872
1.01909 0.705173
1.18513 0.432964
1.53911 0.6966
0.855385 0.771888
2.00006 0.350042
1.53461 0.282733
0.72311 0.65862
0.570545 0.937715
1.07782 0.827658
0.648573 0.848739
1.0572 0.946748
0.97992 0.702045
1.00484 0.999033
1.21446 0.311823
1.16857 0.471414
1.02627 0.383512
1.12101 0.71549
1.1819 0.445793
0.993358 0.864814
1.08322 0.380875
2.24128 0.592081
1.40479 0.518839
0.505038 0.992843
1.33402 0.511992
0.918234 0.58926
1.94142 0.818041
1.54402 0.853167
1.33126 0.796793
0.943338 0.674058
1.35397 0.573851
1.07701 0.982895
0.724057 0.725565
1.20291 0.972328
0.969579 0.551747
1.45759 0.832436
0.284011 0.957028
0.740098 0.91249
1.18217 0.511375
1.71823 0.393178
1.19846 0.345322
1.58628 0.910843
1.43123 0.601149
1.92955 0.607963
1.69038 0.28026
0.749826 0.773145
1.02634 0.594293
1.38825 0.48128
0.9058 0.839388
1.31169 0.670539
1.46611 0.385509
1.66735 0.490257
0.350007 0.979317
0.924412 0.800756
0.423054 0.914465
1.07538 0.771027
0.713449 0.863753
1.13483 0.790295
1.49525 0.620357
1.26201 0.991274
0.500237 0.820812
0.910425 0.653502
0.697874 0.782753
1.49256 0.572885
0.774592 0.85491
1.48323 0.707571
1.04953 0.414493
1.39619 0.769619
0.885646 0.838098
0.845825 0.523198
1.22702 0.348379
0.876049 0.628089
0.420149 0.887117
0.952277 0.796494
1.12084 0.826781
1.33543 0.641626
1.18306 0.315445
1.59587 0.979606
1.18235 0.774365
0.623987 0.925007
1.17558 0.772933
1.14232 0.762444
1.08989 0.403191
0.924 0.792203
0.193667 0.976691
0.952084 0.545102
1.49033 0.407224
1.13871 0.975187
0.953049 0.475989
1.07751 0.994378
0.837889 0.761957
1.17627 0.977834
1.26007 0.840972
0.645967 0.912119
0.564437 0.823348
1.04635 0.903437
1.33088 0.666815
0.816574 0.660668
0.761679 0.627301
1.60532 0.649034
1.07555 0.9679
1.38675 0.432147
1.28471 0.944836
0.683451 0.969945
1.25454 0.569026
1.29262 0.39201
1.18821 0.544624
1.91409 0.43216
1.42391 0.508808
0.375079 0.994895
1.80256 0.81451
1.28254 0.969329
1.128 0.462981
1.70429 0.811199
1.12156 0.62407
1.35577 0.301707
0.742696 0.818737
1.37458 0.320226
1.20535 0.609187
1.19591 0.93794
0.939619 0.441471
1.21666 0.84132
1.65442 0.649617
1.14451 0.439629
1.72805 0.567058
1.05306 0.44939
0.688157 0.994449
0.705998 0.886977
0.638196 0.851418
0.751553 0.771609
1.27919 0.912309
0.714632 0.81369
2.13663 0.734549
1.09864 0.994905
0.504477 0.80782
0.892624 0.833354
2.29264 0.840567
0.652878 0.826513
1.60421 0.84122
1.01193 0.660498
1.13413 0.874716
0.610341 0.744916
1.07594 0.40982
0.998242 0.922876
1.03778 0.910459
0.873605 0.605552
0.218988 0.976479
0.834636 0.993102
1.59005 0.306065
1.38743 0.334589
1.10647 0.980741
0.429559 0.944336
0.972921 0.868776
0.824833 0.794606
1.32942 0.593867
0.93821 0.944809
1.89752 0.389703
1.12553 0.53168
1.30211 0.751422
1.4557 0.567361
1.10398 0.963799
1.60405 0.985132
1.59784 0.350568
0.801153 0.992912
0.57451 0.916908
1.79923 0.499476
1.10704 0.623118
1.61272 0.610043
0.580975 0.935314
0.262836 0.955935
0.454283 0.822945
1.893 0.85275
2.02606 0.708802
0.713802 0.917817
0.936887 0.763532
1.37801 0.536908
0.739264 0.649909
0.268787 0.948254
1.42842 0.9852
1.23735 0.5137
1.14736 0.809777
1.49501 0.30209
1.13851 0.376194
0.967416 0.598011
1.05792 0.490177
1.16418 0.769741
1.02692 0.983723
2.02436 0.501904
1.98013 0.9042
1.2552 0.77277
0.733265 0.905941
1.38401 0.897631
1.02751 0.788277
0.837027 0.933895
1.68388 0.926185
1.63069 0.81338
1.27969 0.973751
0.850397 0.934235
0.983821 0.918494
0.570434 0.740039
0.792474 0.927372
1.36989 0.950961
0.676812 0.909354
0.802449 0.796251
1.17093 0.639313
0.836711 0.673306
1.1145 0.694238
0.478851 0.932321
1.21864 0.490673
2.21191 0.187319
0.919803 0.635472
1.76308 0.779124
1.39653 0.69787
1.7162 0.253935
0.995722 0.379799
1.2593 0.983048
1.07745 0.573176
0.730526 0.912402
1.01754 0.539406
1.78685 0.394466
1.16953 0.997175
1.96386 0.829038
0.681807 0.672374
1.61769 0.59895
0.40523 0.950284
0.508078 0.847334
1.11157 0.697562
1.66745 0.699434
0.848772 0.89755
2.12896 0.360084
1.33544 0.924086
1.75966 0.684977
2.37996 0.654751
1.65306 0.267011
1.02663 0.850978
1.02695 0.907212
1.75601 0.227753
1.06683 0.864051
0.604643 0.699924
1.62695 0.620868
1.31189 0.876848
1.44553 0.442955
1.34911 0.389194
2.09274 0.28192
1.41819 0.792169
0.203347 0.984486
0.986696 0.446392
1.17132 0.871937
0.505877 0.891999
0.877611 0.993735
1.10989 0.766437
0.747524 0.871212
0.705598 0.773755
0.998631 0.496051
0.555971 0.925532
1.3616 0.298903
1.51767 0.24553
1.16476 0.492323
0.847482 0.805541
0.919788 0.831697
0.322472 0.983839
1.14762 0.497142
1.33449 0.937107
0.345129 0.990427
1.14028 0.532685
1.08137 0.562861
1.39606 0.480388
1.33646 0.783528
1.27912 0.524181
1.18455 0.63734
0.889675 0.64822
2.00015 0.825177
1.3873 0.894831
0.961935 0.622391
0.999056 0.46485
0.219858 0.969675
0.755097 0.797059
1.27626 0.569807
2.24046 0.245534
1.10662 0.672372
0.840611 0.910948
0.800009 0.631993
0.999821 0.679911
0.902502 0.802288
1.01239 0.77632
1.06666 0.882019
0.819614 0.957318
1.10347 0.904768
1.06262 0.520455
2.3028 0.629132
2.42574 0.48586
1.07783 0.934091
0.922174 0.892203
0.558101 0.847466
0.578289 0.998412
1.18558 0.468248
0.507704 0.773296
0.8398 0.838147
0.860524 0.707223
0.826926 0.784153
0.798081 0.817455
1.6978 0.631423
1.10707 0.438761
1.41309 0.746662
1.15794 0.580985
0.68312 0.86666
1.86848 0.977841
0.734957 0.716124
1.66524 0.343953
1.66156 0.300093
0.896273 0.705638
1.42502 0.349363
1.42752 0.893055
0.699126 0.822095
0.581366 0.956055
0.807328 0.854547
1.19302 0.796015
1.23002 0.662784
1.51601 0.58302
2.05026 0.493969
0.784245 0.788
2.6023 0.303589
1.07655 0.862136
0.890045 0.543937
0.659174 0.782721
1.0209 0.582992
1.48894 0.293212
1.55416 0.285589
1.10318 0.744429
1.51874 0.737588
2.06337 0.503114
0.928962 0.613461
0.594272 0.708676
0.962624 0.538686
1.29791 0.759935
1.051 0.624795
0.821046 0.721134
0.344836 0.923659
1.30698 0.996508
1.13528 0.820091
1.23711 0.340269
1.75575 0.517009
0.804895 0.849705
1.35297 0.620134
1.16631 0.9926
0.420472 0.997398
0.126707 0.995838
0.769271 0.81784
1.00132 0.40105
0.127702 0.988816
1.63591 0.22919
0.749896 0.714574
1.68959 0.648596
0.355269 0.969017
0.511883 0.784151
1.17646 0.352254
0.552287 0.860898
1.64287 0.289447
1.25782 0.464878
1.26506 0.698165
1.01232 0.384376
0.93797 0.921405
0.922593 0.835268
0.665801 0.724296
2.23726 0.200246
0.945514 0.947204
1.26486 0.393114
1.06185 0.919683
1.74074 0.593642
1.62883 0.287292
1.33267 0.647567
0.42253 0.983336
0.533189 0.840236
0.52675 0.962881
1.10202 0.36126
1.23457 0.989049
0.993831 0.649239
0.954924 0.489495
1.09064 0.918303
0.670089 0.717209
0.974812 0.453378
0.543453 0.823347
1.03161 0.608368
1.28653 0.324014
0.915078 0.623911
0.810532 0.62327
0.973618 0.48351
1.02642 0.606573
0.345726 0.902718
1.36006 0.814989
1.23185 0.397848
0.512541 0.846113
1.50188 0.921365
0.51133 0.965743
0.718884 0.903612
1.19765 0.646415
1.03995 0.920652
1.32161 0.564764
0.79576 0.873216
0.489458 0.790344
0.906302 0.523955
1.23845 0.577497
1.24015 0.454599
1.08441 0.987959
1.2555 0.299405
1.51477 0.571282
0.890379 0.953358
1.22357 0.730991
0.72776 0.602594
1.1688 0.906036
1.0156 0.581526
1.01595 0.564951
1.31453 0.331969
1.60319 0.697975
1.22888 0.304447
0.842405 0.609728
1.03928 0.72025
1.19305 0.578167
0.760684 0.800362
1.32363 0.353919
1.02927 0.931993
1.06178 0.706881
0.851936 0.637196
0.607284 0.785448
1.25929 0.584522
1.41413 0.608598
0.577192 0.720204
1.78473 0.449675
0.532928 0.949625
1.12745 0.760141
1.10891 0.519132
1.80274 0.824967
1.35122 0.779313
1.40336 0.655266
0.770355 0.975042
0.87546 0.624493
0.932782 0.549846
1.44226 0.27485
1.80783 0.740854
1.93992 0.340252
1.06944 0.96282
1.637 0.277854
0.923654 0.521501
1.49256 0.726888
0.648527 0.861965
1.25421 0.837813
0.595353 0.943849
1.3596 0.451065
0.47826 0.83629
1.21175 0.408093
1.2942 0.437534
0.258283 0.972215
1.02668 0.401837
1.65914 0.925251
1.0332 0.963609
0.460252 0.843306
0.991716 0.376948
1.03126 0.901389
1.56437 0.85936
1.40347 0.605809
0.391796 0.967871
0.688559 0.874781
1.22922 0.367028
1.22534 0.370976
1.31121 0.486538
0.501877 0.850663
1.0676 0.641419
1.04185 0.371292
0.669729 0.705539
1.8833 0.826097
0.908393 0.637112
0.816274 0.88808
0.618595 0.878767
1.38771 0.940324
0.462608 0.808991
0.952631 0.592793
1.57091 0.536572
1.11923 0.332506
0.922201 0.611356
1.34618 0.978511
1.19158 0.853437
1.98779 0.688296
1.01102 0.445936
1.57037 0.350527
0.802937 0.989788
0.901716 0.532608
1.2388 0.831739
0.987919 0.486577
1.58552 0.581668
0.641864 0.724203
0.52859 0.843408
0.530027 0.792165
1.63789 0.763377
0.756669 0.926844
1.89195 0.579967
1.05108 0.563184
1.26381 0.43671
0.952415 0.938695
1.29662 0.526423
1.41937 0.294854
1.66473 0.956793
0.779965 0.740022
1.04551 0.875325
2.14012 0.512848
1.16178 0.317082
0.894064 0.49282
1.14529 0.588669
1.57152 0.928086
0.599389 0.914041
0.661401 0.711627
0.80954 0.892477
1.3893 0.304735
0.558336 0.805601
0.904366 0.486887
1.60528 0.618812
1.27427 0.560872
1.1135 0.989706
0.848647 0.884526
0.197513 0.965357
1.22625 0.57261
0.964493 0.674646
1.414 0.323467
1.86704 0.61506
0.469761 0.994199
2.49322 0.350379
1.1748 0.96999
0.587814 0.733277
0.260369 0.95764
1.57013 0.416369
1.41563 0.599981
1.14297 0.342951
1.51681 0.936832
0.35763 0.881468
0.827838 0.551594
1.40932 0.550082
1.49127 0.647751
0.377233 0.99883
2.59213 0.174486
0.622799 0.87677
0.329581 0.919933
1.08529 0.9803
1.10906 0.780509
1.46887 0.64438
1.02831 0.401516
1.2698 0.587238
1.42504 0.430293
0.460592 0.844322
1.37535 0.721922
0.972338 0.744419
1.41312 0.581338
2.11093 0.583321
1.07176 0.631307
1.51025 0.906112
0.766614 0.770732
0.772727 0.780249
1.31815 0.392145
0.864301 0.787246
0.340586 0.92606
0.886108 0.872274
0.27257 0.989116
0.855618 0.66521
1.55075 0.746112
1.00829 0.615822
0.590593 0.714344
1.87978 0.30487
0.912489 0.601378
1.45507 0.769587
0.485248 0.979947
1.48639 0.893911
0.967736 0.818735
1.79592 0.312194
1.16717 0.357718
1.20322 0.681039
0.423626 0.845161
1.35691 0.640113
0.733274 0.856492
1.68475 0.379786
0.518029 0.804407
1.60624 0.338356
1.11534 0.997384
1.47222 0.68581
1.7411 0.736904
1.12044 0.394328
1.57882 0.898837
1.27977 0.37073
1.16378 0.849912
1.45118 0.852028
0.806757 0.649221
1.13765 0.539868
0.872319 0.850609
1.28464 0.766364
2.7189 0.760797
0.781688 0.765574
0.916064 0.634318
1.7773 0.59472
0.713334 0.703667
1.00949 0.502312
0.529381 0.985012
1.65357 0.431523
1.41048 0.462284
2.06375 0.582947
0.910697 0.51114
1.36338 0.820326
0.78599 0.931501
1.3089 0.682968
1.81197 0.672217
1.06263 0.515643
1.6782 0.314192
0.659444 0.885559
0.951625 0.698164
1.32008 0.815678
0.880537 0.835697
1.4853 0.294086
0.52701 0.846009
1.12787 0.483573
0.984577 0.413081
2.09866 0.736008
1.1108 0.483449
1.18548 0.405217
0.928797 0.718886
2.25915 0.177912
1.25126 0.54858
1.86797 0.609284
1.31487 0.942896
1.32303 0.915094
2.05979 0.831531
1.54621 0.820316
1.416 0.51874
1.90915 0.490998
1.67718 0.62743
1.34124 0.474132
0.926773 0.946666
0.463736 0.983765
0.689916 0.642323
1.00868 0.527264
0.431373 0.838399
0.807554 0.791599
1.71695 0.514697
0.423895 0.898085
1.59064 0.451184
0.509367 0.777892
1.57983 0.957426
1.09122 0.342275
1.25854 0.743423
1.21914 0.500568
1.33638 0.574764
0.789863 0.990228
0.662117 0.76691
1.09085 0.956857
1.06575 0.835667
1.20363 0.992481
1.32688 0.431896
1.23194 0.520221
1.00244 0.675287
1.37324 0.361992
1.06305 0.849153
2.4411 0.795132
1.35556 0.634522
2.14298 0.368883
0.667672 0.659117
0.939467 0.626694
1.77171 0.73956
1.63558 0.559123
1.30671 0.447237
0.494343 0.861097
1.71097 0.423341
1.59526 0.682531
1.85388 0.883469
1.54866 0.434051
0.491887 0.855236
2.21095 0.472332
1.36455 0.449588
1.30952 0.694931
1.47401 0.570371
1.37787 0.299494
1.09807 0.342652
1.20296 0.65754
1.6964 0.40254
0.586443 0.866688
1.30877 0.718887
1.08685 0.829763
0.26903 0.946501
1.66496 0.411464
1.12752 0.593413
0.995356 0.694897
0.842378 0.832543
0.993459 0.964638
1.3789 0.941657
0.806652 0.949719
0.511222 0.783763
0.20784 0.97833
0.502406 0.884433
0.857614 0.998508
0.868995 0.567696
0.600358 0.82646
0.562697 0.822401
0.628831 0.912899
1.17487 0.760035
0.946546 0.572985
1.88862 0.373706
0.393657 0.968228
0.59896 0.959101
1.9041 0.886438
0.768192 0.963956
1.18355 0.342072
2.3805 0.783406
0.550086 0.940745
1.42603 0.341133
1.0367 0.510559
1.11863 0.95311
1.52781 0.454654
0.925532 0.538616
0.756864 0.672571
0.76071 0.824216
1.71559 0.388562
0.735052 0.85602
1.0685 0.397317
1.62764 0.454446
0.942829 0.4968
0.882217 0.871931
0.72577 0.861494
0.621729 0.973881
1.87246 0.353902
0.72935 0.908738
0.754538 0.662353
0.801425 0.95445
0.966274 0.809439
1.06489 0.848842
1.63754 0.80101
1.54139 0.711411
0.42948 0.88796
1.94187 0.360346
2.82824 0.165585
1.30713 0.682699
0.927964 0.48007
0.493368 0.828221
0.72507 0.753242
0.618437 0.798157
0.89875 0.45625
1.01817 0.453981
1.38002 0.498922
1.29392 0.630692
1.52816 0.871205
1.65932 0.686591
1.22828 0.62094
0.77648 0.990753
0.669912 0.739568
1.75983 0.212078
0.519189 0.76744
1.21129 0.865057
0.827472 0.885057
0.905405 0.917327
0.315459 0.985531
1.01262 0.568749
1.34657 0.939083
1.06176 0.36553
1.01573 0.453176
1.61449 0.639264
1.45862 0.823676
0.98763 0.93513
1.40519 0.949807
1.06564 0.580735
1.38628 0.694581
1.19165 0.800538
2.13364 0.525585
1.16016 0.88251
1.86639 0.89128
1.28547 0.793887
1.12373 0.850149
0.933689 0.654105
1.05833 0.48491
0.958109 0.456153
0.772777 0.65839
0.861302 0.988437
1.15811 0.47027
1.2623 0.892846
1.45569 0.687022
1.51043 0.639116
0.836532 0.791455
1.74769 0.270147
1.91937 0.596017
0.694997 0.845131
1.03159 0.439605
1.21729 0.434276
0.884596 0.887691
0.927733 0.819653
0.341148 0.986926
0.567989 0.939733
1.6289 0.785222
0.9598 0.939561
1.15119 0.817817
1.14819 0.363679
0.818715 0.820363
1.67608 0.798878
1.48157 0.881604
0.757783 0.808926
1.33281 0.592151
1.05748 0.891735
1.29653 0.626282
0.903098 0.59051
0.66615 0.847347
1.14354 0.952918
0.919462 0.616062
0.622787 0.686046
2.35433 0.809315
1.16709 0.560715
1.36026 0.341765
1.01792 0.628209
0.820389 0.657471
1.06636 0.701751
0.830118 0.566953
0.919677 0.707297
1.56762 0.768617
1.37265 0.313321
1.44823 0.409241
1.8533 0.231651
1.71782 0.437578
1.6959 0.370666
1.04273 0.411243
1.01322 0.616914
2.07565 0.642643
0.677123 0.9586
1.40542 0.404034
0.970835 0.646601
0.786324 0.763703
1.18434 0.703197
1.27245 0.651448
1.15072 0.523328
1.12025 0.828134
0.698306 0.972454
0.830076 0.524004
1.03874 0.966605
0.697993 0.786007
0.921213 0.994475
0.752729 0.705081
1.7648 0.740645
1.19356 0.506809
0.681492 0.906958
0.816661 0.927244
1.38168 0.291371
0.935267 0.746285
0.677049 0.91409
1.38243 0.598069
0.655135 0.907002
0.699081 0.706628
1.12761 0.920382
1.33522 0.726524
1.35913 0.594665
1.04589 0.480645
0.908963 0.792316
0.585578 0.992195
0.903862 0.827142
2.21415 0.377643
0.889343 0.850403
1.86762 0.289435
1.64917 0.937022
1.06679 0.409917
1.42456 0.729285
0.543761 0.786444
0.889781 0.722255
0.578196 0.943372
1.05921 0.491039
2.06013 0.946063
0.972181 0.560009
1.44457 0.466439
1.0869 0.489755
1.0026 0.962591
0.660219 0.891192
0.798368 0.591203
0.83069 0.594091
1.29867 0.708201
0.562572 0.868377
1.62069 0.269518
1.37609 0.570023
1.70667 0.950777
1.9795 0.583794
1.08021 0.46645
1.20686 0.99252
1.39925 0.817384
0.910959 0.536692
1.52287 0.3252
1.24046 0.677023
1.67729 0.58033
1.76361 0.315313
0.437405 0.992888
1.61334 0.85059
1.088 0.5402
1.38088 0.390423
1.09762 0.483706
1.77045 0.519884
1.15672 0.906193
1.00231 0.960562
1.06091 0.788989
0.658604 0.997591
1.19335 0.734961
0.589689 0.714771
0.382458 0.972832
1.52386 0.364479
0.917294 0.673415
1.06215 0.734367
1.09262 0.775572
0.771533 0.980368
1.03727 0.504654
1.39103 0.814833
0.789864 0.982365
1.40507 0.298133
0.275954 0.966641
1.91972 0.698864
0.882093 0.702663
0.549023 0.783772
0.528953 0.934838
0.446047 0.879212
0.266017 0.954996
0.521419 0.915238
1.42739 0.517621
1.08538 0.859146
0.842714 0.69092
1.53363 0.77753
1.3041 0.317039
1.20143 0.493823
0.642993 0.771963
1.27721 0.992368
1.28738 0.543729
1.34816 0.413323
0.987245 0.648426
1.47355 0.876456
1.27444 0.798941
1.3446 0.988967
0.939466 0.704235
1.12989 0.906085
1.44254 0.751044
2.0165 0.317781
0.833568 0.610779
1.86233 0.990593
1.44358 0.887946
0.60328 0.899722
1.32293 0.971903
1.35412 0.948358
2.58248 0.856219
1.07392 0.886094
0.543248 0.889294
1.91613 0.248504
0.98108 0.992209
0.589564 0.972051
1.55957 0.489842
0.563903 0.848602
1.3804 0.738101
1.11373 0.842171
2.05286 0.828447
0.463397 0.829716
1.35345 0.994822
1.48444 0.282279
0.78492 0.942107
1.14466 0.916322
1.53513 0.246572
1.3422 0.855479
1.38742 0.678307
1.23793 0.743572
1.35602 0.663835
0.911311 0.706371
0.778971 0.78395
1.22691 0.72631
0.693372 0.803899
1.56898 0.517805
0.472825 0.858975
1.74315 0.420933
0.368047 0.962094
0.954943 0.697152
0.369485 0.981057
1.1439 0.769133
0.55347 0.915965
1.73368 0.945864
0.700531 0.806758
1.10205 0.493007
1.08214 0.810787
1.59245 0.752551
1.08636 0.883388
1.04885 0.920424
1.53135 0.768427
2.22931 0.721411
0.268211 0.97056
1.4119 0.897874
0.741562 0.826412
1.25723 0.882393
1.20774 0.568404
0.496329 0.998684
0.486746 0.925389
0.582282 0.725727
2.45716 0.900017
0.772578 0.78987
1.14368 0.419624
0.836587 0.626229
0.886214 0.856582
0.838861 0.978997
2.49601 0.580147
1.42174 0.605934
1.71232 0.466613
1.08018 0.706746
1.25089 0.443962
0.968748 0.839636
0.406811 0.850762
1.38402 0.295404
0.513991 0.81828
0.787538 0.648255
1.62783 0.644134
1.33577 0.365103
1.17018 0.690407
1.13642 0.64955
2.0263 0.272086
0.421888 0.904204
1.58994 0.720939
1.0196 0.716762
1.23172 0.859475
0.821757 0.78633
1.68243 0.767071
1.95546 0.869524
0.448594 0.907877
0.885695 0.677458
1.16973 0.505057
1.38217 0.570613
0.939591 0.601716
1.41272 0.839062
0.437115 0.925107
1.42989 0.905482
0.814752 0.664739
0.399682 0.953072
1.21336 0.746355
1.38841 0.769481
1.47131 0.410931
1.24019 0.519818
1.0887 0.346324
0.37771 0.91292
1.32984 0.653382
0.837234 0.584575
0.700884 0.901185
0.419072 0.844486
1.16293 0.624059
0.805469 0.732716
1.0063 0.871905
0.181966 0.988975
0.860325 0.853345
0.413965 0.913626
0.806527 0.791993
0.787064 0.729969
1.68248 0.64602
1.22152 0.643381
0.835511 0.74136
1.05786 0.621868
1.5359 0.634583
1.62655 0.508288
1.11728 0.630239
0.854739 0.554291
0.296508 0.938896
0.65737 0.754679
1.0206 0.552088
0.201977 0.975755
0.326724 0.941029
1.18092 0.40344
1.07916 0.973017
1.06347 0.577068
0.893692 0.507876
1.02425 0.441049
0.993155 0.860759
1.26092 0.437449
1.07585 0.865333
1.28943 0.311025
0.559813 0.888766
1.44174 0.775776
1.27335 0.569276
0.571427 0.726843
1.37982 0.741122
1.45608 0.979663
0.272075 0.93273
1.30857 0.380581
1.75305 0.875349
1.35539 0.539882
1.29929 0.433546
1.29059 0.418664
0.890342 0.58007
0.895466 0.618976
0.430048 0.901636
0.711175 0.705004
1.22675 0.369983
0.521852 0.780478
1.31107 0.561309
1.99566 0.431913
0.752984 0.722808
0.782904 0.849891
0.851798 0.984242
1.18105 0.74815
1.68392 0.632561
0.78593 0.983318
0.771977 0.566787
1.10105 0.988102
2.26573 0.544574
0.861868 0.562523
2.10971 0.291629
1.1598 0.936254
0.931556 0.552248
0.674852 0.919646
0.533825 0.916067
1.49885 0.374738
0.48005 0.898827
1.55517 0.894611
0.255422 0.987841
1.13621 0.533782
1.20341 0.869859
1.73949 0.305801
1.14172 0.783486
0.531836 0.796559
1.2463 0.488048
0.7509 0.671207
1.63885 0.25453
0.571066 0.722682
0.990001 0.621615
2.06351 0.265201
1.07069 0.795489
2.12974 0.885571
1.22453 0.490888
0.835166 0.735951
1.37606 0.819322
1.3823 0.943812
0.285073 0.997598
1.0143 0.373616
1.10115 0.551415
1.28923 0.735303
0.541484 0.934824
1.41787 0.564174
1.63665 0.397624
1.00823 0.811287
0.757184 0.973247
1.11312 0.683315
0.627927 0.743456
1.36692 0.531936
0.700141 0.769966
1.48513 0.27193
1.17831 0.742305
1.21359 0.827397
0.796346 0.560862
1.45861 0.782457
0.682514 0.914271
1.46881 0.272085
1.02106 0.752888
0.943567 0.695367
0.348014 0.963463
1.1276 0.378185
0.438685 0.848396
0.180722 0.993605
0.820785 0.895792
0.542423 0.839695
1.08136 0.624206
1.34578 0.444182
0.891218 0.918517
1.01915 0.886602
1.16522 0.405427
0.598548 0.949458
0.837277 0.654549
0.765086 0.9198
2.06509 0.185428
0.995718 0.975847
1.13221 0.936739
1.15596 0.444381
1.4529 0.271907
0.750837 0.908188
0.812752 0.831465
0.888226 0.855693
1.54731 0.894355
0.948441 0.986032
2.34714 0.895465
0.763121 0.886577
1.19189 0.812903
1.0029 0.87394
0.627573 0.690031
0.816628 0.780761
1.165 0.891748
1.63447 0.900408
1.73998 0.933676
1.22082 0.464861
1.27185 0.963245
1.28943 0.937743
1.43228 0.541746
2.03309 0.346593
1.35231 0.805731
1.47476 0.941013
1.07367 0.636953
2.20436 0.709672
0.564191 0.821139
0.544327 0.761872
1.51951 0.796378
1.25763 0.460682
1.84826 0.491259
0.961659 0.880204
0.771119 0.858811
0.679661 0.63788
1.04975 0.655532
1.78661 0.412872
0.873603 0.933212
0.891734 0.87004
0.581987 0.935374
0.906803 0.861478
1.00835 0.895204
0.799625 0.866701
0.783349 0.965275
0.864214 0.670253
1.02951 0.834527
2.30759 0.358253
1.09987 0.521023
0.742315 0.909957
1.17081 0.9711
0.604565 0.76047
0.892494 0.639467
0.88131 0.548214
1.3235 0.853128
1.28061 0.324444
0.314064 0.918629
2.01598 0.642581
0.714852 0.998046
1.41857 0.923909
1.3532 0.910313
0.727925 0.835534
1.48082 0.528262
0.672419 0.723106
1.34785 0.554802
0.710147 0.789082
0.647493 0.743377
1.32965 0.834712
1.99085 0.321915
1.29989 0.861663
0.801539 0.639442
1.46517 0.433237
1.47522 0.833322
1.88153 0.673835
1.44831 0.956502
2.31565 0.721537
1.41334 0.719195
0.513322 0.942913
0.758693 0.787469
1.32046 0.610473
0.842169 0.847291
0.813107 0.726511
0.770969 0.890469
0.679583 0.63958
1.3841 0.55739
1.39212 0.311266
0.617615 0.923831
0.796666 0.580657
2.0707 0.714979
1.49057 0.529626
0.866239 0.95547
0.922203 0.744049
0.575444 0.801081
0.937872 0.610866
1.64517 0.494777
1.56657 0.351249
1.6088 0.572142
0.761576 0.919461
0.67363 0.728612
1.02648 0.610905
2.046 0.995066
0.587815 0.772593
1.31787 0.463813
1.76981 0.99681
1.70938 0.95777
1.81974 0.932212
1.1264 0.651043
0.814675 0.731453
0.969164 0.700908
0.917375 0.491793
1.18909 0.686262
0.838113 0.740126
1.02492 0.97694
1.58613 0.933478
1.21298 0.5729
0.951578 0.85953
1.65592 0.988218
1.58429 0.440051
1.72379 0.826376
1.11134 0.960883
0.539737 0.884914
1.40214 0.297118
0.543399 0.994475
0.940306 0.49353
1.61653 0.877102
1.21877 0.64938
0.437956 0.932077
0.683285 0.685245
0.60613 0.815348
0.855238 0.698495
2.30876 0.479053
1.87029 0.64448
0.782374 0.970565
0.532464 0.952201
1.28068 0.704911
0.780389 0.76401
1.58635 0.637047
0.31095 0.922454
2.27368 0.811129
1.03755 0.550392
0.662544 0.863664
1.59582 0.265957
1.44244 0.421145
0.515399 0.841981
1.11604 0.888537
0.913782 0.925512
1.3166 0.300404
0.50152 0.819068
0.823053 0.828651
1.51205 0.435575
0.794623 0.593395
0.587286 0.807845
0.674631 0.711088
0.715663 0.998456
0.651046 0.789534
1.48792 0.530542
1.73912 0.232929
1.22545 0.722431
1.63336 0.325264
1.22387 0.658348
0.671824 0.883621
1.75603 0.651656
0.768147 0.626739
2.64303 0.552872
0.814705 0.797336
1.28215 0.471779
1.07321 0.827628
0.449279 0.938447
1.16955 0.434072
1.56884 0.464934
1.07261 0.881194
1.50324 0.491318
1.33191 0.395987
0.852941 0.866794
0.666592 0.685217
1.23113 0.870344
1.57371 0.534723
1.45516 0.257209
0.849238 0.881665
1.69759 0.667978
1.84226 0.675573
1.60948 0.631299
1.37999 0.855913
1.39902 0.496034
1.14922 0.69799
1.20732 0.416191
1.59023 0.816534
0.613046 0.876967
1.9496 0.71569
0.254587 0.949326
1.00619 0.94309
0.975696 0.535848
1.22713 0.816486
1.0566 0.719157
0.913078 0.631035
1.11031 0.692038
0.586802 0.796784
0.919906 0.569093
0.887658 0.562986
1.28542 0.776705
1.2229 0.903962
1.27598 0.532799
0.989932 0.807806
1.06305 0.806275
1.01703 0.417309
1.9566 0.19513
1.2122 0.735809
1.24831 0.48169
0.826877 0.606176
0.208462 0.981652
0.948901 0.798929
1.20808 0.339925
0.907806 0.479851
0.883017 0.727182
1.36812 0.713278
0.540605 0.960637
1.18187 0.82798
1.35311 0.914823
1.24907 0.487383
1.07345 0.59909
1.28749 0.318956
0.790829 0.667619
2.20335 0.951811
1.39137 0.732846
1.1571 0.696565
1.78329 0.579022
0.763558 0.955264
1.53364 0.354912
1.3958 0.561174
0.906142 0.95207
1.02994 0.71703
1.20163 0.491556
1.83023 0.657022
0.870579 0.925797
1.41564 0.538009
0.82658 0.526503
0.967962 0.759045
0.714114 0.703686
0.823172 0.636362
1.06803 0.376436
1.28292 0.9732
0.749554 0.835595
0.682184 0.947885
0.739588 0.608383
1.38959 0.819611
0.927427 0.929009
2.1035 0.788049
1.17351 0.557383
0.699314 0.906755
0.524154 0.766005
1.13759 0.730878
1.06293 0.946149
0.722321 0.713747
2.15959 0.720401
1.46704 0.305778
1.83637 0.346299
1.52365 0.676161
1.49004 0.773995
2.10351 0.893067
0.913116 0.533544
1.20054 0.675054
0.832141 0.924905
1.30975 0.640001
0.799602 0.57737
0.967866 0.950237
1.65317 0.381919
0.511823 0.835016
2.33413 0.795141
1.33527 0.729928
0.985175 0.638638
1.26447 0.728048
0.74261 0.821236
1.11072 0.533075
1.22177 0.88603
1.02326 0.792446
1.022 0.781146
1.12386 0.546401
0.724758 0.791287
1.42065 0.736203
1.28395 0.696451
1.35081 0.314033
1.43575 0.982105
0.80605 0.628446
1.04128 0.66301
1.53068 0.280025
0.901241 0.815579
2.13674 0.236091
0.92687 0.620157
0.954264 0.942207
0.613787 0.831761
0.876944 0.789975
1.64903 0.418064
0.377501 0.998072
0.423038 0.930123
0.859381 0.691217
1.15602 0.645857
1.33714 0.32885
0.616934 0.910019
0.115532 0.999992
0.91208 0.568504
0.538906 0.85972
0.849864 0.49035
0.912 0.922673
1.07329 0.999196
1.08454 0.372936
1.3652 0.338414
1.02556 0.467529
0.799657 0.93525
0.718421 0.902576
1.48266 0.800462
1.09004 0.378954
1.223 0.630763
1.19291 0.580389
0.724448 0.93518
1.20344 0.690961
1.3904 0.961374
1.04511 0.564373
0.983001 0.54818
0.859968 0.790162
0.923326 0.853517
0.816717 0.598532
1.51654 0.958058
2.40969 0.605191
1.29539 0.587793
1.36451 0.885977
1.0495 0.432522
1.01431 0.771289
1.48528 0.919193
1.2408 0.444685
0.776588 0.894824
1.3483 0.477861
1.09959 0.36352
1.2768 0.588771
1.8678 0.670273
1.52812 0.797806
0.801095 0.765176
0.934903 0.981562
0.980143 0.912932
2.40945 0.522996
1.76761 0.54357
0.985239 0.473334
1.14723 0.379001
0.540845 0.75533
0.937887 0.487202
1.04027 0.920056
1.19691 0.943723
0.853146 0.891627
1.47148 0.408339
0.89211 0.564316
1.08992 0.373131
0.514639 0.813655
1.07672 0.687777
1.92204 0.645688
2.2657 0.32926
1.26137 0.770875
0.987837 0.731384
1.15552 0.925918
1.3101 0.604711
1.69232 0.291176
1.34065 0.858749
0.351063 0.953816
2.26435 0.831346
1.03761 0.424767
0.972433 0.639572
1.07702 0.752145
0.604954 0.777995
1.67583 0.833685
1.01782 0.661306
0.658952 0.693263
0.915148 0.501688
0.368019 0.878422
0.554041 0.835011
1.37873 0.479361
0.777343 0.777826
0.417617 0.878434
0.942015 0.794023
0.496386 0.829342
1.06376 0.683294
1.22896 0.650057
0.816405 0.664504
1.07466 0.647647
1.32715 0.593692
0.969406 0.725053
0.702885 0.796671
0.380216 0.99827
0.972491 0.931511
1.0802 0.777746
0.571301 0.722857
1.27968 0.749232
1.49851 0.941342
2.26848 0.950371
1.09716 0.531066
2.23512 0.175566
0.868475 0.602555
0.328991 0.959851
2.05994 0.773321
1.17794 0.810798
1.08028 0.397692
0.55048 0.940758
0.646299 0.671831
0.774085 0.704693
0.608972 0.742822
1.34778 0.928534
0.306672 0.967249
1.33113 0.485677
1.71023 0.801577
1.16427 0.467427
0.8437 0.813518
1.77139 0.617357
0.669268 0.929757
0.988855 0.852159
1.00891 0.511914
1.19108 0.877027
0.726665 0.863028
0.907443 0.459836
1.0649 0.975672
0.831607 0.659844
1.18452 0.320805
0.862033 0.689737
0.697713 0.96633
1.27225 0.520865
2.09479 0.434316
1.12368 0.593705
1.46531 0.452137
1.59571 0.727182
0.723448 0.680657
1.32119 0.497047
2.3419 0.4585
1.01201 0.984982
1.46103 0.418289
0.86803 0.786968
0.353287 0.982408
0.859425 0.589143
0.828444 0.907865
1.19703 0.548535
1.09955 0.754958
0.429839 0.951199
1.42124 0.635496
1.37678 0.488578
1.3517 0.436819
0.889348 0.621751
1.42458 0.391354
0.35793 0.927079
1.38102 0.994677
0.614476 0.719676
0.543134 0.923563
1.30482 0.634531
1.03684 0.560826
1.03136 0.592961
0.895147 0.925862
0.780061 0.73525
0.637125 0.728792
0.904914 0.678597
1.25458 0.354912
0.596047 0.781084
0.435239 0.920642
0.706145 0.886924
1.33247 0.990803
1.70122 0.9437
0.971928 0.762088
0.447917 0.991526
0.659664 0.6482
1.12557 0.837141
0.643927 0.985348
1.77034 0.575175
0.848968 0.874585
1.20963 0.527886
0.704419 0.663757
1.11615 0.530452
0.981505 0.54581
1.14732 0.729665
0.878576 0.861474
1.28639 0.76356
0.441017 0.865305
0.892455 0.697649
1.52907 0.690122
0.873024 0.488644
0.636474 0.755817
0.779064 0.976901
1.26533 0.813387
1.32206 0.929188
1.37836 0.437176
0.940256 0.777009
2.03333 0.275564
0.988528 0.724164
1.66255 0.902747
1.41229 0.708818
1.02901 0.971139
1.80463 0.527164
0.596875 0.977145
0.386074 0.865904
0.682766 0.682199
1.33811 0.348051
1.09048 0.383862
1.12032 0.40983
0.532502 0.951194
1.63648 0.255328
1.19453 0.876062
2.29181 0.180409
1.62243 0.409065
1.42662 0.62387
1.14776 0.730422
1.8639 0.829715
1.32882 0.287635
1.2023 0.569118
1.00727 0.528229
0.719134 0.916704
0.570912 0.814818
1.05153 0.42382
0.939249 0.457415
0.749299 0.825451
0.89536 0.479357
0.815516 0.718257
1.71448 0.298743
1.55033 0.927204
0.984355 0.783764
1.73145 0.743369
0.864708 0.634601
0.947522 0.914121
1.79419 0.584449
1.27738 0.996812
0.404795 0.875941
1.26021 0.875861
1.65167 0.884025
1.16116 0.374542
2.43025 0.710736
0.880015 0.56077
0.882494 0.637976
0.979561 0.455015
1.86454 0.528877
0.957359 0.822484
1.15468 0.50426
2.03854 0.780698
1.4694 0.533458
1.1862 0.533652
0.85472 0.540697
0.78216 0.605115
0.658129 0.727084
0.690947 0.91443
1.45118 0.803831
0.516792 0.848512
0.960801 0.450862
0.971811 0.937115
1.04051 0.778198
1.33585 0.494183
1.40765 0.737582
1.09671 0.950235
1.09251 0.36838
0.601646 0.776143
1.22511 0.32608
1.13907 0.844297
0.341134 0.989091
0.982175 0.955268
1.64427 0.380117
1.15437 0.862079
1.21992 0.581774
1.51188 0.875111
0.713148 0.776201
1.27951 0.575753
1.02147 0.478518
0.796532 0.620149
1.36301 0.85467
0.859567 0.593267
0.683019 0.939602
1.54139 0.57802
0.799539 0.823648
0.679696 0.970747
1.36317 0.928563
1.1294 0.896017
0.998971 0.532198
1.06122 0.566693
0.759442 0.87453
0.679337 0.863143
1.54473 0.699621
1.72248 0.768032
1.17108 0.619352
1.26338 0.452576
1.09477 0.868026
1.07694 0.451479
0.871594 0.486693
0.524754 0.945247
1.07268 0.503661
1.27729 0.738913
0.826741 0.736475
0.955044 0.87717
1.51688 0.898204
1.48918 0.274687
0.621633 0.856894
1.14115 0.336981
1.39453 0.57634
0.552105 0.824374
1.19458 0.671332
0.611711 0.87558
0.8876 0.943562
0.541425 0.878749
0.523999 0.816658
1.88912 0.717403
0.961548 0.756973
0.583103 0.879916
0.620552 0.705322
1.48565 0.480279
0.892259 0.617241
1.51552 0.404932
0.960441 0.51107
0.935019 0.730943
1.51283 0.44614
2.31479 0.573797
1.06368 0.896049
1.64167 0.648915
1.09441 0.994405
1.62156 0.635334
1.45179 0.340352
1.19487 0.922331
1.15542 0.69079
0.552707 0.888075
0.595105 0.780749
1.79242 0.450812
1.45205 0.90234
1.2664 0.851917
1.59747 0.850492
1.12012 0.952397
1.31792 0.800957
1.61392 0.913504
1.38913 0.329757
1.0423 0.831976
1.19084 0.584231
1.10763 0.880297
1.53711 0.45246
1.58765 0.986114
1.86046 0.786231
1.11499 0.861395
1.27844 0.5791
0.993528 0.756269
0.544156 0.866595
1.1293 0.971767
1.09722 0.66157
0.971526 0.647122
1.22794 0.99557
0.869236 0.770962
1.1932 0.711681
0.782771 0.954227
0.637093 0.946074
1.33934 0.647691
1.73321 0.407031
2.6438 0.424025
1.68947 0.850084
1.10594 0.372542
1.22139 0.342841
1.1935 0.357815
0.217331 0.989998
0.850488 0.858586
0.7413 0.73538
1.55806 0.964979
1.28526 0.867847
1.26061 0.559637
1.49301 0.685343
1.0332 0.782528
0.919254 0.829125
1.09704 0.757723
1.26938 0.32125
1.59189 0.79587
0.794759 0.6694
1.76487 0.344902
1.43829 0.956697
1.11601 0.999373
1.20624 0.967208
0.680519 0.658045
0.47592 0.810796
1.2502 0.380856
0.78566 0.567265
1.84912 0.571214
1.14827 0.689758
1.45337 0.538304
0.52365 0.907929
1.09452 0.891826
1.29865 0.760616
0.651134 0.881501
1.03692 0.979654
1.37585 0.817664
1.34373 0.658036
1.13983 0.866632
2.17723 0.992336
0.685031 0.701575
2.14846 0.778263
0.792431 0.74488
1.39825 0.803779
1.06377 0.81545
1.28989 0.821792
0.972501 0.876014
2.00996 0.640419
1.38888 0.440741
1.13211 0.701604
1.66184 0.739527
1.19386 0.800689
1.43321 0.417311
1.24031 0.5916
0.69674 0.756052
1.4499 0.738464
0.721953 0.63778
0.565961 0.919936
1.02559 0.993674
1.67557 0.916266
1.46885 0.727831
1.87442 0.523821
0.551735 0.836113
1.42234 0.26307
0.856303 0.740322
1.24146 0.885314
1.7114 0.723628
0.885286 0.937749
1.4007 0.830397
0.810728 0.617563
1.10374 0.604288
0.920107 0.846846
0.591734 0.981228
0.969109 0.815166
2.06437 0.905205
1.89203 0.793213
1.5911 0.892839
1.01995 0.800558
1.65769 0.74078
2.12993 0.481414
0.693964 0.745833
0.989164 0.70694
2.19684 0.305516
0.78316 0.97996
1.12309 0.629089
1.8342 0.423157
0.64447 0.691898
1.13045 0.438405
1.73676 0.689505
0.457564 0.968406
0.831399 0.767685
0.711938 0.706974
0.778836 0.996732
1.03089 0.729945
1.27969 0.504591
1.47679 0.253462
0.502082 0.871051
1.90267 0.240253
1.24671 0.523089
1.18388 0.788861
1.24201 0.977268
0.571843 0.888851
0.929825 0.513917
0.689193 0.677559
0.699629 0.735438
0.823822 0.72979
1.16607 0.366646
1.31221 0.878366
0.814528 0.575998
1.3179 0.617229
1.02316 0.848452
1.23473 0.491096
1.25631 0.642336
1.77091 0.27767
0.107793 0.98925
1.54508 0.313304
0.907578 0.541328
0.77426 0.608524
0.731565 0.99004
0.401564 0.992753
1.29735 0.591031
0.961318 0.65674
1.14267 0.565616
1.00305 0.905197
1.46882 0.933014
0.948602 0.564218
1.19928 0.419257
0.80649 0.575572
1.68291 0.28316
1.10366 0.841883
1.06118 0.710626
0.895406 0.952947
1.44625 0.829496
0.56816 0.964108
0.682648 0.83665
1.20486 0.401745
0.683736 0.642429
0.703287 0.613411
2.0418 0.767849
1.28379 0.441082
0.906748 0.613473
1.32355 0.724309
0.704423 0.663393
1.5948 0.440465
1.42641 0.946461
1.00617 0.501176
1.2516 0.731064
0.549509 0.991583
1.15148 0.541344
0.84 0.506226
1.26859 0.488781
0.828922 0.777956
0.76353 0.603262
0.763779 0.778302
0.571291 0.875525
1.17071 0.452589
2.23746 0.686735
1.60635 0.750605
1.95468 0.203523
1.30389 0.584378
0.3639 0.946797
1.68952 0.75162
0.794883 0.93092
0.575264 0.781967
1.29146 0.377442
0.417801 0.88874
1.45663 0.535365
1.11544 0.442934
1.51089 0.929439
1.41095 0.302851
1.49068 0.426295
1.15235 0.43172
1.1029 0.740724
1.4056 0.560595
1.12275 0.367058
0.77651 0.634561
1.49282 0.603148
0.759212 0.641312
0.617945 0.953659
0.795788 0.766993
1.30057 0.829703
1.60467 0.796455
1.01729 0.882644
1.0983 0.844997
1.5115 0.902494
0.842582 0.977595
1.51287 0.394778
1.24419 0.345485
0.877574 0.729393
0.847811 0.665364
1.1977 0.429675
1.28111 0.896586
0.93897 0.552116
1.221 0.490754
1.26519 0.85781
1.10719 0.365199
0.794394 0.90722
1.34641 0.354049
1.23695 0.889878
1.15906 0.429786
0.662991 0.689098
0.959391 0.498148
2.1819 0.945357
1.33645 0.367979
0.791769 0.574874
1.59542 0.377085
1.2433 0.711848
1.70094 0.561424
1.12724 0.885648
0.606687 0.875663
0.812582 0.948586
0.492844 0.953532
0.738128 0.598417
0.883501 0.474732
0.940053 0.771739
0.656009 0.687219
1.11731 0.635298
2.40852 0.437868
1.20581 0.346549
1.11179 0.475742
1.70489 0.912255
0.585139 0.976501
1.13167 0.901285
1.05775 0.97908
0.921568 0.706699
0.90707 0.699413
0.883437 0.714019
1.24787 0.586218
0.872124 0.863863
0.628239 0.754833
2.2363 0.784987
0.737529 0.80354
1.00029 0.669447
2.09995 0.742423
1.36038 0.5704
1.44768 0.945891
0.800521 0.532508
0.849801 0.502552
1.42467 0.892114
0.815995 0.54782
0.842341 0.532981
1.25306 0.991954
1.32258 0.345201
0.914387 0.869563
0.977327 0.729145
1.55084 0.700389
1.48109 0.336749
0.309367 0.988158
1.66933 0.787189
1.43827 0.586384
1.10547 0.495097
1.24713 0.314391
0.976711 0.449651
0.627218 0.979844
0.866255 0.473827
1.30046 0.783748
0.692978 0.77717
0.856405 0.487435
1.71126 0.529767
0.983389 0.958033
1.71301 0.271795
1.23596 0.60297
1.04394 0.415822
0.96708 0.622672
0.356098 0.9039
1.01012 0.383081
0.923287 0.476707
2.04297 0.33697
1.04848 0.568864
2.02 0.718616
1.22987 0.482327
1.53462 0.585751
1.55186 0.781342
0.96917 0.460337
1.63301 0.37554
0.897913 0.635224
1.67064 0.234528
1.72106 0.579464
1.18017 0.90712
1.24507 0.688969
1.34432 0.411351
0.930885 0.708161
1.07478 0.866024
0.719396 0.72627
1.77212 0.468855
0.529638 0.913942
0.768352 0.859853
0.421588 0.891795
0.449013 0.954456
1.86615 0.538111
1.42527 0.315205
1.1804 0.335
0.468754 0.909574
0.760269 0.777535
0.947203 0.56536
1.01233 0.897097
0.571183 0.770502
1.32713 0.299803
0.859361 0.58084
0.5736 0.737807
0.855717 0.833517
1.52381 0.886625
0.763255 0.642521
1.27031 0.35659
2.36744 0.819037
0.76651 0.997488
1.12659 0.885496
0.961162 0.78923
1.03965 0.701945
0.527284 0.915921
0.706915 0.886863
0.510079 0.982283
1.38733 0.892459
1.0228 0.453154
0.722239 0.821403
1.25443 0.442704
0.563772 0.806454
0.836626 0.601006
0.41953 0.87909
0.581467 0.946368
1.53353 0.448107
1.25331 0.317615
1.2361 0.827703
1.05622 0.752066
0.503 0.926177
0.526113 0.826854
2.12486 0.431812
1.1905 0.359201
0.87223 0.483449
0.608281 0.791275
0.93678 0.417962
1.17535 0.959853
0.898649 0.665544
1.48561 0.949841
0.738597 0.959719
0.909181 0.989062
0.708766 0.634153
1.39261 0.446788
1.40581 0.335875
0.622921 0.758949
1.14727 0.367164
0.86408 0.689268
1.26547 0.320737
0.573841 0.82102
1.46289 0.659487
1.44718 0.500594
0.834329 0.887521
1.50968 0.301358
1.34161 0.77677
0.678506 0.875355
0.425194 0.837487
1.06999 0.827784
1.4717 0.618864
1.18938 0.641616
0.627579 0.776103
0.504619 0.91588
1.83688 0.234053
0.795416 0.999389
0.927379 0.476391
1.13179 0.398059
1.33659 0.533448
2.5852 0.893943
0.352367 0.887987
0.927682 0.931736
1.28384 0.336402
0.757961 0.85606
1.51142 0.309174
1.38479 0.366433
0.762513 0.604986
1.56941 0.982451
1.31328 0.961972
1.11272 0.845465
1.28355 0.980598
1.27658 0.855373
0.974101 0.963889
1.49716 0.336449
0.749564 0.946987
1.00191 0.903194
1.68831 0.461791
1.39437 0.59701
0.63852 0.774026
1.61596 0.614606
1.76858 0.531937
1.37525 0.467236
1.0783 0.525559
0.708819 0.768096
0.860583 0.65341
0.996373 0.999402
0.921012 0.721496
1.19959 0.559771
1.08779 0.501838
1.08084 0.557876
0.886117 0.837905
1.00472 0.373811
0.917835 0.662726
1.48069 0.307827
1.73099 0.617115
1.3817 0.545467
1.55503 0.360163
1.18792 0.946499
1.41867 0.577309
0.906264 0.513973
1.1036 0.511908
1.06257 0.686665
1.66957 0.887277
1.51691 0.499064
1.84985 0.788158
0.746518 0.702495
0.895861 0.687968
1.55219 0.77394
0.679332 0.938577
1.14649 0.561125
1.03092 0.544983
1.7157 0.244127
1.3327 0.449951
1.68278 0.44384
0.919363 0.723965
0.721616 0.665327
1.08016 0.601302
0.195069 0.988941
1.14057 0.742955
1.07207 0.843845
0.168695 0.997996
1.10284 0.392829
1.28828 0.822631
1.61052 0.751741
0.112802 0.992097
1.27996 0.788107
1.30726 0.936401
1.20152 0.860333
0.379743 0.946835
1.79875 0.399802
1.65 0.900624
1.40955 0.908817
1.6583 0.357496
1.4124 0.992683
0.455631 0.845084
1.12724 0.99244
2.49991 0.344942
0.868142 0.646059
1.38496 0.804677
1.38395 0.63429
1.07676 0.736818
1.79663 0.744113
0.961155 0.840822
1.11185 0.944524
1.0293 0.853487
1.33106 0.341769
1.14362 0.379535
1.57532 0.426972
0.759724 0.79078
0.869261 0.777045
0.752897 0.957369
0.798283 0.621327
1.11558 0.694039
0.9467 0.737851
0.792946 0.549215
0.977588 0.847417
0.724246 0.608384
0.318096 0.968683
0.868546 0.851414
0.924298 0.806215
0.314518 0.942458
1.2089 0.330517
1.47637 0.895247
1.25147 0.635109
0.745356 0.871495
1.11853 0.670941
1.18348 0.729608
0.857541 0.752643
0.620272 0.85792
0.844022 0.615613
1.0984 0.762818
0.422454 0.846086
0.863542 0.75455
0.794778 0.894944
0.401008 0.943367
1.13983 0.778467
1.20229 0.406821
1.05053 0.907634
1.39144 0.707017
1.16235 0.865639
1.50988 0.54288
1.7208 0.725593
1.33399 0.731565
1.31214 0.624486
1.07954 0.81967
1.59718 0.262325
0.669229 0.857189
1.85942 0.645258
0.628981 0.809477
0.775182 0.601246
1.08573 0.708944
1.04836 0.882819
1.93576 0.352371
2.25654 0.907951
0.922044 0.587081
1.84323 0.624757
1.28672 0.415838
0.722919 0.798413
1.30188 0.630186
1.60308 0.974118
0.219459 0.988063
1.15799 0.431057
0.793682 0.741596
1.19634 0.523553
0.974321 0.398124
0.640509 0.732671
2.10638 0.711136
1.05009 0.56907
0.863997 0.853309
0.936343 0.507611
1.06637 0.360239
0.735339 0.977364
1.21289 0.689376
0.742141 0.671812
0.377655 0.934942
1.80944 0.961222
0.873404 0.504074
0.969334 0.475932
1.77805 0.819156
1.38102 0.323927
1.19095 0.733418
1.36828 0.781953
1.07857 0.804648
1.07929 0.682597
0.280005 0.926706
1.1692 0.595642
0.862255 0.623429
0.562957 0.977474
0.791753 0.912947
0.762884 0.971828
1.11361 0.456338
2.5662 0.435389
1.1621 0.374054
1.10269 0.462774
1.42799 0.452177
1.13314 0.537216
1.20869 0.658217
0.942438 0.936508
0.759352 0.978876
1.34066 0.38194
1.1593 0.59891
1.26953 0.708921
1.30202 0.466922
0.934995 0.982395
1.46648 0.359862
1.67416 0.744344
1.12045 0.70874
1.3246 0.844617
0.539889 0.998141
0.486471 0.887862
1.04571 0.586994
1.08751 0.834714
1.35544 0.46412
0.218335 0.99076
1.0414 0.988819
2.07493 0.46406
1.23544 0.612594
0.850304 0.928149
1.35191 0.938022
0.7093 0.842079
1.55199 0.586118
2.05998 0.241945
0.871346 0.566845
1.38558 0.38397
1.34609 0.580143
1.12034 0.889999
1.76935 0.214603
1.10383 0.362494
0.878606 0.650589
1.53403 0.935604
1.93319 0.301957
1.11043 0.729979
0.697799 0.783063
0.993747 0.905281
1.03235 0.611111
0.820072 0.569322
0.904818 0.991736
1.13662 0.527144
0.800179 0.673412
1.52862 0.873044
0.816839 0.99337
1.03383 0.557879
1.8938 0.292042
1.46082 0.813868
1.03085 0.988323
0.857733 0.646686
0.850586 0.798172
0.502093 0.934979
0.992012 0.544698
1.11762 0.348253
0.799532 0.762976
1.26108 0.349414
0.761933 0.793852
1.56802 0.926753
0.935571 0.828429
1.4241 0.575705
0.714189 0.977762
0.648292 0.89591
1.12999 0.477587
1.08374 0.835989
0.937006 0.720244
1.40974 0.668024
1.16697 0.975337
1.39687 0.74943
1.42821 0.883288
0.25894 0.966023
1.45745 0.892667
1.23326 0.516362
0.919366 0.803335
2.26826 0.176378
1.46398 0.803679
1.71618 0.254612
1.191 0.401236
0.363083 0.953276
0.975163 0.458854
1.87051 0.950673
0.395494 0.967325
1.91885 0.270392
0.643784 0.690143
0.702104 0.699028
0.910973 0.44526
1.84087 0.686188
0.445889 0.854027
1.70506 0.380277
0.864667 0.903593
1.26286 0.861888
1.07697 0.706157
0.754747 0.779781
1.84249 0.227545
1.68348 0.992179
0.765781 0.688143
1.3987 0.634718
1.53712 0.741851
1.33313 0.351731
1.21711 0.662888
1.18265 0.929535
0.760455 0.716077
1.04433 0.927231
1.75856 0.737224
0.987978 0.905624
1.09932 0.77035
1.82691 0.330395
1.08062 0.447846
1.23482 0.928045
0.997903 0.866681
1.00091 0.394671
0.955547 0.95517
0.793398 0.602408
0.638878 0.737412
1.21442 0.719129
1.2041 0.779042
1.69035 0.267869
1.26676 0.642501
1.38549 0.346848
1.21149 0.876927
1.07452 0.392951
0.672193 0.978283
0.848939 0.532389
1.06429 0.357147
0.769144 0.797053
0.285006 0.933222
1.09867 0.361997
0.890743 0.949687
0.555457 0.803471
1.0966 0.653669
1.14354 0.627718
0.909001 0.972508
0.706697 0.842417
1.65707 0.244083
0.740754 0.901847
1.34491 0.769888
0.860038 0.908974
1.40887 0.467703
1.30168 0.701421
1.0735 0.486648
0.890571 0.65562
1.10156 0.663306
1.20416 0.908035
1.2496 0.511294
1.43149 0.854541
0.688693 0.758763
1.70712 0.222756
0.931874 0.717502
0.571213 0.948621
1.10254 0.635197
0.734607 0.60816
0.560001 0.811982
2.03027 0.348731
0.649825 0.777068
0.684844 0.655316
0.588587 0.716579
0.747056 0.622307
1.20225 0.852052
0.198543 0.976988
1.9327 0.505696
1.73445 0.413706
1.14722 0.411825
1.1741 0.914881
0.628668 0.992891
0.649008 0.906362
1.43177 0.341482
1.03711 0.57871
1.51588 0.300101
1.62992 0.864227
1.07354 0.693415
1.32352 0.404456
0.91112 0.752008
1.01313 0.97052
1.09488 0.921971
1.95607 0.481348
1.66032 0.889219
1.19253 0.878866
1.14086 0.495257
0.911326 0.822341
0.946586 0.919552
0.991932 0.936865
1.19756 0.981733
1.11698 0.649764
1.71019 0.746232
0.912485 0.919899
1.49011 0.354496
0.829669 0.810239
0.913865 0.630596
1.54604 0.768877
1.03375 0.488052
1.54881 0.590407
1.73354 0.395662
1.43566 0.564364
1.53225 0.306618
0.779112 0.77301
1.6123 0.436402
1.77883 0.230662
1.25076 0.879424
1.27364 0.652981
1.72535 0.77619
1.64939 0.253948
1.90124 0.827306
1.87345 0.754268
1.28466 0.926736
0.795688 0.87469
1.16209 0.871012
1.6997 0.705552
1.19017 0.662467
1.41315 0.887803
1.59162 0.489588
0.874605 0.673389
0.724069 0.958116
1.72313 0.954089
0.919947 0.809662
0.914542 0.953873
0.719066 0.842163
0.97634 0.432853
1.2048 0.409549
1.50439 0.519782
0.692031 0.942949
0.591302 0.800901
1.36189 0.464292
0.698604 0.751635
2.39846 0.659944
1.58814 0.458478
1.02636 0.517708
0.553648 0.801463
1.2816 0.786328
2.51439 0.864721
1.03411 0.464108
0.924534 0.686136
1.0536 0.436762
0.884835 0.783393
0.679535 0.958988
0.877284 0.84515
0.693282 0.844002
1.53731 0.613615
2.08671 0.603743
1.59454 0.849733
1.39689 0.432962
1.71718 0.970644
1.14191 0.821302
0.99061 0.508759
1.58839 0.950285
1.58006 0.25603
0.630431 0.980711
0.392696 0.921679
0.479406 0.92825
1.63983 0.420245
0.527819 0.863805
1.01452 0.424097
1.12026 0.90295
0.973402 0.433518
0.962342 0.89953
0.921914 0.993441
0.612784 0.750655
1.41315 0.552053
0.258804 0.987055
1.0926 0.590074
0.738119 0.919219
2.37063 0.280729
1.51868 0.277476
1.12407 0.78674
1.29251 0.487875
1.42418 0.716716
1.87388 0.862846
1.43249 0.792839
1.23848 0.586444
1.39881 0.676757
1.12691 0.868657
1.74909 0.655258
0.662997 0.975663
0.994327 0.390419
0.980678 0.410596
0.957387 0.748149
0.338572 0.967682
0.550524 0.899258
1.3303 0.748856
0.659207 0.810896
1.33532 0.80279
0.675486 0.997752
1.01636 0.986997
1.44055 0.534979
1.21579 0.331988
0.845782 0.965994
0.692154 0.844167
0.605801 0.723813
2.04446 0.854192
1.08626 0.378155
2.32284 0.279381
1.09388 0.746513
1.71255 0.301741
0.457601 0.984378
1.73502 0.418842
1.33536 0.941486
0.893596 0.795555
1.13535 0.696507
1.24501 0.492202
0.804965 0.763042
1.52348 0.384329
1.16323 0.536573
1.35056 0.506652
2.58319 0.679444
0.636766 0.909898
1.24964 0.507041
1.05864 0.575735
0.869535 0.557096
1.23284 0.582417
0.476498 0.955012
1.23534 0.342571
0.651784 0.969567
0.817953 0.609508
1.20154 0.329222
1.52568 0.649267
0.605706 0.99085
1.50895 0.828515
0.661623 0.730395
1.82891 0.971919
0.578798 0.762796
1.21724 0.871382
2.20789 0.749573
0.657368 0.85589
1.18939 0.819255
1.46793 0.82736
0.391161 0.9819
0.731415 0.920834
0.551386 0.820192
1.30887 0.695867
1.19313 0.65787
0.472016 0.933518
1.35202 0.428183
0.750357 0.991112
1.2526 0.828023
1.50986 0.91052
1.66246 0.611704
1.48506 0.646879
1.35228 0.667591
0.708176 0.970116
0.538808 0.825606
0.386395 0.963075
0.68403 0.729714
1.61472 0.807889
1.85579 0.600733
1.462 0.873311
0.235165 0.96501
0.806733 0.526756
0.865294 0.604054
1.32158 0.834459
0.84626 0.500321
0.624178 0.787829
1.23995 0.300331
0.735947 0.617822
1.49506 0.600126
0.730348 0.833323
1.02857 0.592812
0.973063 0.956893
1.12552 0.791517
0.907236 0.875285
2.14795 0.447909
2.02629 0.898652
0.909702 0.633779
1.35506 0.276256
1.04915 0.600267
1.08531 0.610953
1.06158 0.506186
0.510869 0.916183
1.18736 0.553795
1.59949 0.763816
1.51333 0.880336
0.806097 0.620026
1.9187 0.678378
0.969927 0.907017
0.664986 0.83979
1.62792 0.315316
2.26876 0.755044
2.0563 0.722963
1.20457 0.914972
1.50818 0.687299
1.21115 0.807871
0.735338 0.583653
0.713776 0.626448
1.03335 0.705554
1.19129 0.68325
0.690898 0.966368
1.03461 0.411739
1.78401 0.852059
0.656079 0.774827
0.643861 0.839395
1.32217 0.819105
0.786989 0.971209
0.321028 0.985258
1.63561 0.4515
1.3751 0.39507
0.259447 0.996541
0.382704 0.97604
1.86728 0.842171
0.457594 0.90985
1.36783 0.282552
0.774084 0.631951
0.843694 0.79377
1.51924 0.824189
0.535008 0.770371
1.14694 0.54621
1.16263 0.352001
1.02451 0.89336
2.22159 0.640777
3.06027 0.399826
0.825302 0.515978
0.464622 0.941666
1.63208 0.666421
1.55618 0.728496
1.42437 0.744435
0.950892 0.646365
0.809588 0.67174
1.28999 0.788186
1.23856 0.44189
1.49275 0.784589
0.740279 0.99884
1.00589 0.557246
0.849686 0.983096
0.945249 0.705946
1.21084 0.800552
1.16886 0.757152
1.75611 0.91955
0.90646 0.860924
1.36595 0.805458
1.23051 0.808975
1.6836 0.990679
1.6135 0.405194
0.890205 0.906195
1.24935 0.982708
0.767843 0.703395
1.25022 0.642965
1.23196 0.512074
1.02655 0.394846
0.627403 0.945884
2.52991 0.64267
0.61716 0.808259
0.938068 0.71202
1.07832 0.734224
1.05103 0.717681
1.36353 0.709474
0.818082 0.990671
0.754118 0.882685
1.12012 0.921014
1.29033 0.360092
1.71056 0.827064
0.952984 0.62814
0.477804 0.969063
1.03059 0.829022
0.807744 0.712924
0.804377 0.737051
0.929604 0.801297
1.7665 0.448305
0.411448 0.910692
1.21367 0.349182
1.16785 0.889441
0.493921 0.834698
0.99558 0.645206
1.64398 0.417818
0.947666 0.961712
1.00085 0.883804
0.840612 0.591598
1.10094 0.568705
1.40536 0.275019
0.917948 0.483077
1.47978 0.413646
0.92223 0.475861
1.26676 0.489096
1.13631 0.669219
1.63466 0.424938
1.46978 0.93988
0.967 0.508177
0.915048 0.909559
1.00722 0.687006
0.478409 0.841476
1.06266 0.805812
0.470984 0.941592
2.13631 0.566503
0.945768 0.925851
0.631768 0.789111
1.49457 0.818854
0.86651 0.753374
0.89608 0.56823
0.946458 0.937071
0.941723 0.965265
0.845179 0.727821
1.66261 0.466386
0.953599 0.979909
0.910516 0.940253
0.864501 0.612292
0.548498 0.990326
1.08737 0.685542
1.10697 0.703431
0.68988 0.948664
2.05103 0.732527
1.08206 0.968447
1.75786 0.263831
0.876955 0.47142
0.305921 0.9881
1.01695 0.779454
1.13107 0.91728
0.722366 0.706675
1.08836 0.798151
1.14391 0.5959
0.363804 0.959107
0.875999 0.920406
1.11487 0.959685
1.41304 0.798873
1.3568 0.695327
1.27098 0.483781
0.88811 0.906618
0.867021 0.52268
0.910539 0.820551
1.35911 0.899949
1.26245 0.941979
0.904698 0.736467
0.777374 0.867467
1.17855 0.744574
1.55592 0.913607
1.86331 0.676201
1.11184 0.392071
0.849329 0.897552
1.36085 0.342449
1.70053 0.9454
1.54979 0.254658
0.894294 0.58419
1.6036 0.251293
0.865932 0.520421
0.871209 0.987758
0.609154 0.87062
1.12226 0.953772
0.910626 0.54201
0.858436 0.652979
1.20924 0.605603
0.979038 0.720802
1.04986 0.362461
1.06751 0.45676
0.917017 0.750137
1.5344 0.870158
1.07328 0.878233
1.70719 0.777154
1.41695 0.583138
2.14233 0.474154
1.36254 0.388562
0.898488 0.725521
0.841669 0.760702
0.597844 0.729252
1.45015 0.555053
1.55892 0.856513
0.740413 0.911045
0.496002 0.968207
0.535153 0.78932
1.03312 0.794184
1.4341 0.302873
0.762809 0.919848
0.805399 0.873145
1.21443 0.980874
1.18038 0.911375
0.319546 0.950377
0.973929 0.524846
0.896285 0.66643
1.03429 0.551175
0.798073 0.780151
1.78722 0.307107
1.03803 0.731263
0.902804 0.757776
0.821618 0.8149
1.06438 0.667101
0.958198 0.765281
1.72967 0.363144
1.58012 0.968757
1.71732 0.614511
0.538631 0.886753
1.20998 0.960957
1.18189 0.352682
1.63639 0.384224
1.08173 0.86312
0.716446 0.872913
1.57805 0.281659
1.35382 0.668449
0.615122 0.976987
1.41782 0.887712
1.34084 0.965049
0.692481 0.774793
1.66133 0.656935
1.0722 0.82127
0.81697 0.562884
1.05162 0.676209
1.34664 0.985408
1.47983 0.565207
1.2429 0.44323
0.939037 0.550588
0.880571 0.820274
0.483936 0.924992
0.996655 0.61829
0.996834 0.946277
0.766995 0.834484
2.28728 0.973169
2.14312 0.378451
1.23838 0.376769
2.0915 0.215958
0.896964 0.478786
1.40862 0.63607
0.68314 0.77915
1.10332 0.537411
1.0488 0.618763
0.857547 0.693538
0.887898 0.562526
0.939182 0.876489
1.73356 0.866964
0.961061 0.653504
1.18014 0.41903
1.08986 0.401053
1.53645 0.250641
0.765386 0.671533
2.05616 0.305839
1.45714 0.941909
0.893119 0.658529
1.12549 0.942454
1.11081 0.519637
1.5607 0.657002
0.309757 0.936451
1.28132 0.345533
2.51262 0.669724
0.39405 0.973662
0.945996 0.727503
1.07689 0.641481
0.562441 0.811655
2.70667 0.743564
0.998819 0.468511
1.43193 0.277454
2.07505 0.46384
0.431274 0.925394
0.833038 0.578424
1.62963 0.328553
0.76583 0.935751
0.476 0.802771
1.96277 0.490794
1.76155 0.908427
1.27737 0.842707
1.11039 0.861906
1.57396 0.460387
0.904479 0.966613
1.23788 0.989579
0.711865 0.627024
1.2988 0.660458
1.59354 0.444202
1.28456 0.48871
0.902721 0.856276
1.33088 0.529437
1.26472 0.32375
0.966256 0.817716
0.764139 0.877395
1.35465 0.683271
1.19173 0.58077
0.943017 0.845412
1.13798 0.896035
0.510355 0.957936
0.253539 0.94205
1.14064 0.381216
0.507314 0.943218
1.8734 0.776394
0.560169 0.828286
0.689497 0.872335
0.679659 0.897502
0.113736 0.990194
1.23975 0.988471
1.89162 0.657042
1.67301 0.477724
1.08108 0.851981
0.807376 0.839019
1.60444 0.357384
0.81174 0.987853
1.60022 0.300573
1.15678 0.926425
0.622317 0.95106
0.301501 0.953128
1.2093 0.507056
0.675815 0.676418
1.06569 0.868904
0.314392 0.955178
1.40806 0.472733
2.02219 0.290105
1.04014 0.539774
1.29686 0.480686
1.30919 0.420155
0.626916 0.805536
0.765779 0.627539
0.394107 0.896471
0.971894 0.973168
1.73192 0.523156
0.668851 0.939689
1.25675 0.869694
0.894401 0.915006
1.08425 0.431733
1.16323 0.997982
0.645572 0.719187
1.51845 0.450449
0.168146 0.993236
1.51327 0.567913
0.986851 0.86175
1.01278 0.389504
0.947439 0.765875
1.52106 0.989797
0.449679 0.981643
0.916059 0.730167
2.57062 0.15443
1.09622 0.960641
1.27654 0.974445
1.1802 0.822434
1.44236 0.406586
0.882464 0.797234
