0.624993 0.55397
0.318606 0.606969
0.0366763 0.242887
0.308771 0.804177
0.352528 0.400944
0.292028 0.108809
0.637458 0.352458
0.156949 0.949327
1.18349 0.0860558
0.432481 0.663227
0.144385 0.020023
1.02983 0.0630958
0.599998 0.53976
1.19611 0.0392803
1.0856 0.215825
0.332235 0.881062
1.00583 0.226107
0.421949 0.276235
0.232135 0.126075
0.661861 0.232262
0.342877 0.732149
0.282319 0.79347
0.369229 0.745071
0.167692 0.950104
0.118191 0.521563
0.396474 0.240062
0.210331 0.134902
1.17047 0.0782321
0.157289 0.204655
0.116862 0.157807
0.00936362 0.923069
0.367046 0.39169
0.079697 0.747803
0.368928 0.830012
0.739748 0.231428
0.166862 0.633072
0.503227 0.651132
0.630095 0.546107
0.977655 0.00323146
1.08436 0.304956
1.3991 0.0408643
0.781011 0.184622
1.19799 0.0876436
0.25037 0.361601
0.741695 0.189751
2.4415 0.00357857
0.423452 0.436497
0.272572 0.685786
0.366203 0.273911
0.405948 0.684178
0.400967 0.221966
1.12168 0.121259
0.311037 0.360443
0.340267 0.072545
0.242659 0.647207
0.818096 0.28827
0.745618 0.0911486
1.09671 0.157272
1.16486 0.207844
0.549736 0.326013
0.924273 0.00540855
0.660776 0.114668
0.110616 0.449105
0.474487 0.473894
0.224008 0.382896
0.115894 0.0534223
0.268 0.589637
1.07232 0.16982
0.157703 0.0988374
1.0839 0.225491
1.48308 0.0363274
0.693352 0.221009
0.445546 0.612442
0.246899 0.674605
0.450793 0.401188
0.710231 0.434009
0.519741 0.385748
1.1989 0.154724
1.24964 0.0145793
0.855483 0.382167
0.586001 0.649659
1.45325 0.00600477
0.343971 0.0328927
0.143011 0.685722
0.422137 0.618958
0.00253233 0.00570914
0.686787 0.26157
0.407613 0.341354
0.353563 0.503461
0.591265 0.604379
1.05877 0.166955
1.21175 0.148342
1.3028 0.0329634
0.253458 0.48981
1.14829 0.0484997
0.323959 0.413078
0.555823 0.406767
0.0392774 0.717597
0.132127 0.0742604
0.500855 0.219788
0.750531 0.536743
0.493056 0.477551
0.413472 0.458039
0.746653 0.402379
0.474056 0.606542
0.840501 0.199003
0.132436 0.560872
0.0425492 0.343841
0.0204152 0.923692
0.389395 0.447982
0.349507 0.292889
1.07056 0.272987
0.414149 0.282284
0.376122 0.202977
0.285006 0.227552
2.17688 0.0138663
0.361855 0.119989
1.38201 0.070557
0.982316 0.293177
1.27387 0.190709
0.0781118 0.431844
0.0802495 0.523548
0.45213 0.661792
0.768335 0.0501679
1.33 0.0534394
0.228272 0.157275
0.549334 0.136171
1.32552 0.0580523
0.12605 0.92522
1.05536 0.256969
1.32078 0.168837
0.594387 0.633585
1.21089 0.0166506
0.462857 0.522629
0.902217 0.307168
0.997512 0.269022
0.482679 0.759208
0.580751 0.683574
0.0363993 0.845123
0.562973 0.256228
0.16478 0.514382
0.773909 0.359942
0.0988094 0.0238632
0.0114215 0.487254
1.05181 0.0782579
0.429713 0.483648
0.189925 0.244858
1.74939 0.00698012
0.216909 0.787642
0.618517 0.239321
1.35111 0.129976
0.182846 0.377997
0.308151 0.659878
0.257533 0.880683
0.0860959 0.514936
0.898425 0.211565
1.01846 0.160162
0.693555 0.433758
0.0122285 0.649787
0.283999 0.461949
0.189415 0.78025
0.141016 0.0471826
1.18592 0.177133
0.859247 0.0974906
1.51164 0.0294762
0.312752 0.143942
0.44077 0.77741
0.414057 0.666707
0.704226 0.105576
1.0795 0.270321
0.449379 0.287736
0.499314 0.506915
0.319767 0.294601
1.73993 0.0284525
0.639651 0.0767534
0.40272 0.359786
1.45693 0.100686
1.3671 0.104174
0.897245 0.366796
0.887037 0.272189
1.3492 0.0682348
0.657971 0.224415
0.55366 0.576721
0.67763 0.12608
1.0932 0.192486
0.659636 0.184577
0.00636254 0.900772
0.394679 0.0447295
0.25417 0.861265
0.911852 0.193493
0.781192 0.532514
1.21756 0.00584319
0.60454 0.19163
0.531809 0.653087
0.493099 0.349324
0.77292 0.0504663
0.21222 0.809355
0.405307 0.359247
0.869172 0.140338
0.959748 0.10339
0.245775 0.86909
0.35848 0.802604
0.704671 0.395684
0.0461438 0.0530733
0.0893633 0.419144
0.413552 0.219853
0.165685 0.461489
0.160475 0.962551
1.1448 0.00472651
0.423558 0.287189
1.68453 0.0364959
0.0192794 0.996042
0.223392 0.264624
0.418564 0.729702
0.856602 0.00695418
0.0262816 0.886344
0.397576 0.639199
0.620739 0.547723
0.349204 0.828622
0.5017 0.112911
0.391805 0.187693
0.556128 0.360164
0.0404948 0.650066
0.543184 0.67532
0.731648 0.334016
0.547937 0.0245755
0.310756 0.417663
0.477604 0.385282
0.0296133 0.144946
1.17843 0.24699
0.505447 0.541743
0.529729 0.417174
0.208111 0.463442
0.483167 0.278005
0.680805 0.586537
1.31465 0.0996293
1.29708 0.043379
1.34351 0.00788008
0.285312 0.167241
0.557915 0.193564
0.0711143 0.112157
0.476518 0.678161
0.346818 0.0901297
0.726063 0.381603
0.000105475 0.154927
0.692467 0.0316532
0.600937 0.0350389
0.601052 0.43474
0.706597 0.573122
0.180864 0.468185
0.55457 0.194948
0.287421 0.101124
1.31625 0.0604589
0.185798 0.142289
0.325053 0.564252
0.0799184 0.157555
0.765721 0.507617
0.0901959 0.925318
1.27817 0.122664
0.152118 0.33715
0.252462 0.324096
0.239112 0.256673
0.0144576 0.0438913
1.63867 0.0465127
0.380648 0.0368176
1.65803 0.00220922
0.189878 0.133548
0.0318378 0.748942
0.0682291 0.806149
0.124674 0.0343068
0.0821611 0.539584
0.741019 0.429613
0.0465931 0.413732
0.194841 0.292207
0.765058 0.53766
0.324554 0.213122
0.133117 0.0300651
0.973016 0.321047
0.245446 0.123969
0.104322 0.283917
0.113092 0.0208639
1.09229 0.216457
0.107419 0.821842
0.801364 0.480193
0.3215 0.329309
0.517464 0.578702
1.26239 0.102443
0.322254 0.119584
1.05902 0.211604
1.00495 0.327805
0.0353233 0.609179
0.814758 0.380434
0.581078 0.48845
0.402641 0.0488258
0.680006 0.283138
0.246009 0.697741
0.371284 0.0117453
1.44267 0.0468473
0.22243 0.83505
0.2756 0.483742
0.181789 0.0148069
0.478451 0.0374063
0.605789 0.321982
1.65408 0.0290106
0.0917008 0.511386
0.73503 0.532647
1.30386 0.0913142
0.337235 0.806322
0.603188 0.0903681
0.483294 0.00323105
0.268602 0.146135
0.401206 0.0601557
0.577313 0.417489
1.30492 0.0443661
0.428628 0.822875
1.05823 0.287181
0.337722 0.784295
0.922525 0.104331
0.265784 0.847953
0.356821 0.164692
0.228252 0.318191
0.0312861 0.447123
0.219473 0.892721
0.10123 0.263617
0.527658 0.203578
0.0689257 0.529754
0.501141 0.347287
0.548786 0.436149
0.664446 0.615935
0.0787811 0.037932
1.03965 0.132558
0.583283 0.1442
0.20162 0.687545
0.109662 0.120243
0.488924 0.271468
0.256987 0.339732
0.214188 0.815197
0.263238 0.291188
0.0059008 0.687294
0.417071 0.553925
0.907966 0.112988
0.170156 0.28508
1.19243 0.170819
0.225622 0.416706
0.325085 0.637054
1.03884 0.304929
0.310684 0.285365
0.449861 0.255076
0.226596 0.579176
1.0357 0.286074
0.299475 0.86385
0.424545 0.257939
0.271876 0.688576
0.441204 0.320772
0.211022 0.0443619
0.743482 0.484919
0.0417506 0.0175198
0.33089 0.849692
0.913314 0.326868
0.0347487 0.939879
0.00778068 0.0643416
0.142634 0.567817
0.911449 0.0779371
0.263859 0.161353
0.244367 0.456162
0.0928711 0.798474
1.00998 0.325518
0.537465 0.158316
1.27341 0.169748
0.557292 0.543165
0.2979 0.0189329
0.138961 0.812189
0.391999 0.170368
0.60379 0.162573
1.54101 0.0513816
0.829024 0.400148
0.896152 0.00947013
0.403241 0.0475882
1.32919 0.067696
0.449139 0.677342
0.526374 0.0494732
0.661479 0.0253549
1.33984 0.0645876
0.16663 0.110427
0.536006 0.450117
1.45227 0.108785
0.390089 0.409213
0.5281 0.247431
1.16919 0.192734
0.193616 0.180886
0.959452 0.0470658
0.116705 0.877099
0.148164 0.787729
0.535153 0.564484
0.279532 0.846642
0.211664 0.0485317
1.5408 0.0825677
0.304975 0.0321839
0.292871 0.0189879
0.312002 0.750337
0.24589 0.744149
0.762589 0.442278
0.672072 0.114594
0.443614 0.575203
1.36662 0.00612195
0.112349 0.423378
0.669804 0.119224
0.375383 0.783413
1.11442 0.282835
0.675618 0.102683
0.650152 0.350207
0.34293 0.202787
0.284803 0.557002
0.0276778 0.800708
0.291909 0.179138
0.13965 0.0285004
0.230477 0.387273
0.691575 0.498153
0.310216 0.558473
0.312038 0.816667
0.668205 0.189401
0.583527 0.161494
0.389763 0.156257
0.362549 0.7194
0.625214 0.407673
1.27489 0.0154844
0.219417 0.00211305
0.335341 0.629471
0.471897 0.73727
0.34214 0.23649
0.904244 0.0637327
1.08529 0.021094
0.14163 0.215033
0.380496 0.732818
0.595783 0.317548
0.228392 0.832095
0.474315 0.503394
0.500006 0.752971
0.252835 0.928603
0.587167 0.545356
0.479461 0.252053
0.0720092 0.477887
1.2816 0.133512
0.621773 0.0447959
0.317715 0.429751
0.560851 0.710807
1.10523 0.200168
0.13342 0.723838
0.842429 0.477323
0.056029 0.650757
1.13208 0.0804055
0.743955 0.101054
0.211674 0.425361
0.531844 0.153375
0.335697 0.559335
0.00091258 0.437667
0.852674 0.420218
0.909305 0.41966
1.01904 0.0536473
0.073654 0.113207
1.21178 0.175496
0.282225 0.158607
0.580001 0.476366
0.531161 0.661914
1.16146 0.200847
0.706622 0.297849
1.21587 0.208175
0.532195 0.665822
0.881531 0.427999
0.202306 0.318
0.0820999 0.462033
0.558889 0.552692
0.0804768 0.953274
0.86178 0.352948
0.3752 0.419502
0.050114 0.0738238
0.687509 0.584522
0.146393 0.684309
0.571377 0.703921
0.127955 0.0745054
0.127037 0.871851
1.10173 0.0286548
0.786854 0.511929
0.230577 0.80451
0.199943 0.744732
1.43276 0.092576
0.509207 0.311602
1.68802 0.0521674
0.176042 0.418925
0.368228 0.429714
0.635731 0.0754011
0.644799 0.395617
0.455197 0.771723
1.64828 0.0376578
0.102272 0.71232
0.2953 0.866993
0.654299 0.294901
0.66759 0.201067
0.214517 0.818996
0.229395 0.948206
0.0684589 0.147407
1.48618 0.00591033
0.195011 0.16961
0.369911 0.274335
0.300684 0.828721
1.01791 0.048346
0.440445 0.603984
0.890448 0.361644
0.0647032 0.482426
0.223329 0.224338
0.946771 0.175605
0.0613885 0.36718
0.384429 0.479688
0.934934 0.114316
0.175803 0.114054
1.09183 0.26688
0.198293 0.381656
0.912924 0.115414
1.33898 0.164362
0.0199734 0.853776
0.373352 0.859285
0.856508 0.0299501
0.667868 0.47917
0.0498836 0.130979
0.812517 0.0877818
0.45719 0.11353
0.625258 0.0343803
0.800812 0.0535336
0.998093 0.364793
0.194895 0.352506
0.14308 0.355387
0.761458 0.171385
0.339806 0.703121
0.343165 0.0945434
0.711205 0.508434
0.333173 0.759688
1.63475 0.0597998
0.528856 0.613683
1.06661 0.298639
0.814233 0.307496
0.0238885 0.393948
1.52023 0.0196445
1.18818 0.0698885
0.281869 0.477996
1.03749 0.048639
0.416977 0.142225
0.524139 0.154393
0.242411 0.472507
0.38933 0.385001
0.58143 0.164654
0.0806573 0.926588
0.222674 0.221171
0.15483 0.331917
0.849592 0.0344874
0.0210429 0.609736
1.36268 0.00386199
1.18451 0.122798
0.549624 0.450345
1.87953 0.00493794
0.0457817 0.268558
0.311713 0.089161
0.610322 0.221536
1.29358 0.102577
0.507094 0.015051
0.972819 0.387067
0.52032 0.501173
0.468028 0.369793
0.755353 0.235453
0.308165 0.897424
1.0541 0.168225
0.32578 0.496178
0.587479 0.192586
0.188054 0.0309635
0.147553 0.17843
0.241914 0.655914
0.495121 0.123838
0.132848 0.200379
0.497804 0.321526
1.66776 0.0295571
0.19529 0.461816
0.352803 0.450056
0.73531 0.000767693
0.722054 0.190303
0.201913 0.778152
0.146198 0.493503
1.06105 0.00771607
0.383913 0.522448
0.132207 0.0138811
1.39998 0.0391351
0.49849 0.403431
0.418471 0.285885
0.115217 0.173579
0.770291 0.0502544
0.94914 0.26003
0.0800339 0.589339
0.123018 0.685173
1.12383 0.240662
0.624631 0.664511
0.229009 0.0133406
0.12063 0.663091
1.20341 0.0891839
0.567968 0.589522
0.680852 0.244425
0.329942 0.857978
1.07537 0.0217983
1.86695 0.0119682
0.0569448 0.590602
0.00185447 0.670766
1.58703 0.0544375
0.751179 0.240195
0.323148 0.586287
0.637473 0.0509667
0.228904 0.590354
0.435777 0.805799
0.313248 0.00385829
0.0414205 0.102048
0.260034 0.722097
0.184215 0.315721
0.5545 0.521583
0.117898 0.756846
0.430899 0.30229
0.569745 0.697616
0.0247655 0.522075
0.314582 0.245651
0.133858 0.887748
0.136882 0.523216
1.31918 0.0106416
0.0577505 0.0559791
1.48198 0.0366738
1.30062 0.0635237
0.937324 0.16894
1.12765 0.274417
0.0860146 0.135705
1.12702 0.0977211
0.0527696 0.424995
0.218549 0.0842894
1.14571 0.22658
1.31815 0.0872588
0.652734 0.445533
0.580941 0.617387
0.925268 0.039521
0.0602646 0.397874
0.223791 0.360305
1.00702 0.00132573
0.294395 0.70576
0.856225 0.405038
0.0712113 0.115752
0.0305065 0.0933659
0.0653389 0.0403427
0.844661 0.150208
0.321635 0.506247
0.184775 0.236512
0.317365 0.455144
0.15529 0.44274
1.41924 0.0980574
1.08694 0.122013
0.0985892 0.0737159
1.38564 0.139216
0.648734 0.521386
0.308193 0.717508
0.132284 0.205993
0.360559 0.689566
0.442617 0.265539
0.736165 0.464505
0.40953 0.530892
0.692934 0.144156
0.412874 0.750902
0.155506 0.44435
1.11594 0.0622386
0.963072 0.323107
0.197021 0.937901
0.239616 0.409635
0.372079 0.135875
0.271702 0.410651
0.699625 0.410836
0.877248 0.299663
0.93041 0.0340263
0.595124 0.0998469
0.299984 0.892116
0.907284 0.253006
0.326525 0.499773
0.892764 0.0432225
0.184011 0.201899
0.19312 0.860834
0.0840298 0.775025
0.599895 0.0258531
0.627433 0.122217
0.464448 0.423981
0.355386 0.0187743
0.496514 0.647033
0.180373 0.0993164
0.880662 0.0691378
0.0894319 0.695535
0.415875 0.554866
0.742256 0.0659098
0.558074 0.728589
0.48245 0.42872
0.355982 0.537606
0.409761 0.275352
0.767839 0.116508
0.541342 0.0770289
1.44765 0.0914027
0.043239 0.594273
1.58197 0.0557698
0.719514 0.0516508
0.777377 0.298248
1.01983 0.107613
0.60131 0.321734
1.54246 0.0816417
0.968989 0.339602
0.161189 0.674919
0.613696 0.284874
0.82466 0.213991
1.49186 0.0424307
0.948244 0.301399
0.129368 0.896493
0.188537 0.454491
0.267153 0.268023
0.60408 0.391488
1.67589 0.0128304
0.29932 0.383285
1.74611 0.0301674
0.529624 0.417051
0.366553 0.119964
0.578008 0.281647
0.126502 0.022916
0.0804295 0.822139
0.620361 0.168778
0.462205 0.0517661
0.447627 0.440813
0.754397 0.0902622
0.558281 0.642059
0.0734063 0.961596
0.149989 0.289518
0.547296 0.454649
0.175428 0.947894
0.32359 0.283392
0.571062 0.162647
1.70437 0.0524885
0.246026 0.790125
0.0316893 0.176006
0.179195 0.257327
0.390834 0.0261872
0.634535 0.437823
0.198085 0.359984
0.867864 0.231855
0.0401298 0.851502
0.486843 0.0974775
0.244863 0.84703
0.889943 0.155233
0.439826 0.483568
1.45083 0.0572967
1.32481 0.115024
0.467353 0.318035
0.487774 0.728256
0.401206 0.524819
0.758717 0.386026
0.352182 0.773603
0.363336 0.482384
0.752436 0.495949
0.945965 0.243745
0.396853 0.167179
0.874884 0.393167
0.525504 0.073749
0.00738444 0.716548
0.0508383 0.164764
0.447598 0.747157
0.299956 0.533348
0.546989 0.553743
0.447497 0.0117881
1.29242 0.0948478
0.470875 0.0341828
0.637143 0.456955
0.119085 0.755033
0.490794 0.296033
0.885999 0.133104
0.512892 0.495224
0.0053274 0.681625
0.595181 0.285543
0.311805 0.750374
1.02634 0.24875
0.15741 0.742097
0.488104 0.297912
0.533973 0.219303
1.1359 0.118118
0.567497 0.0961575
0.0364925 0.891817
0.208478 0.826748
0.885673 0.0721944
0.428202 0.580815
1.28735 0.00333222
0.0323489 0.425826
0.302558 0.516046
0.568991 0.0918645
0.598936 0.403447
0.647933 0.197161
0.305069 0.449652
0.127987 0.149964
1.24992 0.00994797
0.229078 0.67498
0.176461 0.319776
0.0626236 0.554068
0.71422 0.586137
0.341696 0.198083
0.294108 0.0293628
0.566177 0.266301
1.07778 0.308517
0.936595 0.354493
0.440621 0.430903
1.00852 0.0483486
0.00686831 0.706575
0.0322885 0.154917
0.41463 0.156293
0.0400231 0.621472
0.320227 0.579601
0.0236339 0.682742
1.26187 0.151149
1.11293 0.0256415
0.287081 0.368298
0.364443 0.251961
0.312436 0.809034
0.0670351 0.135007
0.546689 0.00857304
0.894818 0.353195
0.426854 0.559672
0.829586 0.261656
0.466238 0.00907761
1.07772 0.23701
0.32419 0.72196
1.3771 0.0323497
0.750584 0.291569
0.398047 0.618806
0.222036 0.689768
0.747241 0.0116926
0.394987 0.699738
0.344761 0.382767
0.580024 0.0746203
0.00511352 0.0964953
0.0668627 0.595663
0.331422 0.316133
0.467335 0.61819
0.400657 0.360932
0.0021526 0.886886
0.705464 0.383805
0.688522 0.349026
1.08138 0.10971
0.526038 0.481572
0.230188 0.736382
0.271306 0.8878
0.341206 0.62301
0.724005 0.571433
0.97618 0.00795897
0.264756 0.0935964
0.891101 0.114265
0.721208 0.498351
1.02153 0.241726
0.260525 0.374985
0.955141 0.380276
0.425576 0.735523
0.753422 0.160762
0.127296 0.246217
0.431711 0.0832669
0.516717 0.276343
0.688499 0.156282
0.972402 0.156223
0.312426 0.558955
0.205343 0.163057
0.243901 0.891285
0.377163 0.384316
0.221096 0.251609
0.654854 0.547737
0.339409 0.723225
1.10308 0.0209454
0.716769 0.0817345
1.44155 0.0479816
1.00343 0.266048
0.201689 0.750772
0.103476 0.0811671
0.290585 0.230544
0.247399 0.415558
0.526156 0.733338
0.33155 0.790017
0.999775 0.109111
0.0686365 0.918341
1.22097 0.12429
0.353941 0.464789
0.000923852 0.90886
0.229186 0.533062
0.726928 0.189509
0.806235 0.353584
0.242663 0.133153
0.202263 0.693007
0.297685 0.787124
0.519513 0.379351
1.0566 0.221014
0.645669 0.559494
0.333865 0.727209
0.0709785 0.392351
0.20014 0.273928
0.813965 0.139488
0.495107 0.648727
0.087823 0.835205
0.415485 0.373001
0.18657 0.854548
0.837076 0.444682
0.210169 0.693017
1.63384 0.0248686
0.511836 0.388019
0.0788702 0.889721
0.608842 0.437493
0.287496 0.353516
0.657093 0.49981
0.206755 0.891607
0.757981 0.253167
0.0572334 0.47603
0.418613 0.637593
0.146904 0.413533
0.0576281 0.100344
0.682322 0.278446
2.10359 0.00798011
0.661628 0.574596
0.284215 0.729517
0.553431 0.214953
0.129086 0.549223
0.276917 0.209338
0.488966 0.378089
0.168387 0.71364
0.29103 0.529557
0.344017 0.0210835
0.814485 0.342237
1.25368 0.0354828
0.353669 0.0505891
0.744077 0.477245
0.498257 0.106707
0.315785 0.56716
0.439745 0.269696
0.217613 0.348338
0.654253 0.45871
0.150014 0.247766
0.684839 0.223859
0.671298 0.252346
0.215335 0.83482
0.0799353 0.317152
1.79391 0.0107392
1.36132 0.00846868
0.10899 0.800474
0.62587 0.145157
0.334829 0.568943
0.196096 0.142206
0.887743 0.398518
0.00779357 0.298694
0.696225 0.484394
0.764934 0.0794991
0.395557 0.714563
0.0966482 0.119594
0.460845 0.276292
0.22255 0.0122294
1.0151 0.102375
0.699578 0.0674315
1.24161 0.185166
1.20335 0.0446891
1.16019 0.249762
0.255407 0.155687
0.15924 0.816655
1.76512 0.00125782
0.233173 0.896038
0.68194 0.00676295
0.431841 0.0512168
0.520084 0.204495
1.20229 0.14869
0.80312 0.233197
0.00633502 0.794331
1.16212 0.212809
0.0727594 0.563875
0.355959 0.335684
0.00197743 0.161019
0.292533 0.433319
0.0353801 0.240253
1.25032 0.177188
0.20956 0.255205
0.725421 0.0221609
0.528325 0.354747
1.31858 0.0109114
0.71558 0.0599016
0.997411 0.271941
0.386024 0.536432
0.272967 0.407591
1.17661 0.0230164
0.186566 0.557722
0.359744 0.303839
0.627808 0.0660107
0.713977 0.25542
0.900107 0.438262
0.323727 0.521366
0.491377 0.667672
0.162563 0.51935
0.77107 0.289369
1.22577 0.0173722
1.04896 0.301487
1.43271 0.0105854
0.373749 0.569313
0.379865 0.403471
0.0161411 0.601599
0.337216 0.558363
0.0720161 0.979453
0.157863 0.623145
0.747707 0.105877
0.376987 0.815214
0.963462 0.0843719
1.59399 0.0124802
0.32181 0.273638
0.389923 0.552822
0.251554 0.340849
0.828082 0.0291947
0.177348 0.412984
0.129657 0.787263
0.475286 0.594684
0.0991667 0.209382
0.824652 0.495046
0.917751 0.393943
0.552063 0.223665
0.450319 0.746396
0.00658274 0.206513
0.267349 0.479326
0.0807646 0.595243
0.659285 0.419139
0.551169 0.659527
0.886671 0.438425
0.974994 0.0211931
0.531748 0.0702509
0.0989497 0.830867
0.223996 0.477308
0.716689 0.267197
0.114708 0.583101
1.67492 0.00241037
0.163488 0.363496
0.160143 0.477534
0.0157808 0.888727
0.193513 0.479358
0.164754 0.770648
0.376947 0.672351
0.246328 0.00125721
0.953489 0.000616314
1.27939 0.155936
0.317403 0.666369
1.61259 0.0705368
0.0381088 0.802712
1.23726 0.162112
1.03808 0.301619
0.39117 0.844377
0.14654 0.386059
1.15097 0.174608
0.205313 0.139639
1.02467 0.232319
0.717402 0.243385
0.222206 0.780215
0.251556 0.68972
0.33658 0.623344
1.25698 0.0395525
0.270834 0.185082
0.0851222 0.793202
0.185375 0.527653
0.147649 0.194191
0.48909 0.215213
0.272822 0.244964
0.0587303 0.300446
0.642702 0.313588
0.210177 0.0937902
0.919771 0.131244
0.755178 0.402029
0.917522 0.238696
0.147205 0.737075
1.09603 0.175256
0.0836663 0.753552
0.248443 0.682129
0.791016 0.446054
0.189356 0.759351
0.561436 0.4511
0.630106 0.313896
0.490716 0.17405
0.984018 0.0306254
1.52515 0.0650395
1.16131 0.0863347
1.37467 0.138133
0.385739 0.829059
0.702411 0.608781
0.162858 0.358782
0.659288 0.425883
0.373324 0.235652
0.366804 0.254484
1.75629 0.0242916
0.462252 0.40988
0.223773 0.621065
0.174747 0.286219
1.06506 0.0341488
0.131491 0.1578
0.70227 0.609239
1.06587 0.0735002
1.56277 0.0821781
0.467092 0.111881
1.17119 0.200799
0.6732 0.598195
0.525753 0.446542
0.324928 0.164887
0.312618 0.0967668
0.942349 0.197382
0.572775 0.0826362
1.29866 0.0690197
0.14779 0.8893
0.253311 0.657366
1.1722 0.0684469
1.33958 0.00799569
0.0434328 0.404403
0.207064 0.0563925
0.847287 0.126047
0.437611 0.161218
0.257275 0.624338
0.0748331 0.54845
0.504304 0.250811
0.352409 0.00222359
0.15141 0.840808
0.481813 0.344086
0.751896 0.172645
1.28664 0.0438439
0.0825664 0.974934
0.507927 0.367778
0.999001 0.161534
0.0863582 0.876525
0.0805841 0.73195
0.408067 0.504614
0.100308 0.362317
0.333521 0.0812776
0.153067 0.762912
0.281133 0.792905
2.22956 0.00369629
0.714608 0.521135
0.0631874 0.108082
1.40743 0.0726647
0.34637 0.80765
0.634861 0.095178
0.391398 0.35019
0.321964 0.81601
1.04454 0.227061
0.754071 0.392188
0.373371 0.71893
0.177788 0.931183
1.03215 0.335194
0.25073 0.461325
0.149419 0.379914
0.264888 0.0518483
0.457734 0.715902
0.39876 0.293584
0.305417 0.60786
0.398189 0.599531
0.466079 0.770089
0.55744 0.324874
0.337615 0.099183
0.0947189 0.0178198
0.647485 0.105066
1.34853 0.110036
0.465509 0.368347
0.424089 0.356944
1.05194 0.230581
0.843218 0.461543
1.07126 0.108485
0.30131 0.0365229
0.0437258 0.0998714
0.535996 0.552773
0.523538 0.333533
0.986847 0.306403
1.4186 0.113471
0.186125 0.340058
0.669096 0.202383
0.0957961 0.0604668
0.515429 0.0620097
0.360761 0.4673
0.507906 0.0791234
0.219105 0.635846
0.273838 0.535006
0.069082 0.511673
1.34871 0.0991501
0.0808457 0.825162
0.401115 0.403852
0.905094 0.267302
0.072108 0.740734
0.0913469 0.129428
0.847303 0.016278
0.504644 0.498285
0.75697 0.0203813
0.608784 0.367134
1.41056 0.105737
0.661955 0.124104
1.01959 0.330134
0.439251 0.13625
0.802572 0.253563
0.82156 0.0882787
1.01962 0.08233
0.981741 0.2666
0.229376 0.889479
1.34265 0.0512101
1.05068 0.196035
0.0446896 0.246216
0.984694 0.354468
0.497538 0.335087
0.70409 0.411714
0.677684 0.0568581
0.342203 0.481613
0.446624 0.0947876
0.327101 0.820287
0.393199 0.790924
0.283525 0.451459
0.23938 0.319897
0.620893 0.52468
0.784159 0.428043
0.0141601 0.547015
0.771818 0.323255
0.322971 0.359784
0.160713 0.318298
0.339092 0.547503
0.0596299 0.459513
2.00108 0.0129633
0.746857 0.192042
0.320635 0.751878
0.673607 0.61547
0.361077 0.272181
0.449875 0.685175
0.0635077 0.0587572
0.356644 0.40183
0.131127 0.0775673
0.912912 0.0814416
0.645544 0.605683
0.536076 0.618198
0.735467 0.0195871
0.389529 0.787428
1.26591 0.00502245
0.270715 0.179092
0.313136 0.0421432
0.163732 0.0992222
0.507996 0.619058
0.800662 0.0501762
0.317833 0.0429388
0.73863 0.0494439
0.334499 0.522272
0.0476635 0.969022
1.32318 0.1397
0.668556 0.355587
0.297675 0.577451
0.794216 0.0485586
0.204959 0.941801
0.197845 0.175564
0.491632 0.450487
0.105817 0.546783
1.38964 0.0206964
0.485948 0.205699
0.360893 0.513113
0.203769 0.91427
0.587612 0.42639
0.202698 0.746321
0.659485 0.256248
0.472398 0.522463
0.245777 0.425932
1.26524 0.0296093
1.00716 0.34495
0.00899088 0.537714
0.20536 0.760313
0.0372616 0.526524
0.587701 0.172029
0.517173 0.665193
1.03464 0.0436154
0.292661 0.789813
1.09795 0.0779682
0.657346 0.491974
0.567645 0.290513
0.428068 0.432099
0.513861 0.63412
0.351889 0.489583
0.0227095 0.444206
1.27024 0.0878351
0.300732 0.254382
0.391647 0.288277
0.0149675 0.137364
0.915947 0.402615
1.06387 0.288762
0.0138099 0.60649
1.92279 0.00104169
0.374882 0.678101
0.220192 0.551088
0.545213 0.570695
0.398666 0.382994
0.225456 0.259927
0.173901 0.954776
0.587179 0.493549
0.713014 0.528549
0.464963 0.0240662
0.409182 0.152464
1.71187 0.0285841
0.986083 0.118217
1.35389 0.133047
0.250659 0.783585
0.642399 0.31311
1.46889 0.0463421
0.633827 0.334425
0.584633 0.171482
0.103768 0.813858
0.678286 0.0671061
0.89729 0.227857
0.347499 0.000522443
0.812035 0.265848
0.636892 0.597793
0.100572 0.372424
0.621082 0.233048
0.675348 0.203328
0.458664 0.166258
0.495126 0.707972
0.232254 0.0620732
0.613655 0.0354423
1.07395 0.219743
0.969381 0.281845
0.417576 0.689024
0.462241 0.101891
0.195652 0.425497
1.09703 0.0825982
0.507651 0.732547
0.683615 0.479427
0.197188 0.247535
1.05138 0.10805
0.047234 0.635965
0.489353 0.136107
1.11291 0.0491733
0.129586 0.942171
0.145981 0.681899
0.202263 0.334906
0.685738 0.1658
0.191123 0.159304
0.565534 0.142537
0.22832 0.584432
0.858753 0.108633
0.921351 0.238118
0.908814 0.371033
0.539322 0.390915
0.250017 0.546156
0.166879 0.513222
0.437762 0.455836
0.912288 0.367684
0.697472 0.140534
0.121867 0.374991
0.20082 0.382889
0.085849 0.224854
0.152229 0.976515
0.540247 0.262218
0.516709 0.122052
0.493152 0.502602
0.834554 0.257334
0.157756 0.897932
0.931612 0.310224
0.360339 0.846401
0.2121 0.662561
0.476796 0.733551
0.750024 0.431088
0.531343 0.704257
0.0293202 0.22361
0.349017 0.401273
0.303352 0.133375
0.0413256 0.435209
0.757345 0.368081
0.400663 0.242261
0.263343 0.760714
0.0863643 0.917072
0.28742 0.173207
0.113507 0.925858
0.549207 0.204519
0.933122 0.282295
1.18025 0.240683
0.517286 0.641597
0.00314399 0.268289
1.25701 0.129139
1.50447 0.0837769
0.0542265 0.167278
0.555299 0.339623
1.53422 0.0949078
0.402041 0.846241
0.030418 0.628191
0.65126 0.453184
1.15002 0.0704025
0.922558 0.289197
1.00398 0.358766
0.735234 0.12019
0.693263 0.441428
0.970236 0.136396
1.09247 0.180123
0.183063 0.384256
0.274821 0.408132
0.53971 0.163059
0.930198 0.166518
0.611662 0.172635
0.952594 0.0452796
0.17469 0.132522
0.703452 0.053175
0.799534 0.250687
0.680508 0.278961
0.56527 0.0471742
0.494572 0.504214
0.231857 0.833873
1.01597 0.156876
0.543575 0.0674892
0.257992 0.125528
0.0357763 0.334473
1.41692 0.118948
0.378779 0.461079
1.45208 0.0474988
0.00965563 0.18331
0.521527 0.524268
0.471508 0.110091
0.0493892 0.383131
0.0837118 0.777884
1.47505 0.0152197
1.08056 0.258488
0.3273 0.397625
0.0395917 0.801044
0.133948 0.914952
0.110849 0.339388
0.0743387 0.132576
0.965527 0.0319453
0.0318397 0.128435
0.00328677 0.581605
1.26429 0.100912
1.10142 0.276094
0.342484 0.681264
0.597562 0.439811
0.0481869 0.116112
0.488305 0.492429
0.0910763 0.962317
0.525277 0.202239
0.395325 0.841784
0.244863 0.248474
0.0948883 0.0983097
0.498406 0.303456
0.812435 0.0167703
0.39616 0.696865
1.73107 0.0166367
0.200272 0.130951
1.14074 0.145255
0.220044 0.195055
1.46256 0.11402
0.027808 0.0111076
0.294279 0.194073
0.000502228 0.306862
0.0597121 0.482106
1.31229 8.03829e-05
0.439055 0.395302
0.369866 0.0048907
0.353345 0.309342
0.262353 0.925016
0.916023 0.250302
0.322246 0.194097
0.412914 0.0987217
1.1442 0.0397864
0.110194 0.120669
1.58326 0.0416778
0.41584 0.230974
1.49939 0.0144709
0.254683 0.274667
0.693753 0.494122
0.868781 0.35731
1.38328 0.127919
0.0602009 0.455307
0.183562 0.447069
0.212405 0.506655
0.0905406 0.500408
0.644366 0.0241837
0.357693 0.254512
0.04697 0.434504
0.972181 0.115278
0.443466 0.486784
0.217354 0.237336
0.581704 0.334333
0.418529 0.189566
1.40416 0.100061
0.724874 0.565228
1.19606 0.198241
0.061901 0.728679
0.0602607 0.81409
0.494757 0.15841
1.41675 0.0565368
0.553731 0.509358
0.0507742 0.870172
0.97965 0.141002
1.48522 0.0479073
0.593284 0.294515
0.430684 0.786213
1.25711 0.0917848
1.24669 0.101687
0.741792 0.141721
0.583788 0.2299
0.170796 0.0440851
0.206983 0.252605
0.0686784 0.838064
0.481053 0.276289
0.140629 0.581415
0.629098 0.365368
1.14095 0.231806
1.46498 0.0789736
0.189308 0.681626
0.37142 0.130839
0.21736 0.942828
1.20612 0.159106
1.17955 0.155253
0.15147 0.612764
0.121571 0.0396644
0.49961 0.561121
0.610808 0.0612336
1.13404 0.114078
1.28244 0.0297458
0.695377 0.487009
0.93816 0.153904
0.237988 0.941204
0.319787 0.852569
0.250493 0.830331
0.637828 0.420488
0.141323 0.486525
0.609046 0.317897
0.657375 0.62849
0.522672 0.366727
0.576348 0.601284
0.197572 0.00659137
0.3346 0.613399
1.35816 0.0956266
0.291809 0.045038
0.717411 0.120767
0.950716 0.106038
0.254809 0.678695
0.215837 0.699951
0.14944 0.897292
0.0993809 0.0487414
0.211004 0.61728
0.324915 0.00398931
0.239296 0.77763
0.695757 0.302792
0.663202 0.614615
2.34993 0.00317807
0.783004 0.305313
0.0566625 0.128892
0.478658 0.334409
0.430242 0.58115
0.62854 0.0281286
0.621182 0.176175
1.25358 0.0436286
0.55349 0.2858
0.869132 0.032837
0.363891 0.156077
0.265123 0.591266
0.883291 0.297186
0.529919 0.727095
0.119341 0.140915
0.954957 0.0625448
0.00945436 0.783865
0.967111 0.122035
1.56749 0.00764006
0.419625 0.625691
1.14778 0.0633352
1.16988 0.0894529
0.518328 0.0312695
0.211082 0.190544
0.495114 0.349539
0.441241 0.639271
1.06282 0.162368
1.53856 0.0222512
0.0614048 0.20375
0.251334 0.658322
0.707516 0.101472
1.07727 0.140051
0.0595981 0.384574
0.784193 0.300826
0.076822 0.281311
0.0329486 0.723734
1.02936 0.0115097
0.372033 0.266706
0.23831 0.327726
0.381086 0.86441
0.932488 0.184015
0.439932 0.0952848
0.460483 0.526645
0.557969 0.158507
0.557806 0.57491
0.419524 0.23043
0.230018 0.670302
0.206829 0.516717
0.756188 0.15627
0.708248 0.397135
0.866104 0.163709
1.32924 0.101926
0.338348 0.350263
0.217311 0.514962
0.377236 0.481518
0.311747 0.219491
1.22985 0.159062
1.03256 0.0299815
0.498302 0.427305
0.316287 0.169045
0.282765 0.639798
0.31212 0.0318471
0.485672 0.50566
0.192352 0.733353
0.121731 0.479966
0.747041 0.571756
1.1306 0.169365
0.44462 0.718343
0.884499 0.210665
0.142598 0.792012
0.222487 0.615025
0.681588 0.40386
0.247504 0.906531
0.722671 0.320308
1.10176 0.0896708
1.21954 0.164697
0.838682 0.414221
0.871505 0.049817
0.75115 0.0839169
0.459895 0.443846
0.785837 0.253827
0.317733 0.700622
0.633053 0.0590315
1.06482 0.00979468
0.317668 0.03822
0.994017 0.220429
0.251344 0.918573
0.100276 0.938118
0.0808436 0.920097
0.740441 0.37256
0.924254 0.331861
0.312901 0.332921
1.6805 0.0191599
1.63418 0.013167
1.16126 0.241485
1.511 0.0903151
0.517325 0.339741
0.0658741 0.12308
0.035835 0.354467
1.19735 0.154994
0.507895 0.416042
0.027134 0.348245
0.486303 0.528173
0.266394 0.407937
0.141329 0.581729
0.569403 0.0787398
0.525901 0.623585
0.50586 0.027843
0.130188 0.683591
0.854191 0.283592
0.224175 0.00158508
1.09476 0.111693
0.551883 0.137873
1.31422 0.132837
0.361529 0.56305
0.080768 0.343711
0.474807 0.274193
0.0495296 0.156433
0.16441 0.921116
0.0855815 0.657171
0.121394 0.543225
1.04872 0.214632
0.64377 0.254611
0.424333 0.322017
1.34622 0.0198888
0.1074 0.338782
0.125201 0.318696
1.28994 0.0461652
0.148621 0.612081
0.0100807 0.419748
0.0342767 0.598529
0.482831 0.0936982
0.771527 0.543378
1.05027 0.148664
0.0979099 0.126719
0.800155 0.323859
0.202747 0.370858
1.51266 0.0896951
0.676069 0.225705
0.792954 0.269765
0.115398 0.650771
0.722549 0.304561
0.404684 0.674487
1.69626 0.0421745
0.8914 0.254609
0.006206 0.0684713
0.774685 0.303233
0.661897 0.000952164
0.669087 0.219655
0.15565 0.618505
0.0669317 0.199635
0.856387 0.209607
0.241268 0.216707
0.641652 0.250362
0.565456 0.0604453
0.508401 0.522031
0.319123 0.265902
0.85767 0.339659
0.24067 0.632968
0.756371 0.0221182
0.537357 0.441622
0.232558 0.943298
0.0608641 0.329315
1.06406 0.205979
0.401476 0.547242
0.625753 0.285398
0.405472 0.479701
0.38141 0.516374
0.330082 0.513153
0.658837 0.549966
0.25411 0.710495
0.579908 0.14381
0.961298 0.130624
1.12192 0.218741
0.931075 0.195955
0.00192778 0.713324
0.0402655 0.258594
0.103237 0.313008
0.668615 0.511937
0.0441818 0.0430831
0.75025 0.279946
0.809431 0.334301
0.744856 0.313258
0.237543 0.505248
1.11925 0.0115476
0.72698 0.39664
0.253698 0.368985
1.01925 0.313242
0.271678 0.586457
0.22477 0.713641
0.982934 0.0722057
0.00692119 0.767907
1.0094 0.113902
0.282261 0.310101
0.771083 0.238204
1.52794 0.0523519
1.9494 0.00831128
0.119014 0.966297
0.0866303 0.725028
0.579739 0.423966
0.172108 0.902004
0.14194 0.201942
0.477238 0.405788
1.03081 0.0882672
1.0152 0.239777
0.426123 0.324453
0.863822 0.0769535
0.191846 0.843786
0.750468 0.255119
0.811444 0.0505952
0.267068 0.712248
0.0218821 0.335314
1.32847 0.0517102
0.567801 0.488263
0.266736 0.359704
0.152787 0.737314
0.502092 0.667299
0.301103 0.0929419
0.582482 0.453524
1.06437 0.268606
0.0995177 0.546342
0.0778619 0.512397
0.233847 0.940007
0.00706831 0.044701
0.940819 0.337968
0.609935 0.557501
0.233648 0.608389
1.37677 0.138449
0.271769 0.478508
0.665756 0.395535
0.225481 0.0333506
1.04331 0.059814
1.31749 0.115746
0.817323 0.427441
0.908807 0.0916457
0.679287 0.43976
0.0359777 0.0078925
0.514684 0.45506
0.0123375 0.0106253
0.427547 0.39861
0.226666 0.111658
0.457434 0.602185
0.620099 0.139805
0.0850339 0.176077
1.66026 0.0537829
1.1449 0.189453
1.06748 0.102418
0.75262 0.0570541
0.648959 0.537802
0.019752 0.531582
0.487091 0.309097
0.925909 0.244841
0.0643783 0.248258
1.06785 0.138695
0.0402901 0.345865
0.676936 0.291112
0.248601 0.309639
0.0942114 0.686776
0.00858325 0.682743
0.833129 0.478413
0.325813 0.193874
0.0778411 0.445666
1.09122 0.145085
0.30927 0.582566
0.905152 0.360977
0.0211552 0.0104483
0.516277 0.410266
0.126282 0.479832
0.561623 0.200931
0.0495369 0.958001
0.0415221 0.981158
0.00234295 0.765683
0.326543 0.746183
0.508535 0.135948
0.945348 0.0487847
0.131432 0.849446
0.103355 0.864584
0.203737 0.202967
0.231051 0.804607
1.21842 0.161104
1.54325 0.0702442
0.0948308 0.473301
1.10473 0.24822
0.234986 0.634451
0.101561 0.371056
0.722663 0.147828
0.370219 0.834568
1.05529 0.112349
0.26456 0.334238
0.396921 0.837054
0.468249 0.00510916
0.831095 0.383774
0.480351 0.722728
0.0112665 0.196409
0.125003 0.760587
0.016107 0.277273
1.22271 0.20324
0.0123705 0.751535
0.468785 0.374874
0.304445 0.0761631
0.119657 0.348798
1.27009 0.0354494
0.703625 0.291803
1.27149 0.171137
1.17632 0.172646
0.388054 0.453713
0.758177 0.307777
0.26203 0.118824
0.298499 0.039176
0.167907 0.124148
0.604792 0.387348
0.345831 0.632658
0.12058 0.0566223
0.162882 0.226059
1.20113 0.0402121
0.69578 0.501646
0.447296 0.029767
0.157528 0.467595
0.116117 0.663438
0.988686 0.243829
0.478739 0.252903
1.91475 0.0122809
0.997459 0.219979
0.873042 0.33027
0.572379 0.439626
0.554364 0.426279
1.50774 0.0731555
0.339249 0.632346
0.228652 0.594092
0.352534 0.0678748
0.724543 0.15039
1.2975 0.13142
0.571959 0.246777
0.460295 0.433012
0.489009 0.0811446
0.383595 0.481663
0.170449 0.483356
0.679452 0.422398
0.128941 0.215236
0.0937088 0.28094
0.976668 0.19833
0.78462 0.1381
0.606421 0.578701
0.387374 0.474096
0.0263537 0.389503
1.85459 0.0192185
0.725433 0.559882
0.251017 0.5567
0.159322 0.545637
0.678895 0.103751
0.0655644 0.827245
0.461092 0.201306
0.678018 0.216642
0.637918 0.50079
0.136511 0.395015
0.890559 0.172235
0.0921201 0.572548
0.151659 0.631752
1.37418 0.0114404
0.0228316 0.608964
0.246948 0.47155
0.180306 0.335522
0.207488 0.725968
0.394106 0.363424
0.609252 0.458601
0.847222 0.280926
0.152022 0.96813
1.29283 0.17732
0.782429 0.306245
0.28018 0.531614
0.404705 0.831076
1.25335 0.16023
0.851391 0.275415
0.0611635 0.147992
0.296012 0.104882
0.536975 0.322891
0.761743 0.0165623
0.146807 0.229858
0.412408 0.617647
0.820197 0.413715
0.803122 0.496093
0.526323 0.383533
0.752947 0.532984
0.473495 0.474702
1.2212 0.0358929
0.903544 0.422006
0.40333 0.169562
0.771816 0.143308
1.36896 0.0260558
0.0214013 0.605761
0.753583 0.388594
0.715771 0.514184
0.447138 0.147559
1.38143 0.0947291
1.9964 0.0174723
0.253655 0.228193
0.0126493 0.917126
0.546003 0.20435
0.145541 0.856635
0.672928 0.623174
0.133008 0.0746638
0.732344 0.292493
0.302243 0.231671
0.77468 0.213483
0.256142 0.094692
1.20004 0.172956
0.38105 0.0580626
1.00931 0.0295683
0.230039 0.366048
1.63135 0.018727
0.611263 0.627968
0.562131 0.583233
0.0119772 0.164197
0.0248979 0.412444
0.677702 0.351202
0.770258 0.155497
1.63732 0.0225934
0.531458 0.432628
0.136342 0.730446
0.705777 0.488954
0.967462 0.147114
0.594448 0.532459
0.093309 0.856839
0.448195 0.355149
0.487857 0.380499
0.0748859 0.878929
0.711849 0.505457
0.251983 0.0689077
0.64773 0.182296
0.122418 0.174524
0.121109 0.497105
0.00576387 0.00652534
0.218354 0.114554
0.169724 0.962052
0.994036 0.0138836
0.824123 0.278296
0.729499 0.57248
0.0395796 0.0797364
0.437154 0.0570952
0.17255 0.0499668
0.118174 0.953891
0.164149 0.692779
0.250747 0.610921
0.429728 0.823679
0.792882 0.268165
0.40564 0.104256
0.130832 0.307388
0.326732 0.72456
1.40894 0.0945568
0.0963757 0.100313
1.13239 0.0065561
0.882187 0.34086
0.199122 0.639438
0.983207 0.0920406
0.803523 0.420095
0.18817 0.314213
1.80138 0.0076232
1.04887 0.3026
0.343105 0.233718
0.0636625 0.281311
0.595416 0.135689
0.267829 0.34826
0.500055 0.086315
0.147248 0.234028
0.143216 0.829405
0.0682813 0.198576
0.605594 0.651384
0.344344 0.0117514
0.729541 0.0572109
0.426176 0.819374
0.0394052 0.253063
0.542035 0.679126
0.743648 0.137195
0.0986387 0.117583
0.0158708 0.925882
0.368566 0.507599
1.27082 0.194799
0.297724 0.520848
1.02306 0.127648
0.166283 0.472206
0.904068 0.0463719
0.296264 0.732318
0.413025 0.175512
0.228136 0.204458
1.67719 0.0114699
1.08827 0.24431
1.21951 0.143677
0.389499 0.526031
0.780534 0.292955
0.401683 0.517129
0.56943 0.573498
0.883846 0.230449
0.841783 0.226915
0.505155 0.554766
0.181794 0.502026
0.120243 0.211834
0.571125 0.400345
0.313011 0.165391
0.89064 0.221124
1.00809 0.345397
0.512421 0.458929
0.0434876 0.96528
0.320048 0.509703
0.569608 0.670014
0.454388 0.122093
0.0317424 0.226199
0.601853 0.687479
0.223836 0.221629
1.11019 0.109916
0.819175 0.124068
0.788101 0.200929
0.484276 0.608727
1.49197 0.102257
0.314903 0.156515
0.477389 0.769001
0.167153 0.887395
0.241558 0.614266
1.11205 0.228651
1.22401 0.157343
0.706182 0.54308
1.01917 0.165741
0.288762 0.147584
0.819408 0.384492
0.842727 0.0451153
0.0482269 0.361808
0.518723 0.403135
0.852709 0.391351
0.53433 0.241431
0.400881 0.760633
0.300635 0.0643659
0.609905 0.66793
0.530432 0.648925
0.209624 0.153068
0.760026 0.0913219
1.42014 0.118905
0.0101454 0.910554
0.591419 0.240257
0.884981 0.10276
0.257526 0.650313
0.975361 0.0518016
0.697136 0.192258
0.161059 0.803335
0.841725 0.076091
0.711782 0.273368
0.418469 0.799151
1.36098 0.117113
0.523604 0.501934
0.130784 0.543876
0.682226 0.129708
0.463048 0.0610999
0.707094 0.522147
0.752552 0.307236
0.521592 0.710595
0.288843 0.879234
0.647185 0.454779
0.766992 0.473624
0.571342 0.14816
0.811676 0.3234
0.407369 0.0334473
0.187953 0.857743
1.18223 0.125316
0.597399 0.485
0.850831 0.00955287
0.0643153 0.991457
0.570829 0.372248
0.517481 0.134111
1.08803 0.262814
0.872379 0.267791
0.633299 0.493778
0.291701 0.884931
1.44873 0.0890881
1.00652 0.324726
0.447075 0.082417
0.0967014 0.612745
0.252231 0.0857643
0.906863 0.239409
0.726239 0.0393661
1.32205 0.0535176
1.5232 0.0620819
0.332654 0.457867
0.553102 0.155532
0.14815 0.488609
0.346857 0.0585743
0.377333 0.342388
0.351772 0.0204096
0.185606 0.370621
0.467559 0.496373
0.00334629 0.742163
0.305584 0.895596
0.394651 0.303519
0.535463 0.331743
0.728838 0.135174
0.371397 0.40642
0.0182675 0.730313
1.27569 0.00386893
0.552245 0.328918
0.234753 0.587657
0.61162 0.312139
0.189067 0.273318
0.12218 0.219845
0.380057 0.229702
0.57085 0.0478665
0.859837 0.355514
0.19311 0.0679156
0.511282 0.138425
0.345451 0.0544741
0.993353 0.155477
0.103377 0.959643
0.699714 0.546886
0.787301 0.396811
0.646024 0.409483
1.27116 0.0265797
0.35503 0.336134
0.180412 0.326363
0.286748 0.465699
0.168026 0.0669493
0.940945 0.379085
1.01262 0.350104
0.606519 0.238349
0.152072 0.0379858
1.06538 0.147771
0.819785 0.313952
0.268225 0.133125
0.735848 0.0704382
0.204515 0.596608
0.694771 0.458149
0.709332 0.275748
0.878312 0.0604896
1.37449 0.107886
0.0164274 0.975235
1.05081 0.201488
0.686579 0.0257696
0.00609634 0.0608261
0.273023 0.329753
0.295345 0.212239
1.61055 0.0607487
0.484853 0.628612
0.662418 0.30144
0.465108 0.553231
0.429776 0.507461
1.26155 0.144594
0.751133 0.297187
0.237323 0.135448
0.262772 0.44329
0.15193 0.847515
0.880901 0.258536
0.561123 0.508607
0.436166 0.228347
0.261225 0.645066
1.22611 0.0886831
0.0388713 0.752883
1.27929 0.122864
1.11218 0.0888345
1.07078 0.110478
0.133075 0.873811
1.11786 0.0683903
0.563608 0.425838
0.562041 0.633783
1.07047 0.268988
0.669991 0.09112
0.746867 0.137689
0.558376 0.450669
1.53373 0.02072
0.916985 0.0239154
0.042287 0.96378
0.0917426 0.916398
0.0692578 0.344666
0.785653 0.407522
0.00609175 0.798933
0.266872 0.479816
0.850905 0.427967
0.619432 0.480254
0.27585 0.306084
0.69175 0.0681
1.10377 0.172271
0.125757 0.494718
0.262326 0.225339
1.14285 0.115751
1.19548 0.0356874
0.809097 0.356245
1.1418 0.0732055
0.413715 0.778178
1.44116 0.103694
0.345495 0.563201
0.2073 0.952328
0.00764563 0.714056
0.802492 0.0748412
0.0796208 0.262085
0.0617896 0.992506
0.21645 0.102782
0.520152 0.664827
0.787599 0.0617098
0.37355 0.614811
0.313585 0.0569898
0.29662 0.907407
0.0248301 0.0191647
0.977418 0.00530696
1.2053 0.0174162
1.143 0.0202021
0.983421 0.127155
0.476564 0.448112
0.32922 0.882587
0.941478 0.190205
0.289301 0.486747
0.542282 0.364232
0.858709 0.334386
1.35688 0.108827
0.649644 0.216329
0.87858 0.0325636
0.225094 0.216865
0.867718 0.373388
0.986515 0.208263
0.955333 0.266598
0.325104 0.127668
1.20665 0.124786
0.726295 0.32784
0.177617 0.265759
0.178829 0.470508
0.589988 0.402278
0.26 0.158751
0.187761 0.0456986
0.738952 0.525776
1.18596 0.104271
0.795951 0.381875
0.0429612 0.163388
0.116556 0.841419
0.208564 0.610313
0.0283283 0.712111
1.07488 0.128146
0.39115 0.199285
0.195638 0.700938
0.683001 0.440706
0.186328 0.32265
0.124866 0.366573
1.45943 0.107299
0.467982 0.61096
0.360644 0.658919
0.0311207 0.840056
0.118642 0.142047
1.08565 0.184481
0.30929 0.331628
0.815861 0.376247
0.486682 0.496572
0.734742 0.00990141
0.135904 0.169536
0.381971 0.640788
0.214499 0.652278
0.428146 0.376322
0.304577 0.637165
0.376251 0.611444
0.557563 0.703456
0.179757 0.308554
1.28204 0.0844802
0.129781 0.630614
0.437732 0.633432
0.537422 0.441687
0.599919 0.2433
0.141549 0.405678
0.144554 0.0520576
0.435887 0.634043
0.30721 0.634055
0.0654942 0.194218
0.819699 0.225451
0.349725 0.715677
0.0880822 0.905674
0.335191 0.682082
0.992285 0.211884
0.19746 0.505262
0.593869 0.281488
0.313436 0.400479
0.658008 0.275401
1.11239 0.144581
0.113074 0.503432
0.417405 0.280339
0.925003 0.273273
0.169951 0.470303
0.209966 0.670231
1.46366 0.0622277
0.037193 0.561606
0.18669 0.826154
0.249558 0.0209897
0.518796 0.631331
0.234068 0.0161763
0.290462 0.0343994
0.117338 0.77961
0.217411 0.0686802
0.849731 0.178222
0.00984496 0.00808517
0.0855046 0.97511
0.337269 0.148917
0.223097 0.216318
0.77829 0.154034
0.874618 0.286988
0.723121 0.588103
0.669202 0.418014
0.569319 0.0344416
0.0197199 0.307069
0.249472 0.856414
0.0832435 0.456783
0.0235076 0.425716
0.302634 0.240953
1.04456 0.320802
1.1648 0.200383
0.19443 0.535869
0.239578 0.767584
0.713286 0.115244
0.16797 0.427892
0.670257 0.377229
0.291627 0.664026
0.971122 0.30759
0.790504 0.506263
0.686469 0.15528
0.519602 0.257358
0.644548 0.202549
0.98694 0.0824393
0.254176 0.206616
0.814266 0.188872
0.294928 0.74828
0.801219 0.250063
1.52555 0.04835
0.732127 0.287046
0.517793 0.189989
0.464868 0.170399
0.536032 0.0224378
0.10698 0.30542
1.33305 0.131815
0.296564 0.513085
0.736312 0.473494
0.891377 0.273517
0.545488 0.634404
0.665899 0.479751
1.00251 0.00960964
0.467991 0.12181
0.570655 0.182385
0.948845 0.124206
0.133775 0.500424
0.513744 0.301895
0.303364 0.524286
0.128228 0.686518
0.654301 0.41989
0.113968 0.365036
0.476914 0.15491
0.719661 0.271417
0.163049 0.354957
0.2006 0.0359011
0.0564319 0.465758
0.84562 0.0757335
0.518947 0.150643
0.849715 0.40303
0.0721407 0.375314
0.298973 0.671866
0.561368 0.521333
0.0479085 0.925636
1.3263 0.0174702
0.713745 0.107192
0.620252 0.566126
0.316103 0.0416041
0.412587 0.756146
0.269248 0.475939
0.663297 0.289894
0.746478 0.267126
0.314236 0.549634
0.573045 0.190889
0.536649 0.530354
0.306966 0.0139921
1.10234 0.169966
1.74847 0.0247298
0.42116 0.737264
0.64552 0.12934
1.35602 0.0384095
0.302878 0.841184
0.495416 0.140723
0.611798 0.580748
1.49498 0.0846709
0.471934 0.348969
0.194024 0.0202732
0.336629 0.507496
1.33531 0.114669
0.574632 0.615003
0.887408 0.151445
0.0525207 0.989144
0.166084 0.450042
1.31433 0.0808901
0.786449 0.307921
0.565722 0.361323
0.405983 0.0529617
0.0947379 0.59859
0.109422 0.869026
0.126547 0.756266
0.574151 0.640392
0.233677 0.76373
0.139615 0.355289
0.28137 0.284392
0.45043 0.601046
0.747967 0.0302628
0.156908 0.862481
1.32213 0.0435773
0.241726 0.528356
0.140371 0.307625
0.291153 0.912213
0.374341 0.461831
0.0717768 0.490939
0.679762 0.101638
0.795195 0.296741
0.78212 0.520595
0.417142 0.038868
1.31812 0.0817427
0.00199799 0.7395
0.931277 0.167262
0.452996 0.356377
0.296442 0.311868
0.855275 0.163662
0.3384 0.57627
1.16619 0.232401
0.291191 0.376733
0.347758 0.598182
0.152308 0.122728
1.06228 0.230467
0.0252851 0.852248
0.677976 0.176353
1.07992 0.154839
0.871292 0.053382
0.693548 0.432387
0.0687795 0.269708
0.127112 0.0982611
0.739638 0.403674
0.0965742 0.0271383
0.679599 0.291312
0.50135 0.71261
0.326244 0.153509
0.95224 0.0503634
0.732176 0.262249
0.257787 0.426624
0.906678 0.416616
0.248181 0.0951038
1.0616 0.2553
0.559379 0.465693
1.09684 0.0950399
0.123504 0.63266
0.863696 0.0730939
0.0114931 0.750852
0.0311675 0.115411
0.834099 0.0945689
1.13911 0.253884
1.07812 0.135851
0.470127 0.489551
0.286359 0.283519
0.218334 0.535385
0.690961 0.543216
0.889594 0.137721
1.07605 0.176068
0.0331843 0.957407
0.70182 0.499192
0.251958 0.346626
0.608395 0.344577
0.455429 0.665773
1.11305 0.0048865
0.498734 0.124835
0.785108 0.150648
0.870144 0.122415
0.60705 0.630029
0.82432 0.458416
0.103833 0.747132
0.585604 0.281673
0.229157 0.731811
0.174873 0.642413
0.612994 0.0443636
0.574619 0.0562317
1.15796 0.126416
0.311593 0.498888
0.571155 0.495311
0.504234 0.422502
1.58546 0.0754911
0.372985 0.0847482
1.34234 0.133932
0.169489 0.0399074
0.234927 0.365487
0.17619 0.285574
0.225079 0.0281572
0.515867 0.747987
0.396193 0.484264
0.151114 0.60537
0.214093 0.546266
0.982461 0.347563
0.794969 0.002628
0.499833 0.431626
0.648456 0.322183
0.157883 0.250028
0.102066 0.809683
1.08011 0.221449
0.661381 0.547211
0.474678 0.566122
0.251846 0.0510736
0.54881 0.349197
0.0847917 0.597235
0.791607 0.259833
0.0649364 0.640028
0.354386 0.652186
1.03921 0.218722
0.286421 0.870752
0.283965 0.164983
0.265634 0.00683264
1.07647 0.120888
0.346235 0.396081
0.471304 0.527926
0.162916 0.327233
1.05511 0.0152923
0.517456 0.345644
0.0565273 0.902857
0.104204 0.308384
0.129724 0.44086
0.634112 0.504546
0.550641 0.233815
0.151779 0.291042
1.21995 0.0022957
0.347045 0.598087
0.646042 0.211897
0.0876304 0.132137
0.75971 0.416468
0.178759 0.494271
0.533183 0.0723337
0.63952 0.564238
0.8768 0.357492
0.0848126 0.152324
0.114905 0.175359
1.30747 0.0432139
0.177121 0.882136
0.155577 0.334632
0.308566 0.288559
1.34453 0.0919349
0.0718379 0.635262
0.549583 0.6084
0.115424 0.154898
1.3574 0.0150647
0.131127 0.818068
0.149672 0.881048
0.473609 0.524627
0.534153 0.109363
0.895324 0.362271
0.0860613 0.267396
0.614437 0.442522
1.33283 0.0879628
0.716363 0.533154
0.130007 0.209389
1.31385 0.0361611
0.415698 0.050408
1.04852 0.182287
1.01179 0.34782
0.146318 0.0380131
0.516666 0.638837
0.530356 0.605631
0.787851 0.508797
0.108344 0.942523
0.80087 0.362068
0.928071 0.0358243
1.21519 0.172668
0.474033 0.507237
0.868079 0.440311
0.328665 0.621527
0.103369 0.49623
0.293229 0.0940948
0.665621 0.356044
1.00775 0.0739682
1.1145 0.0675123
0.049797 0.0354191
0.540407 0.543572
0.11432 0.026347
0.0702218 0.131865
0.104163 0.801113
0.670532 0.311117
0.443458 0.642542
0.359167 0.692427
0.888135 0.29227
0.516117 0.666137
0.286184 0.600321
0.76158 0.00227431
0.705132 0.534996
0.627832 0.473021
0.728208 0.340423
0.351585 0.718375
1.42356 0.129285
0.276018 0.593424
0.984872 0.0350472
0.0839734 0.813335
0.928564 0.350713
2.24412 0.0148949
0.324405 0.33402
0.555143 0.0902281
1.23521 0.197002
0.34278 0.407618
0.116262 0.112919
1.66399 0.0393205
0.0226513 0.556874
0.272802 0.757015
0.675517 0.319069
1.27236 0.1492
1.10867 0.271681
0.974728 0.222187
0.733521 0.172765
0.588392 0.0241882
0.822257 0.271575
0.0643264 0.0339535
2.0883 0.0135092
1.36561 0.031581
0.68234 0.414509
0.382002 0.482421
1.16184 0.111215
0.323134 0.249949
0.170761 0.336489
0.282954 0.682833
0.537488 0.333676
0.474405 0.317046
0.319343 0.111001
1.04474 0.285545
0.320489 0.11456
0.485392 0.0128433
0.20396 0.796542
0.255575 0.529279
1.06389 0.00832782
0.131477 0.614771
0.26849 0.522762
0.903399 0.0427559
0.125098 0.28574
0.230395 0.883322
0.275253 0.74343
0.692127 0.378841
0.0729877 0.421201
0.284675 0.380962
1.02255 0.184956
0.121671 0.109229
0.898507 0.0370525
0.073666 0.403828
0.161442 0.82294
0.164321 0.0674851
0.224387 0.616447
0.566507 0.296081
0.160728 0.770436
0.4294 0.0384147
0.451527 0.631061
0.501515 0.744894
1.33962 0.0937758
0.297428 0.713168
0.193557 0.186857
0.223941 0.235428
0.143205 0.592134
0.0366002 0.55008
0.508679 0.763158
1.37141 0.0724128
1.33469 0.00970153
0.0118615 0.137618
0.368014 0.787073
0.691879 0.422375
1.48006 0.0187159
0.378873 0.778157
1.24429 0.184655
0.793221 0.00308174
1.43267 0.0472169
0.540875 0.61122
0.00129244 0.255021
0.472753 0.231495
0.678758 0.436519
0.386771 0.564861
0.515334 0.200169
0.0826673 0.75535
0.806389 0.0595592
0.143339 0.318175
0.910038 0.292743
1.20257 0.0567204
0.745567 0.0657937
0.282044 0.821301
0.0178494 0.529814
0.256601 0.526277
0.59441 0.159269
0.225556 0.261008
0.304841 0.368296
0.278788 0.466848
0.352363 0.559442
0.200827 0.816847
0.421495 0.704252
0.538804 0.590055
0.116057 0.542558
0.0284214 0.485671
0.954133 0.169237
0.101504 0.126861
0.750996 0.134369
0.256552 0.29886
0.00700062 0.174421
0.747114 0.30775
0.648302 0.0426166
0.721848 0.300766
0.257198 0.473913
0.27708 0.117422
0.769485 0.2004
1.0797 0.230885
1.22753 0.00165374
0.523713 0.633804
0.930134 0.347072
0.242364 0.536539
0.892059 0.280902
1.05724 0.266194
0.423542 0.353714
1.32458 0.0656667
1.40891 0.0700032
1.58276 0.0662498
1.11162 0.0807547
0.540464 0.70681
0.143556 0.656509
1.16436 0.00911667
1.28874 0.144973
0.583048 0.15957
0.516539 0.509436
0.616661 0.249516
0.54967 0.246903
0.0197061 0.263721
0.141466 0.384785
0.474122 0.496843
1.73964 0.0012406
1.57759 0.0758222
0.403165 0.823628
0.442099 0.645216
0.0911959 0.280778
0.469483 0.594797
0.109043 0.922898
0.129769 0.0133971
0.468279 0.312841
0.592584 0.0319395
0.642153 0.01392
0.373561 0.140975
1.18646 0.236374
0.0676056 0.546594
1.04538 0.162902
0.202308 0.924077
0.361013 0.30688
0.0825086 0.120043
0.171701 0.927498
0.38885 0.456878
0.00781178 0.462637
0.18278 0.691829
0.223464 0.384631
0.45393 0.645699
0.316084 0.148174
0.00892317 0.597409
1.00319 0.103079
0.398216 0.545178
0.421907 0.448339
0.116299 0.497029
0.0863033 0.157052
0.596843 0.0423229
0.60813 0.464054
0.34931 0.457373
0.523256 0.425826
0.170994 0.270915
0.704786 0.337339
0.486391 0.33672
0.0108644 0.141941
0.22789 0.861408
0.377999 0.468853
0.687079 0.413649
0.672728 0.212245
0.269573 0.519794
0.548163 0.335984
1.07533 0.296861
0.016846 0.986971
0.102356 0.175486
0.288975 0.343935
0.693095 0.572335
0.29985 0.086455
0.753551 0.538218
0.644944 0.220598
0.46703 0.767793
0.0164882 0.882146
0.236825 0.31537
1.10465 0.145741
0.161388 0.573908
0.533929 0.169599
0.313633 0.24463
0.116426 0.244648
0.241167 0.611128
0.252684 0.363444
0.577871 0.196735
0.804282 0.223365
0.0714669 0.464644
0.748199 0.299807
0.192318 0.87158
0.213627 0.770652
0.798816 0.150178
0.803734 0.0923923
0.265874 0.343061
0.199179 0.628933
0.103683 0.601087
0.233634 0.406762
0.157149 0.00563576
0.984051 0.190272
1.64133 0.0491619
0.31391 0.818002
0.416385 0.195768
1.16371 0.0874828
1.79756 0.0233471
1.18316 0.243846
0.139159 0.243302
0.987908 0.0652133
0.75238 0.237986
0.199261 0.0631854
0.186711 0.712994
0.200899 0.692262
0.0849325 0.409502
0.235616 0.173127
0.521926 0.706238
0.845403 0.099921
0.404668 0.398805
0.215473 0.913909
0.195831 0.194417
0.101875 0.666058
0.858535 0.388485
0.553621 0.562369
0.136164 0.459101
0.0619565 0.0527611
0.0553721 0.115
0.698095 0.0275767
0.687684 0.0643332
0.0585607 0.551691
0.51939 0.464875
0.766211 0.16072
0.191327 0.882259
0.245938 0.109644
0.142147 0.489344
0.0816411 0.709182
1.04388 0.0167942
0.823862 0.443993
0.341747 0.872234
0.170015 0.188172
0.764112 0.141339
0.120587 0.0340261
0.599807 0.517541
0.114346 0.014821
0.44736 0.60828
0.692309 0.0806439
1.16451 0.11675
0.530935 0.587275
0.235835 0.617354
0.694415 0.571014
0.268996 0.800315
0.842747 0.427247
0.653048 0.41918
0.232605 0.89653
1.18004 0.0783924
1.30712 0.0372921
1.2621 0.0805372
1.50723 0.026106
0.351881 0.550837
0.221978 0.47978
0.52508 0.388901
0.739582 0.127852
0.125284 0.853165
0.057263 0.652511
0.504545 0.125826
0.924087 0.380634
0.1823 0.775319
0.369495 0.707665
0.166095 0.162728
1.23149 0.175782
0.645654 0.637438
0.242043 0.0956624
0.186068 0.157284
0.434232 0.653634
0.247672 0.71854
0.558691 0.332728
0.531349 0.577718
0.970317 0.34373
1.23922 0.177679
0.837563 0.195482
1.22387 0.162329
0.149015 0.209239
1.77065 0.00640772
0.87635 0.261638
0.0645792 0.929091
0.240231 0.325394
0.494798 0.407547
0.287239 0.804929
0.108718 0.459861
0.825709 0.0470564
0.897121 0.363532
0.61021 0.531726
0.539746 0.500969
0.825733 0.167227
0.131656 0.494655
0.497081 0.412309
0.215245 0.929483
0.859628 0.264983
0.0042768 0.780777
0.371024 0.55239
0.612427 0.603625
0.23281 0.493115
0.0358502 0.0655837
0.237381 0.579328
0.670279 0.487559
0.603758 0.472826
0.299766 0.792943
0.45461 0.640075
0.983569 0.308906
0.755511 0.453075
0.842602 0.0106201
0.164737 0.0817444
0.502561 0.455616
0.559258 0.0216005
0.0182431 0.0955074
0.612583 0.551907
1.52067 0.0283385
1.71212 0.0500392
0.354513 0.171074
0.613149 0.406121
0.433518 0.269176
0.506605 0.0477927
0.407014 0.508554
0.136039 0.357544
0.917063 0.110221
0.205159 0.100144
0.0361444 0.969728
1.09771 0.194299
0.0254493 0.37222
0.595528 0.460581
0.683803 0.395228
0.646522 0.417175
0.261626 0.663191
0.503165 0.674029
0.594444 0.0778751
0.279645 0.55186
0.0279937 0.981103
0.133676 0.162381
0.325056 0.862808
0.629961 0.106363
0.213759 0.503611
0.250353 0.85366
0.445088 0.235554
0.774313 0.201588
0.2525 0.636867
0.15453 0.102509
0.469506 0.163684
1.17649 0.187607
0.0928521 0.670327
1.02168 0.20889
0.980027 0.0531799
0.00679734 0.366832
0.665086 0.115243
0.00832421 0.11812
0.489487 0.0723796
0.496416 0.426219
0.0323039 0.887792
0.884479 0.0556249
1.13043 0.0197209
0.570827 0.211116
0.594667 0.450488
0.0565727 0.267317
0.0592418 0.129463
0.741155 0.281513
1.22472 0.0586325
0.958041 0.160943
1.15307 0.00184986
0.0991967 0.269657
0.441206 0.426648
0.204023 0.634949
0.0602062 0.984076
0.662482 0.053088
0.255462 0.780673
1.11307 0.00194985
0.290569 0.321916
0.102962 0.701464
0.271156 0.630849
0.531006 0.69279
0.647476 0.519465
0.781311 0.426397
0.265515 0.0720789
0.0631707 0.536393
0.0683568 0.571324
0.45489 0.772834
0.532126 0.62095
0.689595 0.524268
0.315933 0.836764
0.592113 0.141909
2.26463 0.0114746
1.21493 0.0820619
0.187995 0.568043
0.228355 0.61732
0.0156473 0.1099
0.184519 0.391902
0.0289159 0.0300827
0.318336 0.0483091
0.352738 0.717843
0.122053 0.42813
0.161713 0.819313
0.310098 0.250218
0.78082 0.0444151
0.425082 0.520034
0.535224 0.564773
0.738335 0.292123
0.0272799 0.325968
0.273231 0.687342
1.43862 0.0149709
0.661634 0.575409
0.315411 0.288452
1.024 0.0781554
0.909277 0.412814
0.225351 0.216436
0.269168 0.111931
0.389512 0.574312
0.570223 0.313299
1.00437 0.317875
0.350208 0.309679
0.191992 0.822649
0.0612482 0.569393
0.546596 0.454657
0.375975 0.85694
0.396344 0.340217
1.14093 0.099901
0.921555 0.397001
0.500619 0.132073
0.902602 0.0966562
0.982964 0.310161
0.0155127 0.0903886
0.428152 0.216066
0.397573 0.59987
0.2903 0.572727
0.522295 0.584041
0.243535 0.151409
0.220293 0.873761
0.17184 0.40729
0.221218 0.083268
0.647635 0.531629
0.389557 0.0197806
0.0979576 0.88016
0.202467 0.700805
1.00891 0.187893
0.328067 0.763331
0.310319 0.865184
0.490005 0.425757
0.892829 0.390916
0.609923 0.151983
0.20376 0.369509
0.641453 0.180545
0.158206 0.733492
0.20507 0.0553967
0.42719 0.23695
0.245627 0.730006
0.658987 0.326947
0.350468 0.689696
0.0548785 0.182777
1.00851 0.017519
0.134056 0.266954
0.359222 0.540658
1.08393 0.26124
0.537328 0.0809829
0.268151 0.517591
0.382629 0.310469
0.892641 0.233819
0.454448 0.471931
0.508311 0.0259147
0.585084 0.0618584
1.26839 0.175354
0.0637407 0.903952
0.262555 0.244214
0.344319 0.687781
0.787356 0.323088
0.389446 0.788727
0.424661 0.431615
0.26864 0.195864
1.21681 0.108939
1.15341 0.119567
0.137838 0.679569
1.17261 0.0571573
0.864922 0.257954
0.00378331 0.0703166
0.250743 0.19042
0.344773 0.197045
0.688464 0.251598
1.0979 0.137615
0.734084 0.233572
0.654142 0.0361357
0.237086 0.292411
0.239518 0.216813
0.391909 0.0150189
0.516849 0.327414
0.0482693 0.518048
1.28905 0.066984
0.0895209 0.861404
1.40159 0.003992
0.252135 0.105758
0.271749 0.842086
0.325391 0.113103
0.125013 0.717497
0.10803 0.11324
0.263773 0.852745
0.31272 0.897477
0.518216 0.382464
0.872442 0.0812081
2.02864 0.00803216
0.376818 0.0456161
0.272554 0.845184
0.899804 0.176696
0.0498006 0.610695
1.38502 0.0583354
1.14118 0.186131
0.538529 0.653862
0.567012 0.099391
0.189743 0.814686
0.652375 0.484845
0.538639 0.721164
0.0293122 0.746587
0.108581 0.7396
0.297931 0.747737
0.447986 0.562132
0.0134779 0.707311
0.74588 0.295935
0.432352 0.0968545
0.363541 0.431551
0.400812 0.725314
1.33346 0.0617342
0.0226378 0.239884
0.606923 0.425311
0.316115 0.51612
0.129197 0.318634
0.311186 0.141382
0.137466 0.901267
0.734799 0.124678
0.658692 0.38774
0.248925 0.619232
0.0514832 0.937598
0.0789085 0.504827
0.913711 0.3439
0.621715 0.135584
0.000285264 0.052445
0.458464 0.783555
0.408778 0.686631
1.06322 0.204561
1.3585 0.115482
1.58431 0.0307838
1.15816 0.0389835
0.720685 0.0380609
0.203638 0.704911
0.233969 0.666504
0.794554 0.0307602
1.21134 0.199614
0.759607 0.142149
0.708965 0.0417422
0.389099 0.163249
0.482533 0.562809
0.383992 0.760914
0.183027 0.585266
0.847626 0.185331
0.85942 0.431076
0.150692 0.275387
0.911768 0.14832
0.750715 0.112424
0.905935 0.181085
1.46711 0.041818
0.803607 0.0340134
1.06401 0.222608
0.805366 0.0356493
1.1895 0.138567
0.931396 0.174298
1.81016 0.0273534
0.0434076 0.161672
0.138075 0.492186
0.86463 0.419307
1.0602 0.25255
0.554479 0.427451
0.226341 0.212422
0.903166 0.432155
0.0644098 0.439955
0.92651 0.220281
0.747789 0.0295096
0.460497 0.192903
0.385412 0.203415
1.2993 0.0411554
1.06495 0.237634
0.794954 0.323731
0.484313 0.1612
0.348476 0.419916
0.796732 0.326173
0.59103 0.200799
0.0529894 0.768915
0.404267 0.496862
0.0147344 0.621324
0.199487 0.719976
0.800795 0.268335
0.487884 0.362457
1.22277 0.198949
0.281421 0.427663
0.813135 0.494953
0.41408 0.254176
0.775726 0.400873
0.155566 0.36792
0.0905786 0.928263
0.951979 0.185814
0.392924 0.754399
0.383371 0.161593
0.904686 0.371134
0.403739 0.434006
0.702267 0.219697
0.912398 0.281292
0.0803047 0.0223895
0.978346 0.0338902
0.940185 0.157856
0.849493 0.0982322
0.853929 0.317202
0.817212 0.415215
0.76408 0.104941
0.686731 0.300003
0.718974 0.0372916
0.26174 0.601747
0.0299679 0.981535
0.637857 0.0210722
0.336581 0.0194553
0.264797 0.216251
0.697965 0.497212
0.389356 0.0978977
0.00715209 0.942812
1.00497 0.119508
0.625169 0.0641649
0.509288 0.395541
0.630935 0.536557
0.0513424 0.859959
0.193997 0.277751
0.496267 0.14216
0.470041 0.765123
0.304943 0.897737
0.726753 0.110436
0.0950102 0.847473
0.468479 0.619242
0.0916356 0.903717
0.103224 0.917548
0.0594285 0.181408
0.656647 0.00506346
0.499567 0.660677
0.691566 0.0750126
0.640279 0.583826
1.06076 0.0247257
2.11948 0.00447183
0.0990214 0.332355
0.201867 0.0898867
0.562282 0.116131
0.610412 0.0651884
0.158067 0.687575
0.503582 0.578207
1.46975 0.0734509
0.000457606 0.165335
0.358946 0.471654
0.427636 0.0916112
0.521783 0.0998396
0.0270929 0.637094
0.371615 0.424046
0.00297762 0.784203
0.43177 0.191384
0.380578 0.107717
0.863168 0.200058
0.0243018 0.842725
1.06387 0.163865
0.639215 0.240696
0.313204 0.667726
0.991695 0.0104488
0.9386 0.322909
0.878478 0.39933
0.826332 0.133747
0.285866 0.736495
0.295177 0.411147
0.177464 0.417944
0.631891 0.496028
0.208199 0.209839
0.205601 0.334589
0.367008 0.458637
1.05375 0.00905763
1.41279 0.118444
0.155513 0.731574
0.409987 0.604056
0.387151 0.389792
0.143698 0.263445
0.531085 0.34999
0.489083 0.18376
0.784919 0.18679
0.983363 0.052165
1.2017 0.113372
0.0152127 0.691685
0.945588 0.242799
0.0937683 0.731421
0.25132 0.382272
0.480644 0.328106
0.0770905 0.279425
1.59596 0.0038645
0.647767 0.239923
0.162555 0.0552551
0.437329 0.494403
0.849106 0.228631
0.523115 0.280798
0.468066 0.761649
1.42784 0.0955234
0.375692 0.558796
0.0117305 0.544355
1.41986 0.0199228
0.134639 0.433824
0.439814 0.613236
0.302738 0.862746
0.0177908 0.771581
0.551046 0.293023
0.189585 0.729812
1.01012 0.155616
0.360608 0.501839
0.386983 0.791321
1.17396 0.231832
0.506576 0.46973
0.186673 0.634251
0.637569 0.0908726
0.913122 0.10128
0.920961 0.157036
0.914734 0.203078
0.741723 0.144782
0.156582 0.13184
0.398935 0.798606
0.11111 0.0876649
0.407687 0.221839
0.095819 0.630457
0.214696 0.449134
0.034912 0.751297
1.0393 0.281296
0.63266 0.550155
0.725049 0.501715
0.875747 0.417664
0.267941 0.372492
0.278524 0.505542
0.362613 0.35198
0.517311 0.0698983
0.33532 0.61457
0.24722 0.762554
0.516704 0.0607252
0.635871 0.104582
0.617642 0.443771
0.497664 0.517792
0.603563 0.0186163
0.335197 0.25356
0.0689137 0.85068
0.313197 0.313238
0.155301 0.1494
0.288908 0.56706
0.159142 0.67232
0.9669 0.33898
1.33322 0.058284
0.362032 0.623168
0.713346 0.558714
0.702005 0.387772
0.519827 0.741735
0.721002 0.319292
1.28763 0.0294977
0.625696 0.415096
0.0666394 0.75329
1.13692 0.0723434
1.04193 0.198617
0.174337 0.406982
0.982079 0.0178746
0.145935 0.870433
1.45317 0.0944777
1.40338 0.042831
0.259142 0.339059
0.581875 0.161475
0.221264 0.392386
0.352581 0.364713
0.488746 0.349031
0.630811 0.6537
0.825537 0.345221
1.1793 0.0127572
0.989322 0.147855
0.125073 0.171207
0.622972 0.170763
1.1481 0.228238
0.0590798 0.101865
0.659379 0.0915376
0.961994 0.348646
0.591175 0.704429
0.109447 0.838475
0.766246 0.0749006
1.20206 0.033358
0.281015 0.403156
0.395891 0.38764
0.242067 0.695359
0.361462 0.0402529
0.296464 0.702537
0.815925 0.0934821
0.281162 0.33111
0.820053 0.377061
0.805109 0.0376536
0.962229 0.289802
0.370109 0.247924
1.00169 0.354934
0.672807 0.512212
0.900034 0.120106
0.480786 0.328071
1.41134 0.0825145
1.68467 0.054919
0.837713 0.231453
0.029328 0.53681
1.14607 0.204775
0.0719866 0.271643
0.856808 0.432009
1.71018 0.0014435
0.436968 0.175621
0.392405 0.243575
0.19291 0.0213738
0.194923 0.881989
0.264287 0.87442
0.655961 0.02321
0.512965 0.426195
0.163222 0.608788
0.457369 0.618284
1.35651 0.157797
1.03846 0.0526581
0.478178 0.53408
1.48825 0.070728
0.279118 0.543612
0.32538 0.726946
1.13454 0.102781
0.223628 0.935316
1.42083 0.0811619
1.3843 0.123634
0.174877 0.604712
0.652227 0.201776
0.333729 0.434492
0.454902 0.210611
0.31935 0.817421
0.752052 0.0566637
0.96983 0.322601
1.5987 0.0756374
0.16249 0.877884
0.510017 0.440496
0.0960646 0.068027
0.508906 0.244874
0.626935 0.368114
0.140163 0.612883
0.00470044 0.862798
0.0798044 0.712624
0.188223 0.203265
0.122941 0.12635
0.610407 0.280821
0.36633 0.0737118
0.436129 0.282132
1.50075 0.077496
0.631712 0.463163
0.229461 0.392918
0.503368 0.434499
0.0786795 0.931512
0.441693 0.347424
0.731952 0.559402
0.0943671 0.10731
0.511511 0.214477
0.21232 0.952722
0.328801 0.701377
0.425818 0.476966
0.435786 0.103483
0.412331 0.423781
0.817467 0.442809
0.752835 0.23526
0.269025 0.0801164
0.233815 0.0770522
0.0848885 0.848021
0.531839 0.455198
1.0029 0.0288754
0.388435 0.0995185
0.570837 0.182261
0.0856138 0.373272
0.590349 0.141968
0.882045 0.228754
0.39403 0.617734
1.55106 0.0445003
0.970891 0.00332631
1.81376 0.0305956
0.186627 0.89669
0.466848 0.383261
0.0336913 0.123872
0.614325 0.569251
0.719193 0.355979
1.04837 0.315531
0.1396 0.148905
0.791577 0.0438679
0.934471 0.0896985
0.642064 0.367074
0.764325 0.175416
0.729724 0.207344
0.443923 0.676134
0.565226 0.61262
0.0662028 0.73003
0.321302 0.661469
0.143489 0.129039
0.211444 0.0173523
0.344717 0.634031
0.575616 0.0919512
0.098133 0.684265
0.558573 0.578544
0.532215 0.672765
0.487007 0.754538
1.00782 0.0258953
0.359245 0.0588526
1.27326 0.139093
1.22159 0.128086
0.346458 0.206827
0.750197 0.313646
0.240355 0.123629
0.191852 0.226645
1.2507 0.125686
1.74364 0.00223091
0.867565 0.326501
0.142241 0.651265
0.2125 0.346431
1.08639 0.00148124
0.106986 0.699924
0.570802 0.433414
0.473265 0.215927
0.0643404 0.721787
0.839366 0.0858978
0.196603 0.613192
1.16815 0.148653
0.537087 0.69795
0.30771 0.621197
1.75195 0.039462
0.223234 0.114845
0.494156 0.209684
0.147541 0.869144
0.426325 0.802288
0.111106 0.867828
0.0862438 0.7795
0.692035 0.257956
1.13941 0.0439346
0.791705 0.521498
0.165808 0.292388
0.803114 0.112023
0.161749 0.664511
0.832452 0.0610721
0.260617 0.712327
1.06356 0.015972
1.10969 0.0952633
1.16184 0.0447539
0.0586839 0.291669
0.00898992 0.285253
0.355238 0.363201
0.249431 0.746742
0.238306 0.815386
0.610778 0.0769753
0.273891 0.30924
0.617061 0.198962
1.93011 0.0139323
0.780453 0.43469
0.605586 0.185116
1.50702 0.0648269
0.84165 0.405862
0.157552 0.648316
0.922754 0.337884
1.1852 0.151748
0.479735 0.0136559
0.152488 0.072673
0.01379 0.137796
0.0294302 0.669636
0.136184 0.296489
0.89459 0.307992
0.0407953 0.889864
1.18202 0.0312114
0.994937 0.0990648
0.915877 0.255887
0.306502 0.104867
0.516833 0.154354
0.417523 0.554231
0.392079 0.51503
0.366138 0.845826
0.01754 0.883997
0.534334 0.447391
0.108858 0.803063
0.1659 0.258595
0.428415 0.530768
1.07768 0.120804
0.326603 0.245999
0.641673 0.582543
0.046859 0.333569
0.867614 0.450067
1.78908 0.00106348
1.20771 0.156911
0.298758 0.0157266
0.624857 0.277938
0.588883 0.562902
0.545914 0.365405
0.711303 0.497765
0.768252 0.126791
1.33909 0.136591
0.287673 0.223302
1.02689 0.100127
0.147316 0.761459
0.0224491 0.359145
0.240167 0.253144
0.0370318 0.83936
0.725805 0.259087
0.460721 0.638715
1.29443 0.139197
2.02779 0.00346528
0.0714985 0.112664
1.60208 0.0435934
0.216981 0.31673
0.703163 0.356583
0.448974 0.138166
0.404977 0.724151
0.383368 0.0629429
0.338987 0.847154
0.227967 0.0332444
0.427536 0.123954
0.589769 0.188276
1.1834 0.0667061
0.294907 0.530343
0.855538 0.195048
0.588947 0.223636
1.37732 0.0526113
0.0544229 0.38103
0.676304 0.41407
1.89817 0.00471855
0.525911 0.17288
1.01118 0.141156
0.296628 0.489081
1.39158 0.03041
0.500239 0.46901
0.387913 0.526914
0.848674 0.406144
0.344973 0.149206
0.44675 0.346764
0.00621398 0.362864
0.168488 0.857651
0.218589 0.791622
1.52033 0.0183301
0.376956 0.54558
0.134298 0.0389964
0.619581 0.164151
0.316808 0.360217
0.357745 0.45934
1.07476 0.0160241
1.26361 0.202216
0.805793 0.0978555
0.307917 0.559003
0.493009 0.0968624
0.0164437 0.380504
0.0186678 0.282677
0.435081 0.336946
0.724341 0.385386
0.521821 0.65121
0.495188 0.70959
0.798292 0.228838
0.193544 0.712927
0.73506 0.0252865
0.294175 0.463545
0.0660529 0.838353
0.57523 0.351286
0.503412 0.487578
0.005616 0.443823
0.44363 0.66973
0.737159 0.551965
0.596007 0.225261
1.54982 0.023222
0.342666 0.586097
0.452697 0.407954
1.65024 0.0489641
0.686689 0.422245
0.162419 0.0506916
0.396229 0.277432
0.356846 0.732842
0.599431 0.614381
0.441456 0.135174
0.746011 0.351749
0.587942 0.0474276
1.05676 0.0627425
1.38869 0.141133
1.48206 0.0614563
0.5264 0.169347
0.685172 0.140317
0.530932 0.636081
0.719723 0.0670597
0.468434 0.380721
0.18184 0.838705
0.689786 0.501997
1.23002 0.176853
0.270508 0.842981
0.884114 0.154008
0.129119 0.35321
0.234639 0.0405022
0.462213 0.732099
0.0129752 0.768881
0.52935 0.00659458
0.282412 0.870999
1.21859 0.0846865
1.73301 0.0161596
0.633912 0.350971
0.216615 0.386022
0.880815 0.301701
0.265774 0.39724
0.158809 0.578042
0.778284 0.305849
0.397907 0.57114
0.845293 0.396891
0.407499 0.251806
1.45046 0.00457321
0.335525 0.740921
0.0958994 0.508717
0.195209 0.28374
0.713917 0.486463
0.43456 0.0580757
0.114028 0.915973
2.08215 0.00534931
0.981557 0.311141
1.72692 0.011126
1.08402 0.191026
0.3391 0.0582527
1.59032 0.0276761
0.192942 0.907805
0.107119 0.493273
0.27326 0.3521
0.388463 0.749041
0.220248 0.828986
1.29634 0.18364
0.282641 0.339923
0.28921 0.0729464
0.853432 0.176146
0.0981297 0.543273
0.0177196 0.817699
0.647657 0.129324
0.382046 0.555102
0.576124 0.273533
0.128025 0.525883
0.290339 0.793691
0.300632 0.0464911
0.73711 0.512917
0.923557 0.26625
0.188885 0.724945
0.630105 0.405469
0.180372 0.807456
0.750014 0.10472
0.808601 0.0643711
1.77001 0.0179032
0.279827 0.0228943
0.612593 0.547971
1.92802 0.0120699
0.787993 0.461772
0.747882 0.0406095
0.142884 0.0693348
0.398976 0.670588
0.304639 0.183635
0.907011 0.407659
0.0298396 0.384298
0.0558843 0.0954207
0.138595 0.699938
0.844379 0.411817
0.363848 0.673041
0.378313 0.494102
1.06785 0.00405879
0.197321 0.899054
0.788044 0.149296
0.57331 0.112213
0.751164 0.33711
0.256422 0.212172
1.16934 0.154875
0.108154 0.918267
0.0685812 0.491612
0.104997 0.84239
0.578156 0.160631
0.122764 0.177206
0.0385742 0.54817
0.198563 0.347812
1.16185 0.00335375
0.714627 0.481048
0.149063 0.816483
0.26855 0.243511
0.367558 0.488655
0.164287 0.685773
0.0320448 0.589394
0.131425 0.150143
0.663741 0.22177
0.652786 0.23961
0.216702 0.0519805
0.439263 0.0591604
0.0118555 0.834268
0.126086 0.141624
0.147478 0.698125
0.966845 0.355673
0.19447 0.573942
0.378928 0.423526
1.71381 0.020794
0.372654 0.766963
0.151263 0.9111
0.555092 0.0947567
0.132241 0.41512
0.513139 0.279977
0.730136 0.393685
0.105615 0.179567
0.139803 0.114168
0.204001 0.872208
0.55562 0.699893
0.251978 0.735389
1.76922 0.00630077
0.759773 0.0330269
0.227379 0.396451
0.157262 0.946257
0.459526 0.132029
0.135956 0.294901
0.00953356 0.307367
0.0962006 0.241648
0.288205 0.592998
0.382338 0.562381
0.0348787 0.791281
0.19391 0.95654
0.862411 0.080976
0.163727 0.426049
0.92578 0.221207
1.10295 0.218136
0.189131 0.437158
1.14448 0.26171
0.184465 0.919231
0.121827 0.0635954
0.976711 0.262413
0.218422 0.245228
0.846857 0.181135
1.53537 0.0409366
0.286677 0.193716
0.161974 0.646077
0.0514047 0.614708
0.208004 0.620823
0.210363 0.52654
0.836338 0.454154
0.676245 0.499118
0.304173 0.103296
1.09288 0.212406
0.780843 0.0776582
0.0354626 0.387965
0.826661 0.109256
0.315959 0.810811
0.383965 0.788296
0.388806 0.5323
0.813339 0.459923
0.101175 0.573909
0.10284 0.959471
0.0383991 0.78617
0.327641 0.187717
1.29255 0.132403
0.167201 0.666359
1.3774 0.0610753
1.17225 0.18339
0.269641 0.675631
0.678177 0.165547
1.42898 0.125962
0.150784 0.606387
0.241963 0.813102
1.08636 0.200667
0.588921 0.111661
0.154499 0.78274
1.30599 0.0100625
0.654543 0.398386
0.01074 0.335529
1.22614 0.106943
0.47889 0.0394922
1.39814 0.0618002
0.302617 0.883139
0.390287 0.203163
0.728504 0.175024
0.162262 0.0555028
0.0960603 0.628783
1.07152 0.255533
1.50362 0.0976277
0.0133518 0.646645
0.418232 0.810544
0.689732 0.473397
0.116598 0.0597174
0.0830923 0.988168
0.200631 0.0792177
0.499828 0.757444
0.397902 0.539479
1.26049 0.157612
0.0681161 0.56615
0.98453 0.138834
0.301174 0.173507
0.00166485 0.185676
0.524754 0.0376699
0.391151 0.621494
1.31659 0.097764
0.184233 0.188139
0.144848 0.171051
0.601553 0.286523
0.123435 0.406071
0.0744643 0.678142
0.427263 0.470664
0.296852 0.680316
0.600678 0.496051
0.604856 0.2407
0.19375 0.204927
0.395959 0.0542692
0.62585 0.423945
1.46309 0.0314791
0.323227 0.241665
0.344461 0.116557
0.0406333 0.52654
0.89747 0.213668
0.250133 0.804535
0.128044 0.904707
0.0508064 0.942151
0.0865823 0.198563
0.424703 0.274576
0.688624 0.343412
0.00102282 0.971146
1.17544 0.153548
0.197332 0.540477
1.5302 0.0325461
0.0409524 0.0789634
0.589707 0.563741
0.667217 0.617568
1.36244 0.14054
0.703265 0.146689
0.288883 0.574654
1.59847 0.0583967
0.953534 0.185822
0.547274 0.213872
0.217288 0.641615
0.2824 0.0564936
0.188022 0.818389
0.672919 0.433036
0.754111 0.0899875
0.533854 0.242122
0.16033 0.620909
0.545272 0.0399769
0.731111 0.0556037
0.318153 0.243402
9.72343e-05 0.912404
0.550708 0.440355
0.332248 0.159642
0.673447 0.385456
