1.29549 0.394383
1.17169 0.79844
0.702473 0.628871
1.69879 0.916195
0.924308 0.717297
2.58447 0.218257
0.750924 0.839112
0.927044 0.524287
0.72452 0.972775
0.769841 0.769914
0.596441 0.891529
1.22203 0.919026
1.43315 0.348893
0.35742 0.970634
1.4729 0.85092
0.561133 0.760249
0.750382 0.667724
0.648185 0.931835
1.58601 0.720952
0.651567 0.880075
1.26957 0.330337
0.343452 0.893372
1.72592 0.58864
0.95679 0.858676
0.650821 0.92397
0.593935 0.814767
0.998619 0.910972
1.68681 0.920128
0.932305 0.431953
0.727057 0.760475
2.00694 0.935004
1.10901 0.368664
1.20126 0.732654
0.955661 0.967405
0.929883 0.759735
0.680702 0.819677
0.834418 0.755581
3.43481 0.204329
1.51218 0.819695
0.775421 0.757294
0.456443 0.992228
0.839553 0.877614
1.10549 0.62891
1.27895 0.925377
1.38212 0.831038
1.93097 0.743811
1.47694 0.983596
0.971488 0.497259
0.747854 0.971466
0.694418 0.59254
1.65307 0.450918
0.504517 0.847684
0.984851 0.48295
0.615583 0.695984
0.982445 0.63764
0.885355 0.627158
1.54329 0.684757
0.390745 0.877384
0.839158 0.593211
1.26541 0.331479
1.74066 0.91893
1.13673 0.699075
0.573385 0.774274
1.64625 0.916273
1.19279 0.548042
0.445933 0.904932
1.49951 0.873979
0.730737 0.5762
1.3579 0.492399
0.683759 0.848942
0.876714 0.492422
1.29055 0.724252
0.48721 0.931895
1.49525 0.622095
1.28743 0.818128
0.634016 0.934495
0.958992 0.761778
1.41083 0.625665
1.27127 0.394388
1.07308 0.638654
2.00847 0.338243
1.17205 0.774386
1.36051 0.721006
2.03646 0.707909
0.675648 0.780868
1.01116 0.44256
0.841897 0.529899
0.456428 0.888723
0.886256 0.525747
0.899608 0.596196
0.535206 0.878278
0.516248 0.814909
0.909911 0.836104
1.17004 0.719462
0.805111 0.919591
1.00143 0.809785
0.77838 0.84391
0.89891 0.642693
0.542396 0.718867
1.20975 0.677812
1.02446 0.567831
0.953841 0.857555
0.972199 0.879009
1.26901 0.675654
0.588448 0.706067
1.36986 0.547397
1.08978 0.932485
0.349678 0.926576
0.803899 0.93342
0.725643 0.552568
1.6259 0.799646
1.23584 0.594497
0.956632 0.9953
1.60969 0.324541
1.38509 0.589157
0.927369 0.759324
1.15675 0.79491
1.19653 0.865085
1.3814 0.664414
0.867815 0.645602
1.02545 0.518151
1.27748 0.515049
1.2363 0.384658
0.927199 0.452122
0.834983 0.812947
0.702424 0.995165
0.931835 0.59728
0.916212 0.923513
1.08798 0.462852
0.649452 0.850586
1.70146 0.948911
1.4622 0.767014
1.68424 0.466169
1.41472 0.967277
1.16605 0.766448
1.13066 0.963505
0.816884 0.554448
0.95158 0.916523
0.940459 0.592692
0.986538 0.596341
0.874299 0.770686
1.4236 0.933273
0.716533 0.795231
0.929213 0.965682
1.40831 0.366028
1.46337 0.747638
1.3609 0.623194
1.05487 0.92454
0.681285 0.648545
0.366103 0.912391
1.23532 0.753383
0.534028 0.99797
1.43034 0.646712
1.14016 0.80333
1.02187 0.681922
1.47983 0.31294
1.431 0.945502
0.850301 0.476355
1.23891 0.926068
0.769536 0.58225
1.58925 0.347546
0.991801 0.645134
1.32584 0.600763
0.769958 0.848
1.43182 0.611411
0.77573 0.821331
1.74289 0.736747
1.24906 0.50741
1.04264 0.611241
0.700498 0.757282
0.841865 0.736462
1.0982 0.922572
0.259951 0.937714
1.95284 0.845273
0.973723 0.528885
0.468515 0.943222
1.17728 0.684677
1.50167 0.867197
0.92832 0.70034
1.25415 0.577678
1.18389 0.374201
1.22253 0.387323
1.10453 0.934181
1.31788 0.831462
1.04776 0.635204
0.755309 0.624658
0.736543 0.578813
1.12022 0.599707
1.30546 0.735311
0.957307 0.947001
1.16263 0.936349
0.817195 0.64452
0.982538 0.629359
1.27735 0.812997
0.858561 0.617582
1.13466 0.774432
0.488567 0.86944
1.21793 0.749719
1.47062 0.432199
1.40539 0.67485
1.10842 0.480155
0.946446 0.687527
1.74824 0.775058
0.310885 0.994196
0.782721 0.667908
0.68672 0.828546
1.43985 0.711906
0.674998 0.640368
1.05222 0.460067
1.01324 0.444097
1.39879 0.986644
0.65004 0.853785
0.996844 0.786187
0.872834 0.967694
1.10048 0.970042
1.45814 0.899521
1.16249 0.622791
0.874873 0.835533
1.21253 0.67256
0.53672 0.930854
1.46837 0.875604
0.287658 0.921405
1.2508 0.968395
1.37858 0.285149
0.805695 0.675255
1.73428 0.62406
0.927422 0.432873
0.544668 0.92542
1.02087 0.889511
0.985192 0.870053
0.668774 0.860784
1.33725 0.909512
0.577396 0.956111
1.52912 0.62788
0.735771 0.694091
0.900402 0.693692
0.760757 0.895354
1.06386 0.464393
1.10074 0.530552
1.45537 0.844113
1.09067 0.47685
1.63673 0.880725
1.38977 0.514849
1.8476 0.65376
0.937443 0.98498
1.20313 0.389667
0.925711 0.740175
1.35686 0.533712
1.6906 0.323755
1.1798 0.517722
1.55658 0.427295
1.24674 0.473045
0.764333 0.79092
1.15767 0.925511
1.0695 0.615894
1.62853 0.788265
1.05972 0.726846
1.17443 0.859441
1.33159 0.39005
1.59479 0.981453
0.812021 0.708616
0.942006 0.478869
1.04571 0.587197
0.965895 0.864873
0.491439 0.985946
1.14464 0.989541
1.20742 0.411551
0.871237 0.448322
1.43375 0.312491
1.07535 0.827615
1.24374 0.393928
0.567775 0.938963
1.4272 0.907046
0.973566 0.487639
1.20608 0.390888
1.05072 0.54736
1.0924 0.446876
1.82348 0.296372
0.540602 0.739794
1.13683 0.53703
1.57341 0.459365
1.01063 0.768804
2.09745 0.533253
0.650337 0.717779
0.658593 0.647672
1.15528 0.792311
0.820199 0.948708
1.05293 0.399924
0.946041 0.706995
0.392825 0.943081
1.10804 0.474063
1.34716 0.804641
0.74469 0.635246
0.867891 0.544885
1.19058 0.861759
0.891058 0.442789
0.828017 0.546222
0.77736 0.993528
1.86062 0.519048
0.89136 0.722377
2.19597 0.473841
0.813736 0.623701
2.65109 0.756143
1.02833 0.540197
0.905545 0.752935
1.06756 0.746635
1.77309 0.264553
0.798594 0.946811
1.19299 0.690502
1.17612 0.676628
1.48809 0.279178
1.24734 0.638687
1.0936 0.505339
0.377961 0.970693
0.352868 0.944697
1.63462 0.825895
1.30725 0.625596
1.49909 0.317924
1.43983 0.728903
1.72687 0.254432
1.12725 0.609356
0.84389 0.843894
0.954953 0.413894
0.682474 0.943863
0.679646 0.839351
0.835675 0.762871
1.58842 0.900163
0.644862 0.967868
1.56626 0.844482
1.25125 0.892815
0.957122 0.64745
0.634532 0.984202
1.69781 0.75959
1.71135 0.333832
0.648602 0.880596
0.401411 0.862147
0.973944 0.936754
0.942938 0.489597
1.27042 0.91625
1.53747 0.699344
1.34422 0.848023
1.27658 0.650421
2.00983 0.29644
0.976356 0.827056
0.474979 0.931014
0.351662 0.896618
1.89949 0.455442
1.09624 0.84613
0.916479 0.507555
2.38145 0.748551
0.532755 0.98198
0.635367 0.904539
0.888229 0.839868
0.875165 0.587891
0.930859 0.927706
1.29755 0.99562
1.49966 0.886031
0.68903 0.678068
1.07184 0.711434
0.803704 0.716247
1.57175 0.846611
0.498273 0.962637
1.41541 0.794247
1.42217 0.735307
1.09674 0.727776
1.07578 0.652588
0.892162 0.990165
1.19918 0.703416
0.988351 0.845527
1.25693 0.89501
0.834079 0.845633
0.596871 0.735723
1.48672 0.843179
0.727497 0.75829
0.838965 0.773016
0.871641 0.474687
0.938936 0.918992
0.796706 0.551633
1.1317 0.690731
0.663771 0.815905
0.802584 0.910726
1.64947 0.772644
0.621071 0.729499
1.12081 0.693311
1.15858 0.833062
1.09831 0.526751
1.3135 0.959096
1.04458 0.941311
0.800876 0.913355
1.58631 0.267578
1.14876 0.518596
2.07293 0.514525
1.17155 0.732138
0.979453 0.888799
1.1232 0.384539
1.27167 0.761029
0.142384 0.998142
0.632042 0.971047
1.44761 0.726169
1.31935 0.566728
0.893848 0.607427
1.69291 0.445079
1.14752 0.463378
0.903652 0.964248
1.607 0.426904
0.659417 0.652514
1.40137 0.620058
1.17077 0.507775
0.717913 0.993774
1.73642 0.253276
0.992235 0.748768
0.597913 0.840899
2.08966 0.528705
0.309071 0.965882
1.23726 0.895125
0.734232 0.677655
0.460353 0.827705
0.846197 0.783807
0.80423 0.594779
1.06763 0.637733
1.94228 0.572763
0.664922 0.717227
1.23988 0.515712
0.740029 0.565681
1.24826 0.742802
0.910112 0.803434
0.94582 0.667559
1.05054 0.660966
0.864943 0.983497
0.763108 0.554889
2.08801 0.341622
0.540163 0.923792
1.5505 0.499278
0.982745 0.572735
0.475326 0.882928
0.657422 0.655813
1.14716 0.920094
1.0683 0.967568
0.768903 0.810791
1.48305 0.51512
0.922278 0.513024
1.14939 0.872841
1.29602 0.802663
1.4039 0.395988
0.870499 0.580872
0.7966 0.725354
1.04743 0.799678
1.00704 0.494317
0.812286 0.580261
1.40653 0.299007
1.23807 0.656539
0.825284 0.787027
0.728401 0.975215
0.246925 0.987547
2.30266 0.423962
0.821428 0.706522
1.35303 0.370865
0.67422 0.74439
0.976119 0.734543
1.10948 0.669918
0.756954 0.565189
0.825985 0.893259
1.36861 0.718831
1.03441 0.85288
0.674742 0.855419
0.818496 0.692082
1.12466 0.42472
1.6828 0.321171
1.82436 0.699603
2.13661 0.486648
0.880659 0.569424
1.16617 0.348881
1.14769 0.84323
0.821251 0.939791
0.838254 0.513491
1.34477 0.85913
1.74166 0.972059
1.18087 0.56463
0.790121 0.571755
1.5304 0.433114
0.707218 0.688399
0.913187 0.852391
0.813406 0.889154
0.59297 0.771381
0.820341 0.559249
1.13708 0.350901
0.48444 0.847031
0.432702 0.864442
0.622229 0.941299
2.34158 0.336502
0.763497 0.653093
0.791176 0.900895
1.32425 0.683453
0.588081 0.893909
0.961371 0.885474
1.11976 0.753379
1.45699 0.780595
0.642763 0.907284
0.733357 0.975934
1.223 0.351851
1.02361 0.504399
1.45195 0.669759
0.98528 0.852622
0.696953 0.955938
0.549069 0.936315
0.255332 0.945608
0.626636 0.627863
1.0472 0.943315
0.965325 0.607122
1.4826 0.77738
1.27039 0.378316
1.07992 0.369946
0.853001 0.969849
1.46151 0.297956
1.5639 0.723902
1.23767 0.41515
1.85123 0.477862
0.671663 0.927244
0.952217 0.892051
0.807963 0.690067
1.30804 0.460535
1.45204 0.744207
1.12489 0.530043
1.49258 0.636959
0.65029 0.953683
0.785601 0.743163
1.34382 0.291378
2.28131 0.903662
1.91543 0.806693
1.55621 0.467823
1.935 0.937826
1.50182 0.80044
0.980645 0.508861
1.2063 0.382915
0.938753 0.795537
1.42221 0.281401
1.10845 0.686988
0.709457 0.950893
1.18633 0.33023
0.323457 0.992768
1.38107 0.561902
2.07828 0.307532
0.815652 0.883004
0.975042 0.616163
1.16487 0.459635
1.66451 0.995253
1.64843 0.48283
0.776034 0.791725
0.967721 0.51986
0.977852 0.567269
1.46012 0.804625
1.76873 0.611279
1.05425 0.451258
1.35637 0.997875
1.28109 0.520482
1.75652 0.230139
1.10733 0.576601
1.0093 0.557619
1.15717 0.409217
0.765077 0.821779
1.33812 0.865927
2.79408 0.983039
0.546063 0.766863
0.515084 0.798297
1.49098 0.966868
1.06948 0.46729
1.62147 0.354221
1.55345 0.813177
0.613257 0.650626
1.82225 0.284316
1.36488 0.827268
1.54699 0.991751
1.11203 0.401306
0.436759 0.873412
1.02277 0.571639
0.97349 0.934312
0.681342 0.882242
0.414286 0.974865
0.449663 0.95185
2.24706 0.221587
1.64919 0.522588
1.55569 0.41675
1.56793 0.837454
1.27448 0.549238
0.872935 0.514103
0.850203 0.527224
0.526988 0.962112
0.818177 0.661518
0.895201 0.571064
0.804286 0.764924
0.707143 0.939454
0.858457 0.808488
1.45509 0.752861
1.12809 0.696513
0.742098 0.564406
1.83442 0.737724
2.04475 0.991413
1.27318 0.32263
0.3403 0.967726
1.05811 0.688542
1.07756 0.562866
0.651639 0.876748
0.526331 0.899437
0.733208 0.744678
1.64459 0.486873
1.08475 0.773503
1.22583 0.962958
1.05391 0.378859
1.63924 0.596958
1.20031 0.900065
0.811484 0.672021
2.21084 0.7269
1.94308 0.20767
1.168 0.789879
1.99908 0.537536
2.05766 0.578006
0.842093 0.53536
1.06674 0.771367
0.832157 0.815402
0.801232 0.565256
0.791253 0.614496
1.26914 0.392179
1.56416 0.648451
0.945104 0.910142
1.35604 0.789231
0.69758 0.91406
0.92744 0.538074
0.839888 0.643391
0.966217 0.406224
1.84038 0.550689
0.615939 0.834949
0.509833 0.902216
0.878936 0.619965
0.779845 0.580422
2.07357 0.7396
1.1547 0.751912
1.27184 0.745415
0.844336 0.642521
0.875439 0.931535
0.978082 0.576724
1.27076 0.917979
0.966114 0.6408
1.21051 0.579678
0.889762 0.632015
0.820742 0.616955
1.48431 0.899026
1.26132 0.968939
0.914142 0.58523
1.21541 0.533165
0.84966 0.930723
0.739811 0.58196
1.24132 0.912683
1.23057 0.975807
1.76045 0.95093
1.9339 0.787003
1.53903 0.901503
1.69008 0.548708
0.715188 0.755394
1.30309 0.666005
1.34268 0.316802
0.949893 0.577898
0.910806 0.469413
0.72043 0.742143
0.870991 0.890718
0.939846 0.80367
0.691955 0.648018
0.60291 0.823013
1.29905 0.766387
0.744909 0.906575
1.55655 0.999412
1.43283 0.782633
0.885301 0.536243
0.490924 0.9995
1.67485 0.987263
1.36432 0.557279
0.82685 0.549173
0.658317 0.674785
0.713287 0.844667
0.62834 0.986235
1.64273 0.446662
1.52646 0.55029
1.3225 0.484641
1.04242 0.685309
0.899297 0.575875
0.387552 0.974037
0.819156 0.669598
0.721328 0.94576
0.638246 0.690096
1.33501 0.761661
0.628734 0.859242
1.87967 0.39942
0.761213 0.727586
0.60962 0.687151
0.867251 0.833182
0.796905 0.737555
1.23029 0.347868
1.25339 0.480859
0.901286 0.760137
1.59758 0.71717
2.19645 0.342998
0.264269 0.950714
0.330688 0.974202
0.846765 0.803575
0.748336 0.778803
1.1801 0.900294
0.948529 0.963527
1.32227 0.979052
0.655823 0.610046
0.807157 0.824041
0.912341 0.676407
1.5185 0.69673
1.12577 0.908104
0.712907 0.833099
1.49975 0.339058
1.6649 0.862016
1.20564 0.520012
1.60309 0.997451
0.856342 0.897011
1.2165 0.769599
1.12519 0.676745
1.89509 0.416609
1.9601 0.886116
1.11971 0.928099
1.76579 0.548048
1.00654 0.405786
2.07618 0.623672
1.06308 0.536564
0.850277 0.733968
1.23297 0.840433
1.3977 0.744372
2.08611 0.855051
0.241472 0.97061
1.09367 0.916649
1.46092 0.489298
0.5943 0.669857
0.904085 0.790989
1.71221 0.552387
0.691082 0.938456
1.08419 0.526892
1.32176 0.942188
1.69053 0.472796
0.721778 0.567389
1.23025 0.605827
0.730348 0.765928
0.680759 0.62725
0.700654 0.646295
1.36861 0.512008
0.821647 0.752395
1.14263 0.534206
0.706524 0.579573
0.21005 0.978229
0.754894 0.806963
1.56251 0.991897
0.900623 0.60851
0.649014 0.860217
1.69505 0.704757
0.985538 0.515819
0.83199 0.776935
0.466712 0.911033
1.53623 0.451175
1.10839 0.405098
1.17057 0.664243
1.31128 0.402153
0.393556 0.958293
1.45564 0.852104
1.13349 0.560176
0.96007 0.652399
1.25963 0.408875
0.62583 0.866327
0.805916 0.530851
0.524386 0.919412
1.76369 0.474651
0.357667 0.998525
1.9044 0.897897
0.947102 0.80208
1.02165 0.390566
0.981195 0.940884
1.34639 0.801065
1.20308 0.946698
1.23747 0.916378
0.589866 0.871113
1.62673 0.255828
0.979704 0.97504
2.79851 0.342763
1.06425 0.468477
0.91682 0.894532
1.32955 0.354771
0.775855 0.768377
0.692685 0.784929
2.16195 0.282532
1.38196 0.757655
0.754047 0.581196
1.80081 0.290041
0.769056 0.820428
1.30043 0.519828
0.775884 0.776571
0.676101 0.639973
0.906444 0.450057
1.54986 0.496818
2.00103 0.517026
0.488788 0.950959
1.22063 0.852032
1.14903 0.451879
1.49835 0.360192
0.825427 0.751554
1.40177 0.909638
0.405313 0.962342
0.875573 0.84039
1.30197 0.989258
1.18383 0.644457
1.06486 0.968549
1.33546 0.987332
2.28133 0.736162
1.45508 0.426496
1.44999 0.991152
0.75508 0.570765
0.789558 0.772392
1.28407 0.438045
0.879756 0.587725
0.842238 0.638513
0.670129 0.769301
0.903689 0.684782
0.463164 0.995223
0.589512 0.84985
0.431843 0.966503
0.363716 0.893119
0.807763 0.647433
0.428919 0.968185
0.859848 0.7603
0.64478 0.644239
0.754207 0.653287
1.63171 0.824109
0.98248 0.416126
0.8245 0.961854
0.571681 0.808718
1.33243 0.936856
1.93228 0.501846
1.39703 0.687377
1.09231 0.39375
0.326787 0.989175
1.32907 0.787929
0.58375 0.708644
1.06524 0.84733
1.73214 0.794745
0.492892 0.898478
0.682145 0.608857
0.617959 0.680337
1.18794 0.405555
0.466185 0.842312
0.974861 0.659826
0.700082 0.997655
0.81343 0.665953
0.841665 0.552939
1.08229 0.846663
0.67265 0.703669
1.38845 0.848144
0.545335 0.808404
1.09614 0.427046
0.234993 0.971783
1.16598 0.466253
1.11065 0.862092
1.78019 0.587305
0.611952 0.663295
0.685324 0.82763
1.20459 0.382229
1.3159 0.338155
0.890141 0.761183
1.26978 0.993064
0.718397 0.793305
0.844342 0.492141
0.733105 0.594719
1.09123 0.831339
1.92284 0.512422
0.941352 0.778193
1.44742 0.789437
0.536079 0.743133
0.632015 0.740005
0.194222 0.97071
0.271117 0.958775
1.77834 0.669833
1.11319 0.544142
0.955564 0.878644
0.941827 0.890086
1.17894 0.54208
0.750823 0.711088
0.79791 0.642339
0.994788 0.727863
0.873851 0.645571
0.558931 0.933221
0.956729 0.771361
0.429624 0.846977
0.49655 0.891572
1.03843 0.632214
0.900851 0.8529
0.530811 0.865361
0.937294 0.96622
1.45756 0.978006
1.13583 0.926707
1.62223 0.375937
2.19714 0.620734
0.676616 0.959017
1.41904 0.930072
0.478963 0.824122
0.968831 0.862425
1.58981 0.872863
2.35103 0.226941
0.83574 0.588401
1.85134 0.482785
0.475501 0.972754
1.34508 0.914473
1.32135 0.894797
0.719079 0.895813
0.335007 0.945654
1.66466 0.644983
0.564976 0.690794
1.41643 0.698442
0.897622 0.824444
1.80842 0.279914
0.953129 0.760536
0.761739 0.601317
0.603822 0.945343
1.26927 0.607557
1.80553 0.713949
0.664389 0.899239
0.475478 0.892639
1.49969 0.496782
1.03043 0.425925
0.533989 0.879411
1.44016 0.324961
0.473629 0.83803
1.76303 0.240488
0.697842 0.665715
0.970765 0.964255
1.0025 0.984976
0.654707 0.686678
1.82688 0.485505
1.11223 0.486148
1.82993 0.908886
0.62057 0.862347
1.02458 0.693572
1.1556 0.696918
1.40949 0.461486
0.99494 0.928585
0.894277 0.671802
1.69092 0.970337
1.24374 0.368523
0.864588 0.732396
1.33688 0.534294
1.38783 0.627247
2.30433 0.922579
0.520074 0.77872
0.990808 0.705173
1.16089 0.432964
1.52053 0.6966
0.830122 0.771888
1.9858 0.350042
1.51598 0.282733
0.708842 0.65862
0.568469 0.937715
1.05112 0.827658
0.640969 0.848739
1.02996 0.946748
0.950669 0.702045
0.976144 0.999033
1.14399 0.471414
1.09535 0.71549
1.1576 0.445793
0.964339 0.864814
1.05665 0.380875
2.22856 0.592081
1.38441 0.518839
0.505025 0.992843
1.31254 0.511992
0.889768 0.58926
1.92672 0.818041
1.5255 0.853167
1.30973 0.796793
0.914219 0.674058
1.33281 0.573851
1.05029 0.982895
0.709701 0.725565
1.17904 0.972328
0.940257 0.551747
1.43796 0.832436
0.284011 0.957028
0.724269 0.91249
1.15787 0.511375
1.70161 0.393178
1.1745 0.345322
1.56826 0.910843
1.41123 0.601149
1.91476 0.607963
1.67348 0.28026
0.73311 0.773145
0.998254 0.594293
0.738887 0.558282
1.36762 0.48128
0.877804 0.839388
1.28983 0.670539
1.44659 0.385509
1.65021 0.490257
0.350007 0.979317
0.895748 0.800756
0.423054 0.914465
1.04861 0.771027
0.700069 0.863753
1.1095 0.790295
1.47612 0.620357
1.23928 0.991274
0.500237 0.820812
0.882243 0.653502
0.685922 0.782753
1.47339 0.572885
0.755659 0.85491
1.46394 0.707571
1.02209 0.414493
1.37568 0.769619
0.858594 0.838098
0.821207 0.523198
1.20363 0.348379
0.849519 0.628089
0.420149 0.887117
0.923031 0.796494
1.09519 0.826781
1.31397 0.641626
1.57795 0.979606
1.15806 0.774365
0.618364 0.925007
1.15115 0.772933
1.11716 0.762444
1.06349 0.403191
0.895348 0.792203
0.193667 0.976691
0.92284 0.545102
1.47114 0.407224
1.11346 0.975187
0.923795 0.475989
1.05079 0.994378
0.813831 0.761957
1.15185 0.977834
1.23731 0.840972
0.63858 0.912119
0.562678 0.823348
1.01882 0.903437
1.30934 0.666815
0.794127 0.660668
0.743893 0.627301
1.58752 0.649034
1.04879 0.9679
1.3661 0.432147
1.26238 0.944836
0.672807 0.969945
1.23167 0.569026
1.27044 0.39201
1.16404 0.544624
1.89918 0.43216
1.4038 0.508808
0.375079 0.994895
1.78672 0.81451
1.26018 0.969329
1.10251 0.462981
1.68753 0.811199
1.09592 0.62407
1.33464 0.301707
0.72663 0.818737
1.35374 0.320226
1.18153 0.609187
1.1719 0.93794
0.910571 0.441471
1.19307 0.84132
1.63715 0.649617
1.1194 0.439629
1.71152 0.567058
1.02571 0.44939
0.677089 0.994449
0.693303 0.886977
0.631449 0.851418
0.73468 0.771609
1.25677 0.912309
0.701144 0.81369
2.12329 0.734549
1.07246 0.994905
0.504467 0.80782
0.865221 0.833354
2.28021 0.840567
0.644911 0.826513
1.58639 0.84122
0.98344 0.660498
1.10878 0.874716
0.605737 0.744916
1.04919 0.40982
0.969348 0.922876
1.01002 0.910459
0.847216 0.605552
0.218988 0.976479
0.810815 0.993102
1.57207 0.306065
1.36679 0.334589
1.08047 0.980741
0.429559 0.944336
0.943613 0.868776
0.801745 0.794606
1.30787 0.593867
0.90919 0.944809
1.88248 0.389703
1.09999 0.53168
1.2801 0.751422
1.43604 0.567361
1.07792 0.963799
1.58623 0.985132
1.57995 0.350568
0.779951 0.992912
0.572217 0.916908
1.78336 0.499476
1.08106 0.623118
1.595 0.610043
0.578309 0.935314
0.262836 0.955935
0.454283 0.822945
1.87792 0.85275
2.01198 0.708802
0.70039 0.917817
0.907896 0.763532
1.35722 0.536908
0.723512 0.649909
0.268787 0.948254
1.40838 0.9852
1.21416 0.5137
1.12231 0.809777
1.47588 0.30209
1.11326 0.376194
0.938091 0.598011
1.0307 0.490177
1.1395 0.769741
0.998856 0.983723
2.01027 0.501904
1.96572 0.9042
1.23234 0.77277
0.718063 0.905941
1.36332 0.897631
0.999462 0.788277
0.813032 0.933895
1.66691 0.926185
1.61316 0.81338
1.25728 0.973751
0.825466 0.934235
0.954621 0.918494
0.568364 0.740039
0.771998 0.927372
1.34898 0.950961
0.666761 0.909354
0.78114 0.796251
1.1464 0.639313
0.812739 0.673306
1.0887 0.694238
0.478851 0.932321
1.19509 0.490673
2.19902 0.187319
0.891284 0.635472
1.74688 0.779124
1.37602 0.69787
1.69956 0.253935
1.23652 0.983048
1.05074 0.573176
0.715576 0.912402
0.989213 0.539406
1.77087 0.394466
1.14496 0.997175
1.94934 0.829038
0.67131 0.672374
1.60002 0.59895
0.40523 0.950284
0.508046 0.847334
1.0857 0.697562
1.65032 0.699434
0.823951 0.89755
2.11557 0.360084
1.31398 0.924086
1.74343 0.684977
2.36799 0.654751
1.63578 0.267011
0.998561 0.850978
0.998881 0.907212
1.73975 0.227753
1.03984 0.864051
0.600444 0.699924
1.60938 0.620868
1.29004 0.876848
1.42573 0.442955
1.32787 0.389194
2.07911 0.28192
1.39801 0.792169
0.203347 0.984486
0.957543 0.446392
1.14679 0.871937
0.50586 0.891999
0.850994 0.993735
1.08398 0.766437
0.731017 0.871212
0.69294 0.773755
0.969749 0.496051
0.554616 0.925532
1.34056 0.298903
1.14009 0.492323
0.822749 0.805541
0.891269 0.831697
0.322472 0.983839
1.12257 0.497142
1.31302 0.937107
0.345129 0.990427
1.11507 0.532685
1.05475 0.562861
1.37554 0.480388
1.31502 0.783528
1.2567 0.524181
1.16031 0.63734
0.862417 0.64822
1.98589 0.825177
1.36665 0.894831
0.932618 0.622391
0.970186 0.46485
0.219858 0.969675
0.737903 0.797059
1.25379 0.569807
2.22773 0.245534
1.08062 0.672372
0.816359 0.910948
0.778901 0.631993
0.970973 0.679911
0.874645 0.802288
0.983907 0.77632
1.03967 0.882019
0.796928 0.957318
1.0774 0.904768
1.03552 0.520455
2.29042 0.629132
2.414 0.48586
1.05113 0.934091
0.893578 0.892203
0.556649 0.847466
0.575781 0.998412
1.16135 0.468248
0.507675 0.773296
0.815605 0.838147
0.834929 0.707223
0.718952 0.5638
0.803679 0.784153
0.777134 0.817455
1.68097 0.631423
1.08108 0.438761
1.39283 0.746662
1.13313 0.580985
0.672505 0.86666
1.85321 0.977841
0.719599 0.716124
1.64809 0.343953
1.64437 0.300093
0.868697 0.705638
1.40493 0.349363
1.40747 0.893055
0.68706 0.822095
0.578677 0.956055
0.78562 0.854547
1.16895 0.796015
1.20669 0.662784
1.49714 0.58302
2.03635 0.493969
0.764472 0.788
2.59135 0.303589
1.04982 0.862136
0.862769 0.543937
0.650669 0.782721
0.992662 0.582992
1.46973 0.293212
1.53576 0.285589
1.07711 0.744429
1.4999 0.737588
2.04955 0.503114
0.900166 0.613461
0.590776 0.708676
0.933304 0.538686
1.27582 0.759935
1.0236 0.624795
0.798249 0.721134
0.344836 0.923659
1.28504 0.996508
1.10996 0.820091
1.21392 0.340269
1.73949 0.517009
0.783385 0.849705
1.33179 0.620134
1.14168 0.9926
0.420472 0.997398
0.126707 0.995838
0.750808 0.81784
0.972514 0.40105
0.127702 0.988816
0.733173 0.714574
1.67268 0.648596
0.355269 0.969017
0.511815 0.784151
1.15204 0.352254
0.551093 0.860898
1.62547 0.289447
1.23501 0.464878
1.24239 0.698165
0.908956 0.921405
0.893984 0.835268
0.656722 0.724296
2.22452 0.200246
0.916359 0.947204
1.24218 0.393114
1.03474 0.919683
1.72433 0.593642
1.61128 0.287292
1.31117 0.647567
0.42253 0.983336
0.532684 0.840236
0.526417 0.962881
1.21133 0.989049
0.964824 0.649239
0.925651 0.489495
1.06426 0.918303
0.660634 0.717209
0.945515 0.453378
0.542609 0.823347
0.56082 0.698349
1.00367 0.608368
1.26424 0.324014
0.886722 0.623911
0.788565 0.62327
0.944314 0.48351
0.998339 0.606573
0.345726 0.902718
1.33899 0.814989
1.20856 0.397848
0.512465 0.846113
1.48283 0.921365
0.511268 0.965743
0.705005 0.903612
1.17367 0.646415
1.01225 0.920652
1.29992 0.564764
0.775007 0.873216
0.489458 0.790344
0.878285 0.523955
1.21528 0.577497
1.21701 0.454599
1.05787 0.987959
1.49589 0.571282
0.863086 0.953358
1.20011 0.730991
0.713063 0.602594
1.14422 0.906036
0.987209 0.581526
0.987574 0.564951
1.29273 0.331969
1.58536 0.697975
0.818026 0.609728
1.01156 0.72025
1.16898 0.578167
0.742987 0.800362
1.30198 0.353919
1.00127 0.931993
1.03466 0.706881
0.826901 0.637196
0.602898 0.785448
1.23651 0.584522
1.39389 0.608598
0.574747 0.720204
1.76873 0.449675
0.532431 0.949625
1.10195 0.760141
1.08298 0.519132
1.78691 0.824967
1.33002 0.779313
1.38296 0.655266
0.751796 0.975042
0.848964 0.624493
0.903887 0.549846
1.42242 0.27485
1.79203 0.740854
1.92521 0.340252
1.04252 0.96282
1.61954 0.277854
0.895012 0.521501
1.47339 0.726888
0.640927 0.861965
1.23134 0.837813
0.591786 0.943849
1.33853 0.451065
0.47826 0.83629
1.18805 0.408093
1.27205 0.437534
0.258283 0.972215
0.998612 0.401837
1.64191 0.925251
1.00531 0.963609
0.460252 0.843306
1.00331 0.901389
1.54609 0.85936
1.38307 0.605809
0.391796 0.967871
0.677453 0.874781
1.20587 0.367028
1.20191 0.370976
1.28935 0.486538
0.501875 0.850663
1.04063 0.641419
0.660306 0.705539
1.86815 0.826097
0.880292 0.637112
0.793851 0.88808
0.613383 0.878767
0.724867 0.538553
1.36707 0.940324
0.462608 0.808991
0.923381 0.592793
0.653475 0.609117
1.55271 0.536572
0.893605 0.611356
1.32489 0.978511
1.16748 0.853437
1.97344 0.688296
0.982506 0.445936
0.740046 0.538422
1.55216 0.350527
0.781587 0.989788
0.873894 0.532608
1.21563 0.831739
0.958787 0.486577
1.56748 0.581668
0.634817 0.724203
0.528211 0.843408
0.52961 0.792165
1.62044 0.763377
0.739334 0.926844
1.87686 0.579967
1.02368 0.563184
1.24111 0.43671
0.923167 0.938695
0.773605 0.523081
1.27451 0.526423
1.3992 0.294854
1.64757 0.956793
0.634084 0.643121
0.760562 0.740022
1.01796 0.875325
2.1268 0.512848
0.866591 0.49282
1.1202 0.588669
1.55332 0.928086
0.595551 0.914041
0.652705 0.711627
0.787653 0.892477
1.36869 0.304735
0.556872 0.805601
0.87643 0.486887
1.58747 0.618812
1.25177 0.560872
1.08767 0.989706
0.823834 0.884526
0.197513 0.965357
1.20284 0.57261
0.935169 0.674646
1.39375 0.323467
1.85176 0.61506
0.469761 0.994199
2.48179 0.350379
1.15035 0.96999
0.584732 0.733277
0.260369 0.95764
1.55192 0.416369
1.3954 0.599981
1.49795 0.936832
0.35763 0.881468
0.804522 0.551594
1.389 0.550082
1.47209 0.647751
0.569411 0.693651
0.377233 0.99883
2.58114 0.174486
0.617267 0.87677
0.329581 0.919933
1.05877 0.9803
1.08313 0.780509
1.44939 0.64438
1.00028 0.401516
1.24721 0.587238
1.40495 0.430293
0.460592 0.844322
0.547586 0.722438
1.35452 0.721922
0.943026 0.744419
1.39286 0.581338
0.631719 0.621925
2.09742 0.583321
1.0449 0.631307
1.49131 0.906112
0.748387 0.770732
0.753958 0.780249
1.2964 0.392145
0.838469 0.787246
0.340586 0.92606
0.859032 0.872274
0.27257 0.989116
0.830339 0.66521
1.53231 0.746112
0.979694 0.615822
0.587335 0.714344
1.8646 0.30487
0.884229 0.601378
1.4354 0.769587
0.485248 0.979947
1.46714 0.893911
0.938411 0.818735
1.78002 0.312194
1.14256 0.357718
1.17936 0.681039
0.423626 0.845161
1.33579 0.640113
0.718071 0.856492
1.66779 0.379786
0.517874 0.804407
1.58844 0.338356
1.08956 0.997384
1.45278 0.68581
1.7247 0.736904
1.09478 0.394328
1.56071 0.898837
1.25737 0.37073
1.13909 0.849912
1.43146 0.852028
0.785095 0.649221
1.11239 0.539868
0.846004 0.850609
1.26232 0.766364
2.70842 0.760797
0.762136 0.765574
0.887673 0.634318
1.76123 0.59472
0.699966 0.703667
0.980931 0.502312
0.528982 0.985012
1.63629 0.431523
1.39018 0.462284
2.04993 0.582947
0.882505 0.51114
1.34237 0.820326
0.766067 0.931501
1.287 0.682968
1.79622 0.672217
1.03553 0.515643
1.66117 0.314192
0.650916 0.885559
0.922386 0.698164
1.29837 0.815678
0.853758 0.835697
1.46604 0.294086
0.52667 0.846009
1.10238 0.483573
0.955389 0.413081
0.645673 0.610801
2.08507 0.736008
1.0849 0.483449
1.16125 0.405217
0.900006 0.718886
2.24653 0.177912
1.22833 0.54858
1.85269 0.609284
1.29307 0.942896
1.30136 0.915094
2.04595 0.831531
1.52771 0.820316
1.39578 0.51874
1.8942 0.490998
1.66015 0.62743
1.31987 0.474132
0.898038 0.946666
0.463736 0.983765
0.678688 0.642323
0.980095 0.527264
0.825462 0.477136
0.431373 0.838399
0.785828 0.791599
1.70031 0.514697
0.423895 0.898085
1.57267 0.451184
0.509324 0.777892
1.56173 0.957426
1.23574 0.743423
1.19559 0.500568
1.31494 0.574764
0.769609 0.990228
0.653358 0.76691
1.06448 0.956857
1.03874 0.835667
1.17978 0.992481
1.30528 0.431896
1.20864 0.520221
0.973675 0.675287
1.35238 0.361992
1.03596 0.849153
2.42942 0.795132
1.33443 0.634522
2.12968 0.368883
0.658429 0.659117
0.782363 0.505544
0.910421 0.626694
1.7556 0.73956
1.61811 0.559123
1.28477 0.447237
0.494343 0.861097
1.69428 0.423341
1.57734 0.682531
1.83848 0.883469
1.53019 0.434051
0.491887 0.855236
2.19805 0.472332
1.34355 0.449588
1.28763 0.694931
1.4546 0.570371
1.35708 0.299494
1.17909 0.65754
1.67956 0.40254
0.583446 0.866688
1.28687 0.718887
1.06038 0.829763
0.26903 0.946501
1.64779 0.411464
1.10202 0.593413
0.966386 0.694897
0.818001 0.832543
0.964443 0.964638
1.35812 0.941657
0.784999 0.949719
0.511161 0.783763
0.20784 0.97833
0.502403 0.884433
0.832206 0.998508
0.842877 0.567696
0.596455 0.82646
0.561024 0.822401
0.622832 0.912899
1.15042 0.760035
0.917375 0.572985
0.595346 0.654794
1.87351 0.373706
0.393657 0.968228
0.595152 0.959101
1.88911 0.886438
0.749825 0.963956
1.15928 0.342072
2.36853 0.783406
0.548985 0.940745
1.40596 0.341133
1.0089 0.510559
1.09292 0.95311
1.50909 0.454654
0.896834 0.538616
0.739511 0.672571
0.743011 0.824216
1.69894 0.388562
0.719685 0.85602
0.554875 0.721341
1.04156 0.397317
1.61008 0.454446
0.913719 0.4968
0.855347 0.871931
0.711257 0.861494
0.61628 0.973881
1.85722 0.353902
0.714507 0.908738
0.737395 0.662353
0.780201 0.95445
0.936949 0.809439
1.03785 0.848842
1.62009 0.80101
1.52284 0.711411
0.42948 0.88796
1.92717 0.360346
2.81817 0.165585
1.2852 0.682699
0.899196 0.48007
0.493368 0.828221
0.710622 0.753242
0.613236 0.798157
0.87106 0.45625
0.989862 0.453981
1.35927 0.498922
1.27176 0.630692
1.50944 0.871205
1.64209 0.686591
1.20491 0.62094
0.757382 0.990753
0.660472 0.739568
0.519014 0.76744
1.18759 0.865057
0.804184 0.885057
0.877425 0.917327
0.315459 0.985531
0.984144 0.568749
1.32529 0.939083
0.987346 0.453176
1.59678 0.639264
1.439 0.823676
0.958493 0.93513
1.38481 0.949807
1.03862 0.580735
1.36562 0.694581
1.16755 0.800538
2.12027 0.525585
1.13539 0.88251
1.8511 0.89128
0.621869 0.630601
1.26317 0.793887
1.09814 0.850149
0.904771 0.654105
1.03112 0.48491
0.708832 0.559275
0.928812 0.456153
0.754004 0.65839
0.835657 0.988437
1.1333 0.47027
1.23958 0.892846
1.43603 0.687022
1.49149 0.639116
0.812573 0.791455
1.73135 0.270147
1.9045 0.596017
0.683308 0.845131
1.00366 0.439605
1.19371 0.434276
0.857599 0.887691
0.898971 0.819653
0.341148 0.986926
0.566049 0.939733
1.61136 0.785222
0.930492 0.939561
1.12622 0.817817
1.12316 0.363679
0.7961 0.820363
1.65903 0.798878
1.46226 0.881604
0.740347 0.808926
0.723069 0.54032
1.3113 0.592151
1.03024 0.891735
1.27442 0.626282
0.875216 0.59051
0.65704 0.847347
1.11841 0.952918
0.890954 0.616062
0.617256 0.686046
2.34223 0.809315
1.14248 0.560715
1.3392 0.341765
0.989603 0.628209
0.797643 0.657471
1.03936 0.701751
0.806631 0.566953
0.891162 0.707297
1.54938 0.768617
1.35178 0.313321
1.42846 0.409241
1.83789 0.231651
1.70119 0.437578
1.67906 0.370666
1.0151 0.411243
0.984762 0.616914
2.06191 0.642643
0.667044 0.9586
1.38504 0.404034
0.941518 0.646601
0.766372 0.763703
1.16009 0.703197
1.24991 0.651448
1.12575 0.523328
1.09458 0.828134
0.686315 0.972454
0.806592 0.524004
1.01101 0.966605
0.686031 0.786007
0.892648 0.994475
0.73575 0.705081
1.74862 0.740645
1.1695 0.506809
0.671023 0.906958
0.794207 0.927244
1.36095 0.291371
0.906312 0.746285
0.666977 0.91409
1.36171 0.598069
0.646976 0.907002
0.68702 0.706628
1.10211 0.920382
1.31376 0.726524
1.33805 0.594665
1.01835 0.480645
0.880838 0.792316
0.582635 0.992195
0.875947 0.827142
0.640883 0.633223
2.20127 0.377643
0.862102 0.850403
1.85234 0.289435
1.63184 0.937022
1.03981 0.409917
1.40446 0.729285
0.542907 0.786444
0.862518 0.722255
0.575693 0.943372
1.03202 0.491039
2.04628 0.946063
0.942869 0.560009
1.42475 0.466439
1.06042 0.489755
0.973839 0.962591
0.651625 0.891192
0.777397 0.591203
0.807161 0.594091
1.27659 0.708201
0.712087 0.55003
0.560905 0.868377
1.60305 0.269518
1.35527 0.570023
1.68994 0.950777
1.96509 0.583794
1.05357 0.46645
1.18307 0.99252
1.37879 0.817384
0.882757 0.536692
1.50409 0.3252
1.21733 0.677023
1.66026 0.58033
1.74742 0.315313
0.437405 0.992888
1.59563 0.85059
1.06156 0.5402
1.36014 0.390423
1.07141 0.483706
1.75432 0.519884
1.13188 0.906193
0.973533 0.960562
1.03376 0.788989
0.650149 0.997591
1.16929 0.734961
0.586489 0.714771
0.382458 0.972832
1.50509 0.364479
0.88886 0.673415
1.03504 0.734367
1.06628 0.775572
0.75287 0.980368
1.00949 0.504654
1.37044 0.814833
0.76961 0.982365
1.38469 0.298133
0.275954 0.966641
1.90485 0.698864
0.85523 0.702663
0.547965 0.783772
0.528565 0.934838
0.446047 0.879212
0.266017 0.954996
0.521203 0.915238
1.40733 0.517621
1.05887 0.859146
0.818312 0.69092
1.51498 0.77753
1.28212 0.317039
1.17754 0.493823
0.635853 0.771963
1.25476 0.992368
1.26511 0.543729
1.32691 0.413323
0.958101 0.648426
1.45413 0.876456
1.25194 0.798941
1.32329 0.988967
0.910421 0.704235
1.10445 0.906085
1.42269 0.751044
0.687453 0.566745
2.00235 0.317781
0.809825 0.610779
1.847 0.990593
1.42375 0.887946
0.599176 0.899722
1.30127 0.971903
1.33296 0.948358
2.57145 0.856219
1.04711 0.886094
0.542413 0.889294
1.90124 0.248504
0.951843 0.992209
0.586371 0.972051
1.54123 0.489842
0.562171 0.848602
1.35965 0.738101
1.08791 0.842171
2.03896 0.828447
0.463397 0.829716
1.33228 0.994822
1.46517 0.282279
0.765089 0.942107
1.11955 0.916322
1.32085 0.855479
1.36678 0.678307
1.21475 0.743572
1.33489 0.663835
0.883095 0.706371
0.759655 0.78395
1.20351 0.72631
0.68183 0.803899
1.55075 0.517805
0.71626 0.571644
0.472825 0.858975
1.72677 0.420933
0.368047 0.962094
0.92567 0.697152
0.369485 0.981057
1.11877 0.769133
0.552225 0.915965
1.7172 0.945864
0.688337 0.806758
0.641229 0.620723
1.07595 0.493007
1.05554 0.810787
1.5745 0.752551
1.05987 0.883388
1.02139 0.920424
1.51267 0.768427
2.21652 0.721411
0.268211 0.97056
1.39162 0.897874
0.725599 0.826412
1.23441 0.882393
1.18397 0.568404
0.496329 0.998684
0.522968 0.756094
0.486746 0.925389
0.579538 0.725727
2.44557 0.900017
0.753823 0.78987
1.11855 0.419624
0.812624 0.626229
0.859133 0.856582
0.814734 0.978997
2.4846 0.580147
1.4016 0.605934
1.69563 0.466613
1.05353 0.706746
1.22796 0.443962
0.939424 0.839636
0.406811 0.850762
0.636498 0.626645
1.36333 0.295404
0.513897 0.81828
0.767482 0.648255
1.61027 0.644134
1.31432 0.365103
1.14563 0.690407
1.11112 0.64955
2.01222 0.272086
0.421888 0.904204
1.57195 0.720939
0.991332 0.716762
1.20842 0.859475
0.798905 0.78633
1.66545 0.767071
1.94087 0.869524
0.448594 0.907877
0.85864 0.677458
1.14517 0.505057
1.36144 0.570613
0.910543 0.601716
1.39245 0.839062
0.437115 0.925107
1.40987 0.905482
0.792448 0.664739
0.399682 0.953072
1.18971 0.746355
1.36778 0.769481
1.45186 0.410931
1.21705 0.519818
0.37771 0.91292
1.30829 0.653382
0.813224 0.584575
0.688658 0.901185
0.419072 0.844486
1.13822 0.624059
0.783912 0.732716
0.977644 0.871905
0.181966 0.988975
0.576576 0.679466
0.834742 0.853345
0.413965 0.913626
0.784884 0.791993
0.767049 0.729969
1.6655 0.64602
1.19802 0.643381
0.811626 0.74136
1.03064 0.621868
1.51728 0.634583
1.60898 0.508288
1.09154 0.630239
0.829519 0.554291
0.296508 0.938896
0.64902 0.754679
0.992357 0.552088
0.201977 0.975755
0.326724 0.941029
1.1566 0.40344
1.05249 0.973017
1.0364 0.577068
0.866237 0.507876
0.996105 0.441049
0.964132 0.860759
1.23817 0.437449
1.0491 0.865333
1.26719 0.311025
0.55828 0.888766
1.42189 0.775776
1.25083 0.569276
0.569303 0.726843
1.35906 0.741122
0.684831 0.580235
1.43643 0.979663
0.272075 0.93273
1.28666 0.380581
1.73676 0.875349
1.33425 0.539882
1.27723 0.433546
1.26837 0.418664
0.863051 0.58007
0.867927 0.618976
0.430048 0.901636
0.698005 0.705004
1.20336 0.369983
0.521627 0.780478
1.28921 0.561309
1.98136 0.431913
0.735981 0.722808
0.763247 0.849891
0.826772 0.984242
1.15673 0.74815
1.66695 0.632561
0.766012 0.983318
0.753275 0.566787
1.07493 0.988102
2.25315 0.544574
0.836187 0.562523
2.09619 0.291629
1.13503 0.936254
0.902691 0.552248
0.664976 0.919646
0.533301 0.916067
1.47977 0.374738
0.48005 0.898827
1.53678 0.894611
0.255422 0.987841
1.11091 0.533782
1.17955 0.869859
1.72307 0.305801
1.11655 0.783486
0.53137 0.796559
1.22328 0.488048
0.734087 0.671207
1.62141 0.25453
0.568962 0.722682
0.96091 0.621615
2.04969 0.265201
1.0438 0.795489
2.11635 0.885571
1.20109 0.490888
0.811306 0.735951
1.35525 0.819322
1.36158 0.943812
0.285073 0.997598
1.07503 0.551415
1.26699 0.735303
0.540712 0.934824
1.39768 0.564174
1.61919 0.397624
0.979627 0.811287
0.739802 0.973247
1.08728 0.683315
0.72015 0.565618
0.621999 0.743456
1.34596 0.531936
0.687982 0.769966
1.46586 0.27193
1.15393 0.742305
1.18993 0.827397
0.775544 0.560862
1.43899 0.782457
0.671954 0.914271
1.44932 0.272085
0.992831 0.752888
0.914444 0.695367
0.348014 0.963463
1.10211 0.378185
0.438685 0.848396
0.180722 0.993605
0.798008 0.895792
0.541617 0.839695
1.05475 0.624206
1.32449 0.444182
0.827311 0.478384
0.863884 0.918517
0.99087 0.886602
1.14056 0.405427
0.594767 0.949458
0.813264 0.654549
0.746995 0.9198
0.966757 0.975847
1.10682 0.936739
1.1311 0.444381
1.4332 0.271907
0.734029 0.908188
0.790607 0.831465
0.861042 0.855693
1.52883 0.894355
0.919243 0.986032
2.335 0.895465
0.745205 0.886577
1.1678 0.812903
0.974143 0.87394
0.621672 0.690031
0.794176 0.780761
1.14033 0.891748
1.61699 0.900408
1.72357 0.933676
1.19731 0.464861
1.2493 0.963245
0.722597 0.572822
1.26719 0.937743
1.41229 0.541746
2.01906 0.346593
1.33113 0.805731
1.45536 0.941013
1.04686 0.636953
2.19143 0.709672
0.562445 0.821139
0.543451 0.761872
1.50068 0.796378
1.23482 0.460682
1.83282 0.491259
0.932343 0.880204
0.752492 0.858811
0.669357 0.63788
1.02231 0.655532
1.77062 0.412872
0.847213 0.933212
0.864374 0.87004
0.579262 0.935374
0.878765 0.861478
0.979751 0.895204
0.77855 0.866701
0.763654 0.965275
0.838388 0.670253
1.00152 0.834527
2.29524 0.358253
1.07372 0.521023
0.726284 0.909957
1.14628 0.9711
0.774968 0.509767
0.600372 0.76047
0.865097 0.639467
0.854489 0.548214
1.30184 0.853128
1.25821 0.324444
0.314064 0.918629
2.00183 0.642581
0.701343 0.998046
1.39838 0.923909
1.33203 0.910313
0.713213 0.835534
1.46149 0.528262
0.662758 0.723106
1.3266 0.554802
0.697071 0.789082
0.63998 0.743377
1.30809 0.834712
1.97652 0.321915
1.27783 0.861663
0.780305 0.639442
1.44564 0.433237
1.45582 0.833322
1.86636 0.673835
1.42855 0.956502
2.30334 0.721537
1.39308 0.719195
0.513236 0.942913
0.741175 0.787469
1.29875 0.610473
0.817806 0.847291
0.790934 0.726511
0.752356 0.890469
0.669285 0.63958
1.36341 0.55739
1.37155 0.311266
0.612476 0.923831
0.775838 0.580657
2.05693 0.714979
1.47137 0.529626
0.840288 0.95547
0.893607 0.744049
0.573098 0.801081
0.90886 0.610866
1.6278 0.494777
1.54831 0.351249
1.59104 0.572142
0.743799 0.919461
0.663862 0.728612
0.998403 0.610905
2.03206 0.995066
0.584733 0.772593
1.29612 0.463813
1.75368 0.99681
1.69266 0.95777
0.549745 0.718651
1.80405 0.932212
1.10088 0.651043
0.792378 0.731453
0.939841 0.700908
0.888938 0.491793
1.16494 0.686262
0.81404 0.740126
0.996803 0.97694
1.56811 0.933478
1.18932 0.5729
0.92234 0.85953
1.63867 0.988218
1.56624 0.440051
1.70722 0.826376
1.08546 0.960883
0.539025 0.884914
1.38172 0.297118
0.542557 0.994475
0.911244 0.49353
1.59885 0.877102
1.19522 0.64938
0.437956 0.932077
0.672655 0.685245
0.601826 0.815348
0.829984 0.698495
2.29641 0.479053
0.648361 0.622483
1.85503 0.64448
0.762763 0.970565
0.53198 0.952201
0.600491 0.688813
1.25829 0.704911
0.76095 0.76401
1.56833 0.637047
0.31095 0.922454
2.26115 0.811129
1.00978 0.550392
0.593194 0.662075
0.653748 0.863664
1.5779 0.265957
1.4226 0.421145
0.515285 0.841981
1.09027 0.888537
0.885474 0.925512
0.501519 0.819068
0.800101 0.828651
1.49313 0.435575
0.773966 0.593395
0.584237 0.807845
0.664774 0.711088
0.70208 0.998456
0.643235 0.789534
1.46869 0.530542
1.7227 0.232929
1.20203 0.722431
1.61587 0.325264
1.20042 0.658348
0.662215 0.883621
1.73977 0.651656
0.749784 0.626739
2.63225 0.552872
0.792405 0.797336
1.25978 0.471779
1.04639 0.827628
0.449279 0.938447
1.14499 0.434072
1.55061 0.464934
1.04578 0.881194
1.48421 0.491318
1.3104 0.395987
0.827839 0.866794
0.657444 0.685217
1.20782 0.870344
1.55554 0.534723
0.824386 0.881665
1.68076 0.667978
1.82677 0.675573
1.59172 0.631299
1.35923 0.855913
1.37856 0.496034
1.12421 0.69799
1.18354 0.416191
1.57226 0.816534
0.608245 0.876967
1.93497 0.71569
0.254587 0.949326
0.97753 0.94309
0.946406 0.535848
1.20374 0.816486
1.02935 0.719157
0.884796 0.631035
1.0844 0.692038
0.583783 0.796784
0.891384 0.569093
0.860502 0.562986
1.26311 0.776705
1.19943 0.903962
1.2535 0.532799
0.960839 0.807806
1.03597 0.806275
0.988682 0.417309
1.18852 0.735809
1.22533 0.48169
0.803634 0.606176
0.208462 0.981652
0.919696 0.798929
1.18432 0.339925
0.879728 0.479851
0.856104 0.727182
1.34719 0.713278
0.539863 0.960637
1.15757 0.82798
1.33194 0.914823
1.2261 0.487383
1.04663 0.59909
1.26522 0.318956
0.770492 0.667619
2.19041 0.951811
1.37079 0.732846
1.13227 0.696565
1.76728 0.579022
0.745603 0.955264
1.51499 0.354912
1.37528 0.561174
0.878131 0.95207
1.00196 0.71703
1.17774 0.491556
1.81463 0.657022
0.844367 0.925797
1.39541 0.538009
0.803359 0.526503
0.938637 0.759045
0.700674 0.703686
0.800211 0.636362
1.04107 0.376436
1.26057 0.9732
0.732863 0.835595
0.671653 0.947885
0.723806 0.608383
1.36898 0.819611
0.898674 0.929009
2.08994 0.788049
1.14903 0.557383
0.687231 0.906755
0.758128 0.535398
0.52388 0.766005
1.11232 0.730878
1.03585 0.946149
0.708125 0.713747
2.14638 0.720401
1.44754 0.305778
1.82082 0.346299
1.50488 0.676161
1.47084 0.773995
2.08995 0.893067
0.884832 0.533544
1.17663 0.675054
0.808504 0.924905
1.28786 0.640001
0.778529 0.57737
0.938541 0.950237
1.63589 0.381919
0.511755 0.835016
2.32192 0.795141
1.31381 0.729928
0.782499 0.517814
0.955996 0.638638
1.24179 0.728048
0.726551 0.821236
1.08482 0.533075
1.19828 0.88603
0.995095 0.792446
0.993798 0.781146
1.09828 0.546401
0.710338 0.791287
1.4005 0.736203
1.26162 0.696451
1.3296 0.314033
1.41582 0.982105
0.784446 0.628446
1.01361 0.66301
0.67098 0.60144
1.512 0.280025
0.873439 0.815579
2.12339 0.236091
0.898133 0.620157
0.924998 0.942207
0.608932 0.831761
0.850364 0.789975
1.6317 0.418064
0.377501 0.998072
0.423038 0.930123
0.833859 0.691217
1.13116 0.645857
1.31571 0.32885
0.611846 0.910019
0.115532 0.999992
0.883835 0.568504
0.538222 0.85972
0.824969 0.49035
0.883758 0.922673
1.04647 0.999196
1.05801 0.372936
1.34422 0.338414
0.997455 0.467529
0.778579 0.93525
0.704585 0.902576
1.46337 0.800462
1.06364 0.378954
1.19953 0.630763
1.16883 0.580389
0.710056 0.93518
1.17958 0.690961
1.3698 0.961374
1.01755 0.564373
0.953789 0.54818
0.834408 0.790162
0.894695 0.853517
0.794258 0.598532
1.49768 0.958058
2.39787 0.605191
1.27325 0.587793
1.34351 0.885977
1.02205 0.432522
0.985889 0.771289
1.46601 0.919193
1.21767 0.444685
0.75748 0.894824
1.32705 0.477861
1.07343 0.36352
1.25434 0.588771
1.85252 0.670273
1.5094 0.797806
0.779897 0.765176
0.905957 0.981562
0.950895 0.912932
2.39762 0.522996
1.75146 0.54357
0.956061 0.473334
1.12218 0.379001
0.540095 0.75533
0.908874 0.487202
1.01258 0.920056
1.17291 0.943723
0.828031 0.891627
1.45204 0.408339
0.864732 0.564316
1.06352 0.373131
0.514536 0.813655
1.04999 0.687777
1.9072 0.645688
2.25312 0.32926
1.23863 0.770875
0.70056 0.565434
0.958703 0.731384
1.13065 0.925918
1.28821 0.604711
1.67544 0.291176
1.31928 0.858749
0.351063 0.953816
2.25176 0.831346
1.00985 0.424767
0.943122 0.639572
1.05029 0.752145
0.600733 0.777995
1.65879 0.833685
0.989498 0.661306
0.650467 0.693263
0.88679 0.501688
0.368019 0.878422
0.552771 0.835011
0.566369 0.722781
1.35796 0.479361
0.758169 0.777826
0.417617 0.878434
0.912921 0.794023
0.496386 0.829342
1.03669 0.683294
1.20561 0.650057
0.79397 0.664504
1.04788 0.647647
1.30555 0.593692
0.940084 0.725053
0.690475 0.796671
0.380216 0.99827
0.94318 0.931511
1.05356 0.777746
0.569184 0.722857
1.25727 0.749232
1.47942 0.941342
2.25591 0.950371
1.07094 0.531066
2.22237 0.175566
0.842388 0.602555
0.328991 0.959851
2.04609 0.773321
1.15356 0.810798
1.05364 0.397692
0.549363 0.940758
0.638885 0.671831
0.755197 0.704693
0.604466 0.742822
1.32652 0.928534
0.306672 0.967249
1.3096 0.485677
1.69353 0.801577
1.1396 0.467427
0.819229 0.813518
1.75527 0.617357
0.659884 0.929757
0.95974 0.852159
0.980329 0.511914
1.16697 0.877027
0.712069 0.863028
0.879379 0.459836
1.03786 0.975672
0.80801 0.659844
0.836343 0.689737
0.685776 0.96633
1.2497 0.520865
2.08118 0.434316
1.09809 0.593705
1.44578 0.452137
1.5778 0.727182
0.709149 0.680657
1.2995 0.497047
2.32973 0.4585
0.983522 0.984982
1.44144 0.418289
0.84197 0.786968
0.353287 0.982408
0.8339 0.589143
0.805083 0.907865
1.17305 0.548535
1.07339 0.754958
0.429839 0.951199
1.4011 0.635496
1.35598 0.488578
1.3305 0.436819
0.862107 0.621751
1.40449 0.391354
0.35793 0.927079
1.36028 0.994677
0.60957 0.719676
0.542303 0.923563
1.28285 0.634531
1.00905 0.560826
1.00342 0.592961
0.867623 0.925862
0.76065 0.73525
0.630465 0.728792
0.876955 0.678597
1.23171 0.354912
0.524104 0.753225
0.592434 0.781084
0.587695 0.672575
0.435239 0.920642
0.693436 0.886924
1.31096 0.990803
1.68442 0.9437
0.942614 0.762088
0.447917 0.991526
0.651117 0.6482
1.10002 0.837141
0.63671 0.985348
1.75421 0.575175
0.824134 0.874585
1.1859 0.527886
0.691869 0.663757
1.09038 0.530452
0.952274 0.54581
1.12227 0.729665
0.851905 0.861474
1.2641 0.76356
0.441017 0.865305
0.86506 0.697649
1.51036 0.690122
0.846669 0.488644
0.629866 0.755817
0.75974 0.976901
1.24266 0.813387
1.30038 0.929188
1.35758 0.437176
0.911194 0.777009
2.0193 0.275564
0.959408 0.724164
1.64537 0.902747
1.39202 0.708818
1.001 0.971139
1.78881 0.527164
0.593207 0.977145
0.386074 0.865904
0.672182 0.682199
1.3167 0.348051
1.06409 0.383862
1.09465 0.40983
0.532017 0.951194
1.61902 0.255328
1.17049 0.876062
2.27938 0.180409
1.60481 0.409065
1.40656 0.62387
1.12272 0.730422
1.84858 0.829715
1.17842 0.569118
0.978645 0.528229
0.705232 0.916704
0.568816 0.814818
1.02414 0.42382
0.910208 0.457415
0.732631 0.825451
0.867826 0.479357
0.793152 0.718257
1.69782 0.298743
1.53189 0.927204
0.767847 0.5241
0.955163 0.783764
1.71496 0.743369
0.838851 0.634601
0.918337 0.914121
1.77828 0.584449
1.25493 0.996812
0.404795 0.875941
1.23745 0.875861
1.63437 0.884025
1.13642 0.374542
2.41852 0.710736
0.853264 0.56077
0.855608 0.637976
0.950306 0.455015
0.562265 0.711319
1.84923 0.528877
0.928067 0.822484
1.12979 0.50426
2.02455 0.780698
0.700131 0.568748
1.44992 0.533458
1.16199 0.533652
0.829501 0.540697
0.762567 0.605115
0.649714 0.727084
0.679625 0.91443
1.43145 0.803831
0.516657 0.848512
0.931488 0.450862
0.942497 0.937115
1.01282 0.778198
1.3144 0.494183
1.38731 0.737582
1.07048 0.950235
1.06618 0.36838
0.597655 0.776143
1.20168 0.32608
1.11383 0.844297
0.341134 0.989091
0.952952 0.955268
1.62689 0.380117
1.12948 0.862079
1.19639 0.581774
1.49296 0.875111
0.699796 0.776201
1.2571 0.575753
0.993249 0.478518
0.775714 0.620149
1.34199 0.85467
0.834033 0.593267
0.672413 0.939602
1.52283 0.57802
0.778471 0.823648
0.669388 0.970747
1.34215 0.928563
1.10394 0.896017
0.970099 0.532198
0.627379 0.624716
1.03409 0.566693
0.741857 0.87453
0.669061 0.863143
1.52622 0.699621
1.70589 0.768032
1.14655 0.619352
1.24068 0.452576
1.06849 0.868026
1.05021 0.451479
0.845321 0.486693
0.524466 0.945247
1.04584 0.503661
1.25484 0.738913
0.803508 0.736475
0.92577 0.87717
1.49802 0.898204
1.46997 0.274687
0.61619 0.856894
1.374 0.57634
0.550919 0.824374
1.17054 0.671332
0.607007 0.87558
0.860447 0.943562
0.540655 0.878749
0.523728 0.816658
1.87402 0.717403
0.932233 0.756973
0.58031 0.879916
0.615192 0.705322
1.46639 0.480279
0.864874 0.617241
1.49664 0.404932
0.93113 0.51107
0.90607 0.730943
1.49393 0.44614
2.30248 0.573797
1.03662 0.896049
1.62426 0.648915
1.06812 0.994405
1.60393 0.635334
0.758753 0.521671
1.43207 0.340352
1.17084 0.922331
1.13055 0.69079
0.551495 0.888075
0.591554 0.780749
1.77649 0.450812
1.43234 0.90234
1.24375 0.851917
1.57957 0.850492
1.09445 0.952397
1.29618 0.800957
1.59621 0.913504
1.36852 0.329757
1.01466 0.831976
1.16673 0.584231
1.08166 0.880297
1.51851 0.45246
1.56964 0.986114
1.84511 0.786231
1.0892 0.861395
1.256 0.5791
0.964514 0.756269
0.543286 0.866595
1.10384 0.971767
1.071 0.66157
0.629743 0.65529
0.942211 0.647122
1.20457 0.99557
0.843103 0.770962
1.16914 0.711681
0.763125 0.954227
0.630435 0.946074
1.31795 0.647691
1.71673 0.407031
2.63303 0.424025
1.67256 0.850084
1.07993 0.372542
1.19789 0.342841
1.16944 0.357815
0.217331 0.989998
0.862546 0.452389
0.825551 0.858586
0.725361 0.73538
1.53971 0.964979
1.26295 0.867847
1.23785 0.559637
1.47384 0.685343
1.00531 0.782528
0.890753 0.829125
1.07082 0.757723
1.24678 0.32125
1.57393 0.79587
0.77409 0.6694
1.74869 0.344902
1.41839 0.956697
1.09024 0.999373
1.18244 0.967208
0.670138 0.658045
0.47592 0.810796
1.22726 0.380856
0.765765 0.567265
1.83368 0.571214
1.12325 0.689758
1.43368 0.538304
0.523388 0.907929
1.06823 0.891826
1.27658 0.760616
0.643315 0.881501
1.00914 0.979654
1.35503 0.817664
1.32241 0.658036
0.610471 0.683285
1.11461 0.866632
2.16414 0.992336
0.674244 0.701575
0.538715 0.74235
2.13519 0.778263
0.771958 0.74488
0.692401 0.5734
1.37777 0.803779
1.0367 0.81545
1.26766 0.821792
0.943191 0.876014
1.99576 0.640419
1.36826 0.440741
1.10671 0.701604
1.64465 0.739527
1.16981 0.800689
1.41324 0.417311
1.21717 0.5916
0.684892 0.756052
1.43016 0.738464
0.707791 0.63778
0.564126 0.919936
0.997488 0.993674
1.65852 0.916266
1.44937 0.727831
1.85919 0.523821
0.550565 0.836113
0.830979 0.740322
1.21835 0.885314
1.69471 0.723628
0.858253 0.937749
1.38026 0.830397
0.788746 0.617563
1.07767 0.604288
0.891578 0.846846
0.588403 0.981228
0.939787 0.815166
2.05055 0.905205
1.87694 0.793213
1.57313 0.892839
0.991689 0.800558
1.64045 0.74078
2.11654 0.481414
0.682368 0.745833
0.960056 0.70694
2.18387 0.305516
0.763481 0.97996
1.09749 0.629089
1.81864 0.423157
0.637208 0.691898
1.10502 0.438405
1.72031 0.689505
0.457564 0.968406
0.807816 0.767685
0.698698 0.706974
0.759532 0.996732
1.00293 0.729945
1.25728 0.504591
0.50208 0.871051
1.88767 0.240253
1.2237 0.523089
1.15962 0.788861
1.21891 0.977268
0.569696 0.888851
0.901006 0.513917
0.67803 0.677559
0.687517 0.735438
0.800811 0.72979
1.14143 0.366646
0.568757 0.697082
1.29037 0.878366
0.792242 0.575998
1.29615 0.617229
0.994986 0.848452
1.21149 0.491096
1.23348 0.642336
1.75478 0.27767
0.107793 0.98925
1.52657 0.313304
0.879509 0.541328
0.755356 0.608524
0.716519 0.99004
0.401564 0.992753
1.27525 0.591031
0.932003 0.65674
1.11751 0.565616
0.974295 0.905197
1.44934 0.933014
0.919401 0.564218
0.550199 0.73553
1.17533 0.419257
0.78485 0.575572
1.66594 0.28316
1.0776 0.841883
0.651899 0.63723
1.03405 0.710626
0.86787 0.952947
1.42646 0.829496
0.56621 0.964108
0.672075 0.83665
1.18103 0.401745
0.673066 0.642429
0.690841 0.613411
2.02783 0.767849
1.26145 0.441082
0.878713 0.613473
1.3019 0.724309
0.691873 0.663393
1.57687 0.440465
1.40634 0.946461
0.550688 0.724375
0.977515 0.501176
1.22868 0.731064
0.548431 0.991583
1.12652 0.541344
0.815792 0.506226
1.24598 0.488781
0.805524 0.777956
0.745578 0.603262
0.745805 0.778302
0.569175 0.875525
1.14617 0.452589
2.22472 0.686735
1.58855 0.750605
1.94009 0.203523
1.2819 0.584378
0.3639 0.946797
1.67261 0.75162
0.774203 0.93092
0.572928 0.781967
1.26926 0.377442
0.417801 0.88874
1.43698 0.535365
1.08965 0.442934
1.49195 0.929439
1.39065 0.302851
1.47148 0.426295
1.12742 0.43172
1.07682 0.740724
1.38523 0.560595
1.09714 0.367058
0.757409 0.634561
1.47365 0.603148
0.741648 0.641312
0.612781 0.953659
0.775033 0.766993
1.27853 0.829703
1.58686 0.796455
0.988956 0.882644
1.07211 0.844997
1.49258 0.902494
0.81819 0.977595
1.49396 0.394778
1.22112 0.345485
0.850959 0.729393
0.823056 0.665364
1.17372 0.429675
1.25872 0.896586
0.909934 0.552116
1.19749 0.490754
1.24252 0.85781
1.08121 0.365199
0.773756 0.90722
1.32513 0.354049
1.21375 0.889878
1.13426 0.429786
0.654156 0.689098
0.930085 0.498148
2.16883 0.945357
1.31501 0.367979
0.771353 0.574874
1.5775 0.377085
1.22022 0.711848
1.68415 0.561424
1.10174 0.885648
0.602344 0.875663
0.790451 0.948586
0.492844 0.953532
0.722479 0.598417
0.856562 0.474732
0.910995 0.771739
0.647775 0.687219
1.09157 0.635298
2.39669 0.437868
1.182 0.346549
1.08592 0.475742
1.68814 0.912255
0.582222 0.976501
1.10626 0.901285
1.03052 0.97908
0.892992 0.706699
0.879021 0.699413
0.856502 0.714019
1.22487 0.586218
0.84582 0.863863
0.622287 0.754833
2.22356 0.784987
0.721935 0.80354
0.971459 0.669447
2.08636 0.742423
1.33932 0.5704
1.42791 0.945891
0.779371 0.532508
0.82491 0.502552
0.756998 0.523642
1.40457 0.892114
0.793593 0.54782
0.817966 0.532981
1.23016 0.991954
1.30091 0.345201
0.886056 0.869563
0.948051 0.729145
1.5324 0.700389
1.46177 0.336749
0.309367 0.988158
1.65221 0.787189
1.41837 0.586384
1.07945 0.495097
0.947429 0.449651
0.621345 0.979844
0.840303 0.473827
1.27842 0.783748
0.681472 0.77717
0.831075 0.487435
1.69456 0.529767
0.954183 0.958033
1.69633 0.271795
1.21274 0.60297
1.01635 0.415822
0.937754 0.622672
0.356098 0.9039
0.894656 0.476707
2.02901 0.33697
1.02101 0.568864
2.00588 0.718616
1.20654 0.482327
1.51598 0.585751
1.53344 0.781342
0.939848 0.460337
1.61551 0.37554
0.87026 0.635224
1.70447 0.579464
1.15583 0.90712
1.22202 0.688969
1.32301 0.411351
0.902039 0.708161
1.04799 0.866024
0.70547 0.72627
1.75601 0.468855
0.529232 0.913942
0.74997 0.859853
0.421588 0.891795
0.449013 0.954456
1.85086 0.538111
1.40518 0.315205
0.468754 0.909574
0.742609 0.777535
0.918022 0.56536
0.983852 0.897097
0.569072 0.770502
1.30554 0.299803
0.83384 0.58084
0.571357 0.737807
0.830432 0.833517
0.52496 0.755278
1.50504 0.886625
0.745328 0.642521
1.24774 0.35659
2.35541 0.819037
0.748292 0.997488
1.10106 0.885496
0.931848 0.78923
1.01193 0.701945
0.526938 0.915921
0.694136 0.886863
0.510029 0.982283
1.36668 0.892459
0.994616 0.453154
0.708051 0.821403
1.23156 0.442704
0.562047 0.806454
0.812661 0.601006
0.41953 0.87909
0.578773 0.946368
1.51488 0.448107
1.23042 0.317615
1.21289 0.827703
1.02896 0.752066
0.502996 0.926177
0.636607 0.639246
0.525794 0.826854
2.11144 0.431812
1.16638 0.359201
0.84592 0.483449
0.603825 0.791275
1.15091 0.959853
0.870963 0.665544
1.46636 0.949841
0.722906 0.959719
0.881048 0.989062
0.695817 0.634153
1.37204 0.446788
1.38545 0.335875
0.61738 0.758949
1.12222 0.367164
0.838262 0.689268
1.2428 0.320737
0.571585 0.82102
0.649858 0.60011
1.44333 0.659487
1.4274 0.500594
0.810531 0.887521
1.49074 0.301358
1.32025 0.77677
0.668305 0.875355
0.425194 0.837487
1.04308 0.827784
1.45226 0.618864
1.16524 0.641616
0.621677 0.776103
0.504609 0.91588
1.82133 0.234053
0.774692 0.999389
0.898627 0.476391
1.10639 0.398059
1.31515 0.533448
2.57418 0.893943
0.352367 0.887987
0.898922 0.931736
1.2615 0.336402
0.740509 0.85606
1.49249 0.309174
1.36411 0.366433
0.744652 0.604986
1.55119 0.982451
1.29145 0.961972
1.08687 0.845465
1.26121 0.980598
0.600987 0.692398
1.25411 0.855373
0.9448 0.963889
1.47805 0.336449
0.732872 0.946987
0.973126 0.903194
1.67139 0.461791
1.37383 0.59701
0.631747 0.774026
1.59827 0.614606
1.75243 0.531937
1.35442 0.467236
1.05161 0.525559
0.695865 0.768096
0.834984 0.65341
0.96743 0.999402
0.892454 0.721496
1.17566 0.559771
1.06134 0.501838
1.05421 0.557876
0.859041 0.837905
0.889383 0.662726
1.46136 0.307827
1.71449 0.617115
1.36097 0.545467
1.53664 0.360163
1.16375 0.946499
1.39848 0.577309
0.878249 0.513973
1.07754 0.511908
1.03547 0.686665
1.65245 0.887277
1.49805 0.499064
1.83442 0.788158
0.730103 0.702495
0.868304 0.687968
1.53377 0.77394
0.669056 0.938577
1.12142 0.561125
1.00297 0.544983
1.69906 0.244127
1.3112 0.449951
1.6658 0.44384
0.890859 0.723965
0.707485 0.665327
1.05352 0.601302
0.195069 0.988941
1.11537 0.742955
1.04522 0.843845
0.168695 0.997996
1.07675 0.392829
1.26602 0.822631
1.59277 0.751741
0.112802 0.992097
1.25756 0.788107
1.28533 0.936401
1.17762 0.860333
0.379743 0.946835
1.78288 0.399802
1.63268 0.900624
1.38924 0.908817
1.64107 0.357496
1.39212 0.992683
0.455631 0.845084
1.10173 0.99244
2.48852 0.344942
0.842075 0.646059
1.36428 0.804677
1.36325 0.63429
1.05003 0.736818
1.78073 0.744113
0.931841 0.840822
1.08598 0.944524
1.0013 0.853487
1.30953 0.341769
1.11849 0.379535
1.55717 0.426972
0.742113 0.79078
0.843127 0.777045
0.735902 0.957369
0.777319 0.621327
1.0898 0.694039
0.917526 0.737851
0.77243 0.549215
0.948314 0.847417
0.709873 0.608384
0.318096 0.968683
0.842454 0.851414
0.895637 0.806215
0.314518 0.942458
1.18515 0.330517
1.45699 0.895247
1.22855 0.635109
0.729047 0.871495
1.09282 0.670941
1.15921 0.729608
0.832137 0.752643
0.614933 0.85792
0.819529 0.615613
1.07221 0.762818
0.422454 0.846086
0.837757 0.75455
0.774108 0.894944
0.401008 0.943367
1.11461 0.778467
1.17841 0.406821
1.02312 0.907634
1.37086 0.707017
1.13763 0.865639
1.49093 0.54288
1.7042 0.725593
1.31251 0.731565
1.2903 0.624486
1.05287 0.81967
1.57928 0.262325
0.65985 0.857189
1.84407 0.645258
0.62297 0.809477
0.756198 0.601246
1.05923 0.708944
1.02088 0.882819
1.92102 0.352371
2.24391 0.907951
0.893453 0.587081
1.82775 0.624757
1.26443 0.415838
0.708668 0.798413
1.27985 0.630186
1.58525 0.974118
0.219459 0.988063
1.13317 0.431057
0.773104 0.741596
1.17233 0.523553
0.633573 0.732671
2.09284 0.711136
1.02267 0.56907
0.838184 0.853309
0.907364 0.507611
0.719946 0.977364
1.18922 0.689376
0.726125 0.671812
0.377655 0.934942
0.693755 0.604905
1.79366 0.961222
0.847026 0.504074
0.940012 0.475932
1.76199 0.819156
1.36028 0.323927
1.16684 0.733418
1.34734 0.781953
1.05189 0.804648
1.05262 0.682597
0.280005 0.926706
1.14462 0.595642
0.83655 0.623429
0.561272 0.977474
0.771338 0.912947
0.74499 0.971828
1.08779 0.456338
2.55509 0.435389
1.13737 0.374054
1.0766 0.462774
1.40794 0.452177
1.10777 0.537216
1.18493 0.658217
0.913336 0.936508
0.741775 0.978876
1.31929 0.38194
1.13452 0.59891
1.24693 0.708921
1.28 0.466922
0.906047 0.982395
1.44697 0.359862
1.65709 0.744344
1.09479 0.70874
0.553512 0.717894
1.30297 0.844617
0.539172 0.998141
0.486471 0.887862
1.01817 0.586994
1.06105 0.834714
1.3343 0.46412
0.218335 0.99076
1.01373 0.988819
2.06119 0.46406
1.21221 0.612594
0.825379 0.928149
1.33071 0.938022
0.696302 0.842079
1.53357 0.586118
2.04614 0.241945
0.845088 0.566845
1.36491 0.38397
0.542562 0.735221
1.3248 0.580143
1.09467 0.889999
1.07777 0.362494
0.851933 0.650589
1.51539 0.935604
1.91843 0.301957
1.08453 0.729979
0.685855 0.783063
0.964737 0.905281
1.00444 0.611111
0.797351 0.569322
0.876863 0.991736
1.11132 0.527144
0.779058 0.673412
1.5099 0.873044
0.794371 0.99337
1.00596 0.557879
1.87873 0.292042
1.44123 0.813868
1.0029 0.988323
0.832316 0.646686
0.825642 0.798172
0.502091 0.934979
0.962962 0.544698
0.778464 0.762976
1.23834 0.349414
0.744124 0.793852
1.54978 0.926753
0.906609 0.828429
1.404 0.575705
0.700742 0.977762
0.640711 0.89591
1.10455 0.477587
1.05719 0.835989
0.908013 0.720244
1.38943 0.668024
1.14235 0.975337
1.37637 0.74943
1.40816 0.883288
0.25894 0.966023
1.43781 0.892667
1.20999 0.516362
0.890862 0.803335
2.2557 0.176378
1.44443 0.803679
1.69953 0.254612
1.16688 0.401236
0.363083 0.953276
0.945869 0.458854
1.85525 0.950673
0.395494 0.967325
1.90397 0.270392
0.636579 0.690143
0.689551 0.600514
0.689766 0.699028
0.88277 0.44526
1.82536 0.686188
0.445889 0.854027
1.68831 0.380277
0.838813 0.903593
1.24015 0.861888
1.05025 0.706157
0.737585 0.779781
1.827 0.227545
1.66651 0.992179
0.747628 0.688143
1.37822 0.634718
1.51852 0.741851
1.31163 0.351731
1.19352 0.662888
1.15836 0.929535
0.742779 0.716077
1.01675 0.927231
1.74233 0.737224
0.958847 0.905624
1.07315 0.77035
1.81129 0.330395
1.05399 0.447846
1.21158 0.928045
0.969 0.866681
0.926268 0.95517
0.772844 0.602408
0.632075 0.737412
1.19078 0.719129
1.18026 0.779042
1.67345 0.267869
1.24412 0.642501
1.36482 0.346848
1.18779 0.876927
1.04773 0.392951
0.662552 0.978283
0.824107 0.532389
0.750692 0.797053
0.285006 0.933222
0.863432 0.949687
0.554125 0.803471
1.07036 0.653669
1.1184 0.627718
0.880875 0.972508
0.693938 0.842417
1.63982 0.244083
0.724865 0.901847
1.32361 0.769888
0.834474 0.908974
1.38854 0.467703
1.27965 0.701421
1.04668 0.486648
0.863269 0.65562
1.07544 0.663306
1.18032 0.908035
1.22664 0.511294
1.41149 0.854541
0.677576 0.758763
0.903002 0.717502
0.569101 0.948621
1.07645 0.635197
0.719282 0.60816
0.558459 0.811982
2.01622 0.348731
0.642116 0.777068
0.710557 0.557005
0.674074 0.655316
0.585456 0.716579
0.730592 0.622307
1.17837 0.852052
0.198543 0.976988
1.91793 0.505696
1.71799 0.413706
1.12217 0.411825
1.14964 0.914881
0.622682 0.992891
0.641368 0.906362
1.41178 0.341482
1.00933 0.57871
1.49701 0.300101
1.61238 0.864227
1.04672 0.693415
1.30187 0.404456
0.882911 0.752008
0.984676 0.97052
1.0686 0.921971
1.94149 0.481348
1.64311 0.889219
1.16845 0.878866
1.11566 0.495257
0.643128 0.627977
0.883109 0.822341
0.917415 0.919552
0.962881 0.936865
1.17358 0.981733
1.09123 0.649764
1.69348 0.746232
0.884225 0.919899
1.47091 0.354496
0.806216 0.810239
0.885554 0.630596
1.52754 0.768877
1.00587 0.488052
1.53035 0.590407
1.71706 0.395662
1.41572 0.564364
1.51358 0.306618
0.759784 0.77301
1.59457 0.436402
1.76277 0.230662
1.22782 0.879424
1.25112 0.652981
1.70879 0.77619
1.63207 0.253948
0.570108 0.695906
1.88622 0.827306
1.85822 0.754268
1.26234 0.926736
0.774941 0.87469
1.13737 0.871012
1.68289 0.705552
0.598158 0.659209
1.16604 0.662467
1.39289 0.887803
1.57366 0.489588
0.848158 0.673389
0.709712 0.958116
1.70655 0.954089
0.891423 0.809662
0.886206 0.953873
0.70517 0.842163
0.947055 0.432853
1.18097 0.409549
1.48537 0.519782
0.680611 0.942949
0.587999 0.800901
1.34086 0.464292
0.686586 0.751635
2.38658 0.659944
1.57014 0.458478
0.598038 0.662629
0.998276 0.517708
0.552395 0.801463
1.25922 0.786328
2.50306 0.864721
1.00625 0.464108
0.895866 0.686136
1.02626 0.436762
0.857826 0.783393
0.669242 0.958988
0.850685 0.84515
0.681748 0.844002
1.51871 0.613615
2.07304 0.603743
1.57661 0.849733
1.37639 0.432962
1.70054 0.970644
1.11674 0.821302
0.96153 0.508759
1.57039 0.950285
1.56197 0.25603
0.624305 0.980711
0.392696 0.921679
0.479406 0.92825
1.6224 0.420245
0.527459 0.863805
0.986102 0.424097
1.09459 0.90295
0.944096 0.433518
0.933023 0.89953
0.893327 0.993441
0.608002 0.750655
1.39289 0.552053
0.687804 0.608596
0.258804 0.987055
1.06626 0.590074
0.722471 0.919219
2.35861 0.280729
1.49985 0.277476
1.09849 0.78674
1.27033 0.487875
1.40408 0.716716
1.85865 0.862846
1.41251 0.792839
1.21532 0.586444
1.37833 0.676757
1.1014 0.868657
1.73276 0.655258
0.654161 0.975663
0.951436 0.410596
0.928095 0.748149
0.338572 0.967682
0.549404 0.899258
1.30876 0.748856
0.6507 0.810896
1.31386 0.80279
0.665554 0.997752
0.987997 0.986997
1.42068 0.534979
1.19218 0.331988
0.821167 0.965994
0.680723 0.844167
0.601521 0.723813
2.0305 0.854192
1.05977 0.378155
2.31057 0.279381
1.06758 0.746513
0.662564 0.619766
1.69587 0.301741
0.457601 0.984378
1.71856 0.418842
1.3139 0.941486
0.866146 0.795555
1.11003 0.696507
1.22196 0.492202
0.783449 0.763042
1.50471 0.384329
1.13853 0.536573
1.32935 0.506652
2.57216 0.679444
0.630135 0.909898
1.22668 0.507041
1.03144 0.575735
0.843384 0.557096
1.20956 0.582417
0.476498 0.955012
1.21211 0.342571
0.64391 0.969567
0.795398 0.609508
1.50693 0.649267
0.601432 0.99085
1.48999 0.828515
0.652907 0.730395
1.8133 0.971919
0.57626 0.762796
1.19366 0.871382
2.19498 0.749573
0.649018 0.85589
1.16525 0.819255
1.44844 0.82736
0.391161 0.9819
0.716383 0.920834
0.55023 0.820192
1.28697 0.695867
1.16907 0.65787
0.472016 0.933518
1.33083 0.428183
0.733593 0.991112
1.2297 0.828023
1.49091 0.91052
1.64527 0.611704
1.46579 0.646879
1.3311 0.667591
0.695282 0.970116
0.524004 0.745235
0.538127 0.825606
0.386395 0.963075
0.673333 0.729714
1.59702 0.807889
1.84041 0.600733
1.44243 0.873311
0.235165 0.96501
0.785074 0.526756
0.839401 0.604054
1.2999 0.834459
0.821612 0.500321
0.61854 0.787829
0.720498 0.617822
1.47592 0.600126
0.715414 0.833323
1.00055 0.592812
0.943755 0.956893
1.09997 0.791517
0.879181 0.875285
2.13467 0.447909
2.01221 0.898652
0.881549 0.633779
1.0217 0.600267
1.05879 0.610953
1.03446 0.506186
0.510811 0.916183
1.16317 0.553795
1.58161 0.763816
1.49443 0.880336
0.784489 0.620026
1.90382 0.678378
0.940607 0.907017
0.655978 0.83979
1.61037 0.315316
2.25619 0.755044
2.04243 0.722963
1.18073 0.914972
1.48921 0.687299
1.18744 0.807871
0.719945 0.583653
0.700367 0.626448
1.00546 0.705554
1.16718 0.68325
0.679581 0.966368
1.00676 0.411739
1.76801 0.852059
0.64784 0.774827
0.636649 0.839395
1.30049 0.819105
0.76698 0.971209
0.321028 0.985258
1.61814 0.4515
0.641336 0.626909
1.35427 0.39507
0.259447 0.996541
0.382704 0.97604
1.85199 0.842171
0.457594 0.90985
0.732136 0.546736
0.755196 0.631951
0.819224 0.79377
1.50042 0.824189
0.534449 0.770371
1.12188 0.54621
1.13792 0.352001
0.996374 0.89336
2.20876 0.640777
3.05097 0.399826
0.802178 0.515978
0.464622 0.941666
1.61456 0.666421
1.5378 0.728496
1.40427 0.744435
0.921662 0.646365
0.787697 0.67174
1.26776 0.788186
1.21539 0.44189
1.47358 0.784589
0.724433 0.99884
0.977218 0.557246
0.824803 0.983096
0.916098 0.705946
1.18713 0.800552
1.14429 0.757152
1.73985 0.91955
0.878436 0.860924
1.34498 0.805458
1.20718 0.808975
1.66663 0.990679
1.59579 0.405194
0.862921 0.906195
1.22639 0.982708
0.749506 0.703395
1.22727 0.642965
1.20867 0.512074
0.998478 0.394846
0.621516 0.945884
2.51865 0.64267
0.612055 0.808259
0.909051 0.71202
1.05163 0.734224
1.02363 0.717681
1.34252 0.709474
0.795516 0.990671
0.737012 0.882685
1.09445 0.921014
1.26811 0.360092
1.69386 0.827064
0.92373 0.62814
0.477804 0.969063
1.00263 0.829022
0.786002 0.712924
0.78291 0.737051
0.900791 0.801297
1.75033 0.448305
0.411448 0.910692
1.19002 0.349182
1.14325 0.889441
0.493921 0.834698
0.966616 0.645206
1.62659 0.417818
0.918478 0.961712
0.972034 0.883804
0.816359 0.591598
1.07481 0.568705
0.889492 0.483077
1.46045 0.413646
0.893633 0.475861
1.24412 0.489096
1.11102 0.669219
1.61718 0.424938
1.45031 0.93988
0.937675 0.508177
0.886693 0.909559
0.978586 0.687006
0.478409 0.841476
1.03557 0.805812
0.470984 0.941592
2.12296 0.566503
0.916609 0.925851
0.625537 0.789111
1.47543 0.818854
0.722453 0.549959
0.840542 0.753374
0.868512 0.56823
0.917289 0.937071
0.912634 0.965265
0.820606 0.727821
1.64543 0.466386
0.924338 0.979909
0.882331 0.940253
0.838657 0.612292
0.547461 0.990326
1.06091 0.685542
1.08099 0.703431
0.678655 0.948664
2.03712 0.732527
1.05547 0.968447
1.74161 0.263831
0.850374 0.47142
0.305921 0.9881
0.988602 0.779454
1.10565 0.91728
0.708166 0.706675
1.06192 0.798151
0.622599 0.671396
1.11879 0.5959
0.363804 0.959107
0.849473 0.920406
1.08908 0.959685
1.39277 0.798873
1.33568 0.695327
1.24842 0.483781
0.860932 0.906618
0.841022 0.52268
0.882353 0.820551
1.33803 0.899949
1.23973 0.941979
0.876748 0.736467
0.758198 0.867467
1.15418 0.744574
1.53754 0.913607
1.84799 0.676201
1.08597 0.392071
0.82447 0.897552
1.3398 0.342449
1.68373 0.9454
1.53134 0.254658
0.86681 0.58419
1.58577 0.251293
0.84 0.520421
0.84496 0.987758
0.604635 0.87062
1.09664 0.953772
0.882437 0.54201
0.832974 0.652979
1.18549 0.605603
0.949778 0.720802
1.04054 0.45676
0.888593 0.750137
1.51576 0.870158
0.591038 0.699136
1.04646 0.878233
1.69046 0.777154
1.39675 0.583138
2.12902 0.474154
1.34151 0.388562
0.87081 0.725521
0.817342 0.760702
0.594111 0.729252
1.43041 0.555053
1.54057 0.856513
0.724555 0.911045
0.496002 0.968207
0.534589 0.78932
1.00523 0.794184
1.41414 0.302873
0.744922 0.919848
0.783848 0.873145
1.1908 0.980874
1.15605 0.911375
0.319546 0.950377
0.654151 0.627895
0.944627 0.524846
0.868707 0.66643
1.00643 0.551175
0.777127 0.780151
1.77124 0.307107
1.01027 0.731263
0.874935 0.757776
0.798777 0.8149
1.03733 0.667101
0.928899 0.765281
1.71316 0.363144
1.56203 0.968757
1.70069 0.614511
0.537956 0.886753
1.18625 0.960957
1.15759 0.352682
1.61892 0.384224
1.05512 0.86312
0.702791 0.872913
1.55993 0.281659
1.33266 0.668449
0.717522 0.546961
0.610168 0.976987
1.39762 0.887712
1.31947 0.965049
0.68102 0.774793
1.64413 0.656935
1.04535 0.82127
0.794492 0.562884
0.662577 0.61934
1.02423 0.676209
1.32536 0.985408
1.4605 0.565207
1.21981 0.44323
0.91 0.550588
0.85379 0.820274
0.483936 0.924992
0.967719 0.61829
0.967902 0.946277
0.748734 0.834484
2.27482 0.973169
2.12981 0.378451
1.21521 0.376769
2.07787 0.215958
0.869356 0.478786
1.38829 0.63607
0.672523 0.77915
1.07725 0.537411
1.02133 0.618763
0.832143 0.693538
0.86073 0.562526
0.910142 0.876489
1.71708 0.866964
0.931747 0.653504
1.15581 0.41903
1.06345 0.401053
0.747269 0.671533
2.04229 0.305839
1.4375 0.941909
0.865692 0.658529
1.09994 0.942454
1.08492 0.519637
1.54238 0.657002
0.309757 0.936451
1.25894 0.345533
2.50128 0.669724
0.39405 0.973662
0.916833 0.727503
1.05016 0.641481
0.560781 0.811655
2.69615 0.743564
0.969942 0.468511
1.41193 0.277454
2.0613 0.46384
0.431274 0.925394
0.809334 0.578424
1.61209 0.328553
0.747673 0.935751
0.476 0.802771
1.94824 0.490794
1.74534 0.908427
1.25492 0.842707
1.08448 0.861906
1.55579 0.460387
0.876538 0.966613
1.2147 0.989579
0.698632 0.627024
1.27673 0.660458
1.5756 0.444202
1.26224 0.48871
0.874855 0.856276
1.30935 0.529437
1.24204 0.32375
0.936931 0.817716
0.746133 0.877395
1.3335 0.683271
1.16764 0.58077
0.913904 0.845412
1.11272 0.896035
0.510303 0.957936
0.253539 0.94205
1.11544 0.381216
0.507288 0.943218
1.85817 0.776394
0.558619 0.828286
0.678307 0.872335
0.669354 0.897502
0.113736 0.990194
1.2166 0.988471
1.87653 0.657042
1.65593 0.477724
1.05446 0.851981
0.785664 0.839019
1.58663 0.357384
0.789676 0.987853
1.58236 0.300573
1.13194 0.926425
0.616822 0.95106
0.301501 0.953128
1.18556 0.507056
0.665853 0.676418
1.03867 0.868904
0.314392 0.955178
1.38773 0.472733
2.00808 0.290105
1.01244 0.539774
1.27475 0.480686
1.28729 0.420155
0.621067 0.805536
0.747627 0.627539
0.394107 0.896471
0.942581 0.973168
1.71543 0.523156
0.659504 0.939689
1.23393 0.869694
0.866913 0.915006
1.05771 0.431733
1.13853 0.997982
0.638219 0.719187
1.49961 0.450449
0.168146 0.993236
1.49437 0.567913
0.9577 0.86175
0.918255 0.765875
1.50226 0.989797
0.449679 0.981643
0.887668 0.730167
2.55954 0.15443
1.06998 0.960641
1.25407 0.974445
1.15586 0.822434
1.42252 0.406586
0.85558 0.797234
