2.40188 0.943829
1.83099 4.9844
-2.64777 4.6823
-3.22225 2.5397
-1.22603 3.28871
-2.35216 2.13401
0.357117 4.17297
-4.58397 3.06969
-4.62768 5.04177
-4.43321 1.00944
-0.870676 5.39112
0.126398 -0.0396838
0.375523 2.24287
-1.06417 6.72775
-3.07483 4.71358
-0.73255 4.69914
-1.99771 5.91529
-3.16685 0.524584
-0.740046 -2.13944
-4.07786 3.63227
2.90233 0.488929
-1.42298 -2.36904
-3.33334 2.3976
-2.24793 4.60249
-0.874646 3.67724
-0.683936 -2.6072
-1.62362 6.31835
3.3081 4.20952
-3.15707 4.38534
0.399788 0.540487
0.878614 -1.34026
-1.59895 5.80075
2.29201 0.303371
-3.71032 5.93372
-2.4964 3.8667
3.56468 2.8864
0.57304 5.58676
-1.6044 6.2397
-2.01563 5.14767
0.842185 6.10972
-1.17509 -0.84175
0.410806 1.31953
0.195965 -0.189406
1.86002 0.0745786
-1.52966 -0.738934
-4.12467 -0.237653
-0.435562 1.16501
-1.04556 4.60475
0.84445 0.831883
1.49771 0.686635
-3.0584 -0.677385
-0.155115 -0.555873
-4.4761 4.32149
-4.74525 4.9347
-4.35898 4.45071
-5.47471 2.21563
-4.23789 -0.599376
1.97798 4.32654
0.565636 6.67405
0.394584 4.59735
-0.797899 -2.21768
-1.3858 5.19677
-0.266814 4.55581
-0.0610784 -1.19628
-4.36868 0.916902
-2.40905 2.52485
-0.2057 1.52576
0.873874 -2.0036
-0.69192 4.57294
-0.230289 5.77614
1.47809 3.2891
2.73271 5.31038
0.668803 1.97259
-4.36032 5.30012
0.49707 -0.519559
0.294797 -0.70863
1.0062 0.168671
-2.71223 -0.68572
-5.25839 3.33072
-3.76344 3.51132
-0.89314 6.71466
-3.19958 2.46107
1.19269 -1.86719
-1.28517 2.9254
3.44318 1.50918
-2.63649 5.47684
-2.55057 2.98481
2.33243 -0.661083
0.75476 1.8295
-1.18064 0.0495569
1.12087 -1.17444
0.218228 -2.59136
-1.86016 3.95984
0.739365 3.3764
-2.52884 -1.15378
0.0910589 3.27158
1.30729 0.283744
1.40438 -0.977872
3.20914 3.84757
0.531304 -0.427345
-0.67559 -2.12356
-3.39503 5.77384
0.861249 -2.0626
-4.88724 0.616009
-0.233095 2.93211
0.665566 -0.112222
1.75767 -0.116206
-2.70358 -1.10249
2.27391 0.314791
-4.11799 1.36497
1.64871 3.99075
-4.78857 3.85786
-2.16168 4.74274
2.61917 -0.964518
1.93657 2.48042
-3.02712 6.04932
-1.01856 2.762
-4.37243 -0.260888
2.64579 1.92399
-1.36338 5.48942
-1.04023 -0.089467
-4.19579 3.84178
1.2755 -1.60942
0.0310882 1.92422
2.38134 4.24252
-4.21792 -0.780345
-1.01475 -1.78741
-4.61762 0.604426
-2.75193 6.31895
3.08485 3.22095
2.36828 5.18128
-1.03926 0.349717
-2.05673 3.58831
0.0888284 -0.410939
-4.92152 3.47207
-2.36402 -0.117305
-2.68614 -2.08851
-1.72672 6.34495
-0.164297 -0.345387
0.587467 4.61778
-1.12573 -1.42728
2.83037 3.25665
-0.822853 -0.921564
-0.424394 1.26199
2.29939 0.943884
-3.55673 0.260135
1.2936 3.38654
1.83282 4.74386
-3.06322 -1.85332
2.65535 4.21006
-5.50838 1.49105
-3.89117 1.73894
-5.00441 0.828959
-2.98237 3.5712
2.09095 -1.68298
-1.42284 4.80868
0.920764 1.4256
-4.80889 2.89637
-0.213651 2.29899
-0.0495473 0.619168
-2.95715 5.88723
-1.23415 -1.3018
0.0972911 2.25747
0.189254 2.96196
-3.66344 5.29808
-1.18267 -0.745091
2.26769 -0.0917132
-2.42807 5.78278
-2.55749 5.14909
0.591461 -2.63673
-3.42531 4.78257
0.259641 5.36104
-2.91843 -0.789906
-4.01979 3.12442
-4.90267 3.74605
1.82262 4.19462
-3.99648 1.01188
-2.84342 1.34009
-3.69004 0.857482
-0.67154 -1.45276
-0.446023 -2.85421
-2.19785 0.821672
-2.94592 4.37408
-3.39555 3.49659
-0.476836 6.19591
0.859863 5.09785
0.978482 0.119505
-0.670402 5.4391
0.184468 3.42693
-0.814851 1.00709
-2.37846 4.18867
2.01897 3.77812
-5.36439 3.85722
-4.12384 3.18958
1.00301 2.67831
-2.94761 -0.384297
0.553681 5.57555
-4.18839 0.413545
0.673405 5.79009
0.533049 0.132296
2.85014 -1.13735
-4.42861 2.03461
2.28957 3.75654
-2.05479 4.06067
2.68924 2.47397
1.38959 6.32485
-0.485571 6.3342
-1.05593 2.52568
2.14139 2.94497
3.35852 0.245414
2.74309 2.89157
0.37771 4.59324
1.75421 4.9491
-3.37215 3.04379
-1.29436 -1.33045
1.9549 5.65085
2.73021 3.64414
-1.87517 3.11981
-0.0310097 3.45602
-0.614435 -1.51658
-0.209785 -2.67037
1.0091 2.18151
2.32609 2.15049
-4.87352 1.8981
-0.89651 -2.515
2.14351 0.846584
0.376564 1.52122
-4.56018 1.13078
-3.52967 1.06767
-0.262788 5.12947
-0.173177 1.46743
-1.22639 6.95165
0.407663 2.9728
-3.77398 -0.802122
0.302432 6.23513
1.37939 1.62852
-1.61438 5.50586
2.99086 4.67014
-2.66431 2.36743
-3.80864 1.77551
3.4982 1.66169
-4.16235 1.58039
1.80224 4.66448
3.04782 -0.424146
-2.68154 1.02379
-0.392155 2.54448
0.221666 -1.08972
-1.22039 0.601051
0.538799 6.16523
-3.89308 3.06542
-2.26444 -1.00997
0.465202 2.92692
0.76554 2.96341
-5.4114 2.60872
-0.363826 -0.573742
0.0142672 4.70686
-4.26935 1.47982
-1.12279 4.95231
0.390092 6.65682
-4.44664 -0.0711088
2.82204 0.66028
2.99431 4.47638
-1.24194 -0.270129
2.65679 3.23194
1.18666 6.2454
-4.15934 -0.177162
-4.32835 -0.97023
0.261252 -1.23761
-4.73331 -0.724481
-1.38152 3.48545
0.142267 -2.29443
-2.06254 1.96431
-1.63415 -0.0682263
-3.55931 6.12391
-0.338355 -1.09291
-5.65284 1.31844
2.13904 4.53383
-5.64334 2.23548
-3.99053 3.61792
0.997871 0.276161
2.89343 3.46712
-2.58518 -2.49832
1.66701 5.0333
0.98713 3.81922
3.04187 0.129397
1.52479 -0.0206678
2.09371 -1.10936
-0.0888941 -2.46561
-3.55851 -1.63829
-0.108814 -2.41948
-1.3095 -0.430309
-0.129888 -1.31163
-0.154148 1.76355
-0.734774 2.8225
1.29398 -0.747644
-3.35828 3.33585
-0.618247 -2.83349
3.31518 0.47546
-3.94286 2.22629
-1.99015 0.0716833
0.799037 3.45134
-1.56661 -0.309777
1.03186 0.328921
-3.85476 4.59208
-3.41888 3.83574
2.52411 3.00763
-2.78522 3.6796
-0.731698 5.48
-3.4979 -0.437721
-5.26764 2.14382
2.89813 3.11411
-0.689673 5.21331
-2.56041 0.599422
-5.94924 1.87254
-3.07114 4.08262
2.20146 2.0741
-1.32529 -2.21742
-4.09016 1.83648
-5.15589 -0.551417
1.11355 3.11241
2.67469 -1.33906
-1.24053 4.57282
-0.213874 4.36462
1.43727 6.22572
-5.03596 4.87642
-3.25103 -0.606792
1.4673 -0.227864
1.60862 -2.03319
-2.5846 3.92463
-1.43486 1.34398
0.540287 0.239833
0.00492179 -1.70024
-5.18735 0.779972
-4.63044 3.59878
-0.175504 -0.891368
0.683255 2.28885
-2.87657 6.43222
1.68206 -1.77914
-5.61735 2.14936
-2.007 -0.884345
-1.4735 -1.39838
-2.91753 1.33758
-4.73778 1.61949
1.85932 3.84677
-0.729251 -1.22867
-2.12004 2.96191
0.384094 4.0034
-0.605866 1.06615
2.22426 2.77678
1.89244 0.742009
-2.18112 -2.02509
2.07959 0.873225
1.47277 6.34181
2.49272 5.31462
1.14432 3.35204
-0.838614 3.24658
-0.975987 2.78813
1.55946 2.99707
-4.04102 4.7741
2.44281 4.35311
-4.15975 3.66707
-2.8701 -1.94424
-1.20223 -0.296795
-4.00276 -0.122636
0.57643 6.47001
-3.78082 2.06915
-4.57881 -0.0539871
-0.389926 3.4452
2.73414 -0.671519
0.739961 3.29359
2.32555 5.12997
-0.0959287 3.17582
1.63764 4.74432
-3.15711 -2.23247
-4.21013 0.597859
-1.56957 0.787105
0.475223 -1.99314
-2.74289 5.6944
0.0760033 -1.95826
2.05789 4.49719
-2.01225 0.667963
-2.05761 -0.278107
-0.00355577 -2.31765
3.01549 1.32199
2.81232 3.7485
-1.39348 1.71639
-3.07568 -0.755845
-3.53929 2.76721
-2.98831 -1.7392
1.49443 1.80155
-1.14134 -1.07514
-3.06829 -1.15423
-3.11248 5.08617
0.504907 3.87527
-0.638854 3.67908
-1.34165 5.28546
2.92324 4.11906
-1.94733 -1.06507
2.37986 -1.45289
0.736482 0.238516
-2.52804 2.32514
-1.4276 3.40368
1.17092 1.60067
-0.588604 -2.94157
-3.31316 -1.0837
0.933703 1.44097
-3.6364 3.53087
-3.80845 0.493241
-0.856483 1.26412
-2.5648 -2.49534
-0.787392 -0.157201
-4.19864 0.592467
-1.6101 5.53785
0.830983 4.86187
-2.13701 -1.59662
-1.73445 -1.9661
0.00405455 6.67694
-4.40676 5.02604
-2.86813 0.956842
-1.4431 2.32342
-5.60283 1.19144
-4.16199 -0.801466
1.78391 3.22791
-5.26362 1.61489
-1.91022 1.59936
0.0182691 5.35533
-0.366733 -0.977677
2.03227 3.7256
-1.24836 0.84509
-2.41765 6.30854
-0.912011 -2.95273
-4.11752 -0.128105
0.275178 -0.381141
1.21822 0.505053
2.72028 -0.148508
-0.472624 3.75255
3.57709 3.2406
0.378062 1.32873
-2.36273 6.2542
-5.00715 -0.353762
2.01024 -0.0894301
-4.13971 4.29702
0.980963 5.89511
-4.233 3.39199
0.756944 5.70053
-3.24116 2.47723
-4.44798 5.28622
-3.77022 -1.87089
-1.47319 5.60784
-0.542156 1.6125
-2.13331 6.56111
-4.25864 -1.12307
-3.52832 0.601643
3.17395 3.2788
-2.32882 3.15491
-0.826093 0.787992
-0.981647 3.94091
0.194698 3.93692
-0.798817 5.95354
-3.58585 3.7532
1.23975 1.64393
1.88231 -1.23344
-2.74823 0.340158
0.379062 -1.17997
-4.61886 1.17663
-3.87731 0.852816
1.77828 -1.70337
1.45154 2.30552
-0.762546 -0.530103
-3.75357 2.41743
-3.64565 1.17174
1.39467 1.7685
-5.07506 1.63442
0.400985 -0.3358
-3.85259 -0.219954
-1.51577 1.58269
-2.9742 2.86537
2.75932 2.14849
3.71818 3.5376
1.98706 0.896666
-0.844682 0.224512
0.366563 4.40175
2.64194 2.33712
-0.157119 -2.00371
3.50885 0.237548
-0.235206 -2.56621
1.87197 2.17722
3.24104 1.27295
1.84142 -1.61155
1.053 -0.674349
2.19102 1.73045
-0.772711 4.9092
-0.430923 -0.0856872
-3.52038 -1.06436
1.27276 3.15894
-3.88214 3.78161
1.2154 4.26846
-2.94013 3.45644
1.84489 5.59441
-2.77305 0.816026
2.54648 0.900504
-0.427086 4.08616
0.475477 1.78869
1.132 2.87197
-3.32866 1.3474
-2.85957 2.73122
-5.19616 1.68185
0.632516 5.64873
-3.53524 -1.05052
-0.150021 -2.39541
-3.43511 4.69121
-4.55532 2.64252
2.00775 1.11551
-0.00709331 1.48322
2.9042 0.124906
1.47231 0.495625
1.30677 5.27615
2.17747 0.939281
0.924877 -1.54627
-2.20126 6.38963
-2.59679 2.07617
-0.31924 -1.77336
-5.32392 0.371505
-4.87795 0.240964
-4.93728 -0.433267
0.682245 1.87639
-2.44631 2.58645
2.00129 0.90888
1.16199 2.4736
1.40451 1.46876
-2.25025 2.58198
1.03571 -0.793215
0.335222 -0.186179
-2.39086 4.39794
-0.619446 -0.50738
0.468405 -0.937201
1.64925 2.3703
-2.06903 1.81124
3.28 1.59365
0.917453 4.68804
-0.73173 0.95316
3.89483 2.33253
-1.60793 4.17779
-0.202347 1.08417
-1.54765 3.47672
-2.12534 2.68379
1.74659 4.92311
-5.63484 2.39584
-2.70658 1.29613
-5.79292 1.13732
-0.368389 6.48708
2.73097 -0.450936
1.17512 0.999236
0.502224 4.06995
-1.75226 2.12941
-1.02153 1.38924
-5.13404 -0.0779258
1.4923 1.74063
2.60587 5.04641
-0.916306 3.35246
-0.0304786 2.44885
-2.59974 2.3766
-4.55754 -0.868778
1.92566 5.61759
0.130458 1.42789
-0.31246 2.46222
-0.677817 6.93528
-1.67548 0.210467
3.73147 2.19048
0.132541 4.22377
3.9311 1.73841
-0.729827 2.0148
-1.20545 0.902889
-0.414763 3.23701
0.0341114 0.510899
-1.1454 -0.835431
1.62679 0.260968
-2.43838 1.80193
-4.57111 0.293085
-3.70016 2.78702
-1.06169 0.390708
1.02672 2.40197
0.229878 4.52935
-0.389396 -1.97557
1.26144 4.46635
-1.29326 -0.883957
-3.34182 4.25771
-0.0935063 0.135601
-0.52387 6.46811
1.93753 3.90502
-3.2388 4.92995
-1.53355 0.27805
1.85346 3.76628
3.06507 -0.208225
-5.84301 3.09179
2.19374 3.38687
-2.37885 0.804345
1.4113 2.05339
-0.999814 1.67274
0.788784 -0.849339
-3.41743 1.8845
2.45005 3.25596
-2.23369 3.30351
-2.97775 -0.168616
3.09529 0.17924
2.92318 4.28903
-4.90663 3.97741
1.59771 3.09356
-0.199516 5.43894
-3.73189 5.15294
1.8859 -1.32352
0.411881 -2.53153
0.560984 1.13894
-1.3728 6.43863
-1.39354 5.39351
-0.257863 4.62871
-4.77511 1.83742
-3.30761 0.219822
-5.59244 2.11386
1.44056 -0.324326
-2.7332 2.32647
-1.64784 6.67868
-0.205061 -2.08686
-2.18238 3.78351
0.22214 0.870108
0.838328 -1.03572
-4.50118 5.06322
0.801701 -0.693226
-3.31916 -2.09632
0.575217 3.4745
-1.72298 6.84202
-4.19904 5.62918
3.54232 0.338319
-1.62058 5.80596
-3.32393 5.62147
-3.43417 1.17489
0.684686 6.36754
0.481668 1.89597
-0.200345 -2.55634
3.19482 3.99344
-4.09499 5.22875
-1.29675 -0.12819
2.32225 3.50421
-4.49901 4.84295
-1.89989 -1.95669
3.08109 -0.474653
-4.41413 -1.35308
0.700241 5.27056
-4.98554 0.181908
-2.83347 6.31014
-3.65559 5.96618
-0.040373 -1.34118
3.76798 1.55442
-5.86095 1.47123
1.42623 5.4613
0.304243 2.07555
-3.65486 -0.964219
-1.71691 6.04539
-5.69366 2.29754
-3.77271 0.472866
-1.39232 1.57171
-3.56095 1.36149
0.110934 5.39868
0.0203034 2.87891
-3.04691 3.15935
-1.37935 -1.67442
0.401126 6.27706
-3.40763 -1.558
-5.10391 3.87545
-3.827 -0.285321
-1.32471 3.78068
1.28638 4.11434
-4.85784 0.397319
-0.486979 4.16247
-2.67818 6.62637
2.84543 4.94247
2.86736 4.35307
1.42903 4.27776
1.30928 3.52588
1.96788 4.03416
0.777101 5.45527
-4.83005 -0.0881179
-0.269226 5.45633
-4.14635 2.53925
-1.96459 -1.87012
-1.99464 4.35723
-5.24375 -0.149204
-0.700303 -1.29181
-4.99724 1.16706
-4.55518 3.37054
-1.04233 4.5829
0.272185 -0.074447
-1.38294 0.0492857
-4.61918 -0.146353
-4.00062 -0.449235
-0.234471 4.73016
-4.99291 2.79176
-1.39691 -0.139256
-2.00938 2.33636
-0.00427341 1.74687
2.18716 -1.70458
0.455065 6.18992
-0.537516 2.51633
1.62171 3.90731
-4.11313 -0.420614
-1.5098 5.15905
-0.495061 6.10726
-4.79166 3.88576
-4.03909 0.207721
-2.48181 2.54097
-2.69564 1.84919
-1.82053 4.29499
-3.95814 5.37272
-4.52938 5.49692
1.56264 3.93311
-1.98675 2.18436
-2.15959 2.90012
1.76374 5.33062
-1.94083 0.26868
1.43788 2.26751
1.12522 6.41311
-1.04592 0.338943
-0.50739 6.13355
-5.36607 2.67817
3.30875 -0.324215
-1.94911 -2.22063
1.71248 2.18596
0.797884 -1.44711
-4.91392 1.56162
3.88351 2.14525
1.83031 4.32138
0.720169 5.88799
1.57571 0.845392
2.3011 4.61029
-1.51119 0.255182
-3.61127 -1.41684
-0.340413 -1.30252
-1.74106 6.71047
-3.52315 2.43165
-4.25778 -1.29632
-3.31649 -1.37427
0.84893 -2.48618
2.94711 4.26169
2.49856 2.66728
0.149684 3.07427
3.51267 1.45079
-2.31545 1.00148
1.70597 1.63378
0.21694 6.64248
3.35296 1.26904
-0.0924692 -2.32304
-1.54164 3.52514
2.79885 3.20058
2.22882 -1.51764
1.82631 2.07775
-4.00383 3.77342
-3.55931 5.48912
0.568998 -1.04664
-0.0451574 -2.35412
-1.11267 6.93774
0.801797 4.48768
-1.98718 5.40899
1.46074 -0.758363
3.89134 2.28705
1.31938 -1.11248
-3.61775 1.50117
0.45453 -1.91215
3.20479 -0.590627
-4.26627 1.09213
-3.65289 -0.525695
-0.803603 -1.07266
-0.992934 3.77655
-1.73577 -2.52934
-2.93098 5.27705
-0.183178 4.83807
1.4969 0.0407542
-3.62154 2.64484
-4.008 5.83299
0.732694 -1.80321
-0.711079 0.589475
-0.483189 2.94779
1.26187 3.37733
1.75665 -1.4739
0.847985 -2.17432
3.80315 2.72763
-1.50138 4.17227
2.15991 2.15712
-0.95044 2.65681
2.19788 4.42802
0.261008 5.03434
-4.61333 4.50337
0.500766 3.67559
-4.90715 4.44149
1.16091 3.60966
-2.61071 1.42278
-3.01302 -1.85406
-0.0511227 6.83497
-4.02838 2.75203
-0.4374 0.327062
-5.50067 1.23378
-0.781656 2.54889
-3.02309 -1.80776
-2.3939 6.23792
3.22658 1.99278
0.741288 2.72735
-4.33163 4.83413
-2.83116 5.82928
-1.55621 3.55813
-2.74794 4.43078
1.70407 6.20094
-1.04703 -0.171654
-2.99725 -1.97317
-3.11043 0.502075
-0.739388 5.10791
3.05096 2.1512
-4.47587 -0.972127
0.34344 2.13024
-4.73421 2.57002
-4.70263 -1.20862
-0.158788 1.46622
-4.97566 0.872727
1.71578 5.72841
-2.92634 1.98153
2.40409 5.02663
1.80987 -1.59316
-1.09109 1.31407
2.80735 0.959879
-0.0122479 2.80872
-0.538282 4.25354
-4.62126 2.58473
-0.73938 -0.323887
1.37611 -1.89817
1.14233 4.99678
-4.61316 5.16667
0.895086 1.94317
-1.91586 2.29918
-3.0302 -1.10599
0.70602 -0.976736
-3.40655 -1.38506
0.337338 -1.5992
-0.425185 2.80261
-4.26772 -1.43743
-4.38867 4.194
2.81611 -0.0099324
-3.22127 1.07673
-0.333819 -2.84516
-0.821441 -0.191489
2.15162 3.56539
-0.331989 4.87027
-1.0357 6.75215
-2.83055 4.9341
-4.50959 3.29471
-0.359583 4.06522
-3.90268 4.3727
2.62779 0.708647
-1.4333 4.4439
0.698714 4.34543
-4.47938 -0.635105
1.50027 3.69918
-0.826594 2.65189
-2.73542 3.14859
-0.326975 5.93259
-1.98114 -2.36267
2.68474 4.18831
1.06378 5.5288
-1.42948 5.55419
-1.1765 -2.78906
-0.380591 3.92082
1.58364 1.2472
-4.30891 4.32818
3.49576 0.211715
3.9109 1.86648
-3.35207 0.175476
-3.89194 2.03394
-3.77775 4.52971
0.058504 2.69424
-0.0948242 0.459627
1.80283 0.488814
1.70682 5.4323
-0.360852 6.39791
-0.23952 2.13491
-3.39037 2.45356
-3.86906 -0.479473
-5.67996 1.77887
-0.303997 -1.66488
-2.90018 4.80407
0.369051 -0.941908
1.87733 2.6463
-0.585178 2.71755
0.52831 -1.68
3.17717 1.33114
-1.19119 3.88399
0.281909 5.52391
-0.417132 5.89154
-2.02253 4.71381
-4.58793 1.29751
-3.50733 4.10807
-0.367372 2.59249
-1.08786 -0.998321
1.65058 0.509011
-5.40702 4.23838
-2.7704 5.47031
-3.11532 5.64442
-1.81215 6.41299
-2.25587 1.77323
-5.75098 3.50757
-0.778813 3.53093
-0.968519 -2.19595
-0.577534 6.00895
2.51786 3.83453
-2.69353 -1.98946
-2.0574 5.93909
0.603025 5.85474
-5.05923 1.25361
-3.63625 -1.46625
-4.50801 2.59335
-1.76223 1.19191
-2.21034 1.20218
1.55693 4.53379
2.97541 4.80595
-1.95864 1.1966
-1.66313 6.07284
-0.99935 6.75934
2.08179 0.518513
0.593872 -1.61174
-1.47095 -2.46353
-0.614321 -1.24504
-3.19813 3.87766
1.34831 -0.194069
0.997837 2.04399
-0.211745 1.55477
-3.42222 1.76366
-3.63929 3.61914
2.96026 3.69759
-0.30802 0.960908
0.456929 0.773772
1.47942 0.0508012
-0.837971 -0.99153
-2.41273 2.48938
-2.85946 -0.0215145
0.757504 5.52622
-1.26655 6.55938
-0.596114 -0.918245
-3.63469 3.65822
-2.33217 6.36315
-2.08208 1.27999
-1.78025 3.27863
-5.10086 0.180004
-3.02378 3.59112
1.14091 6.43315
-5.63511 1.62033
-3.51605 2.52692
0.628804 3.07122
3.04971 4.7738
2.29557 0.783157
1.33318 0.699456
-0.135088 6.69849
2.98882 -0.0204446
0.339881 0.208567
3.25819 4.23902
0.388571 -0.765595
-2.16987 0.529484
-4.33245 1.19502
2.14982 1.1515
3.72194 1.77862
-1.45203 6.27244
2.51204 -0.156462
-2.9444 2.84522
0.542994 5.92051
-0.456286 3.90067
2.45325 1.60535
2.96055 4.44207
1.58491 2.30043
-5.34936 3.84309
-3.46055 4.03921
3.0775 3.36959
-1.10344 -2.71345
-2.50287 2.11929
-1.60827 6.53683
-5.11136 4.44732
-0.617953 4.43163
0.367828 -2.07424
-1.6677 1.82107
-0.468886 0.292851
-3.73686 0.116024
2.59329 -0.0862228
3.24018 1.67823
2.35348 -0.262689
-5.21759 1.18925
-4.36343 1.29714
-0.777104 0.434971
-3.17453 -2.24599
0.727822 2.08861
-2.12997 2.32111
2.00239 0.829153
0.453846 4.95537
-3.13423 0.956169
2.47705 -0.352554
-3.9769 4.71723
-3.09201 -0.0509878
-3.03293 -0.989332
-0.554361 0.778878
2.94397 -0.826538
2.86749 -0.185991
1.49457 3.86988
0.643162 0.948416
-1.17475 6.50893
1.90458 0.302302
-3.28898 4.9177
2.72903 2.61902
1.62968 -1.17988
-0.401 5.83004
-0.751216 1.46649
-4.35595 -0.256646
-4.66363 5.28721
0.69177 3.16163
1.79615 1.59635
-1.47596 -2.51654
3.43459 1.8283
-4.04247 3.03984
-1.1126 1.66855
-2.04246 0.616437
-5.71243 1.82426
-0.687461 4.91725
0.644381 2.1986
-5.00742 -0.756619
-1.97136 3.24136
0.709873 2.67269
-2.0401 2.67648
-1.79213 -1.24395
-5.72716 0.671801
-4.29143 1.79688
-1.84474 -1.85684
3.62518 3.11279
1.183 1.51258
-0.0351969 0.441556
2.98617 -0.390816
-1.14743 -0.331199
0.220105 -1.43756
2.34149 2.20482
-5.1187 0.816557
-1.94256 -1.84586
1.48836 2.76601
-0.0489846 -1.35638
0.909168 2.57619
1.75641 1.09217
-0.767287 5.21779
-4.34066 5.59285
-2.1933 -2.7005
-3.0317 1.7917
-2.38881 -2.12218
-2.35305 4.66863
-3.96804 -1.8647
-2.56536 4.98297
-2.44084 -2.46466
-1.56403 0.647934
-4.13428 5.67977
-5.1338 0.525065
1.27262 1.6729
-2.17543 2.84421
-2.66783 3.79287
-5.36409 0.553871
-2.61574 -1.28615
-4.48975 4.03121
3.38247 0.542205
2.16651 -0.18289
-2.83909 2.08434
-4.51923 4.59688
1.26557 -2.402
-1.87694 3.50626
-3.19533 4.94763
-3.64953 3.13683
-1.2595 -0.0136148
-2.38119 0.0749649
-1.44299 2.12906
2.67127 5.27268
-0.719213 -2.30111
1.51439 1.01306
-4.74725 1.77996
-1.38894 -2.51361
-3.08827 5.73412
0.992648 2.71639
0.681753 6.34312
-4.14677 -1.57775
-3.67049 -1.45607
-1.73459 2.94832
-1.3811 5.82242
-4.92262 1.72507
-3.00225 6.5185
3.43601 2.22588
-3.08525 3.9504
3.23895 1.1675
-4.26964 0.850008
-1.34611 1.64208
-3.41587 -1.35346
-5.01034 -0.788294
-5.31186 0.31917
-2.24436 1.95355
-2.22403 -2.65513
-2.90039 3.53787
2.31323 2.49238
-0.735497 -1.77202
-3.55723 1.50345
-0.604514 1.17313
0.0047543 2.14103
-0.154844 2.27224
-2.48443 6.62112
-0.382882 3.61518
0.158993 2.71064
-3.28746 -0.784638
-0.250737 -1.97423
1.70774 -1.98623
-0.482785 4.64924
-1.67636 0.870671
1.69862 0.138848
-1.19174 6.39454
-3.68747 2.01173
-3.91988 0.697927
-0.0966552 5.08488
-2.64288 -0.645468
2.96971 4.52861
-1.31512 -1.31775
-3.29197 4.45172
-4.55209 1.96178
1.60223 3.96513
-3.38898 -1.07414
-0.935289 2.64406
-4.92483 3.55914
2.30764 0.226298
-3.79946 -1.76162
1.20587 3.88542
-3.07937 3.94985
1.31957 2.62866
-1.59843 5.76748
-0.267393 0.201451
-2.07035 3.5684
-2.48891 5.99437
-3.78754 0.21526
0.371611 -0.131746
-1.00044 4.44678
3.42739 1.86873
1.36091 4.73503
-5.13205 1.61816
1.18099 0.788586
-4.43199 1.50056
3.41724 2.96958
1.97337 6.00065
-2.79087 -1.09697
-0.430946 3.72021
-5.10261 4.78152
-5.35023 1.93503
-1.28421 -2.92284
1.81219 4.89879
-4.29372 2.22448
2.19436 -0.425765
3.84264 2.37536
0.36282 -1.58935
3.87592 2.78006
1.38023 0.143966
-0.212261 2.3536
-3.85538 5.99687
1.25663 4.71367
-0.282918 5.15402
-0.504814 2.65256
-0.576975 3.14496
0.222116 -2.60865
-3.78449 1.03431
2.29014 0.921792
3.25878 3.48451
0.496027 6.10142
-4.14013 -0.141153
2.63891 4.89231
-1.12024 1.42665
-2.75409 4.02437
-2.57648 -2.49746
-1.26195 6.1406
-1.20685 1.07959
0.378186 2.38074
-1.7816 -0.399698
-0.227908 3.43391
0.634608 1.06224
-5.64429 2.89339
-5.45325 3.85173
-1.00519 -0.593384
3.71058 2.50689
-1.85759 5.34949
-2.6008 6.02216
-3.22386 3.64511
0.0465395 3.19965
1.14766 -2.21542
-0.659748 2.80422
-0.485853 1.10222
-5.46387 3.63091
-0.651524 -2.10816
-3.4757 2.89522
1.74357 4.51912
2.30184 4.45415
-2.97399 -0.555754
-0.19636 3.42521
-2.92968 4.51295
-1.22057 -2.78202
0.0222077 6.31535
-5.74691 2.90602
0.711354 2.76724
1.05347 -2.45563
-2.66143 -0.59805
-4.56379 2.86287
-2.61801 3.59901
0.633937 3.408
3.04326 -0.562424
-3.16679 -2.49033
-4.98265 2.90354
2.02262 2.79678
0.12152 3.32015
-0.0835345 -0.856271
-0.364495 3.16955
2.04975 -0.653141
-4.06321 5.05799
2.60237 -0.60691
0.288396 2.8523
2.04596 2.33165
-0.15868 6.30723
0.782709 0.863938
-0.895983 -0.0957699
-0.952042 2.8196
1.19004 0.0977112
-4.84429 4.22097
3.50798 2.48708
-1.13267 4.55394
-5.18127 0.157212
2.43312 3.66005
-3.53555 2.21583
2.58895 0.168015
0.52768 2.77898
0.265727 1.69413
-1.09419 4.42143
-4.08489 0.0228975
1.17951 -1.47083
-3.4678 3.97616
-0.00880933 5.90718
1.21797 -2.14148
0.461126 5.0367
-1.98427 1.89424
-1.30324 3.48018
-5.88993 2.22075
-1.95136 5.23013
-0.0711665 -0.362412
-4.60186 -0.543487
2.41657 4.66387
1.15065 0.32238
-0.9147 6.06575
0.345278 -0.735194
-5.39164 2.23216
2.9013 4.82633
0.0906827 2.36243
-0.136967 -2.89358
0.586595 -2.63326
-0.21946 -2.36476
2.59686 -1.29063
-1.83411 -1.3106
1.65887 -1.68347
-0.988223 -0.255829
-0.991022 -2.02279
-5.76547 1.24995
2.66922 2.57279
-0.764941 1.53226
-0.320791 2.49173
-0.907953 -0.734196
-0.141535 -2.12741
-3.09896 1.45533
-3.41804 3.17387
-1.54967 3.74785
1.86326 -0.890797
2.06438 -0.124961
-1.14663 5.44667
-1.76791 6.86235
3.42388 1.46662
-1.8877 -2.60479
-0.690482 0.594411
-5.73216 0.978742
3.1672 2.5029
2.511 1.84641
-5.00537 0.603047
1.11222 3.85309
-4.69158 4.0576
0.187122 2.75875
-2.19456 1.05038
1.86796 -1.13017
0.925423 -0.278669
-0.375859 3.69598
-1.0876 6.4576
-0.093672 0.4234
-1.69599 3.90096
1.02645 -1.58377
-2.24595 -1.49792
-4.57051 2.06247
2.55968 4.61661
-5.17878 -0.634876
-4.33301 5.68918
-1.76505 5.59242
-4.58949 1.55144
3.74993 0.994195
-1.70818 2.37407
-5.30982 1.4274
0.307731 -2.01943
-1.16917 -1.77987
-1.35647 1.74219
1.63811 -1.33002
0.158417 -1.60784
-2.82794 4.5879
0.454635 -1.26826
-0.795485 4.27586
-1.90313 3.87151
-0.0349591 5.33182
-0.536074 4.37555
-3.11674 2.21386
-4.63025 4.17508
-4.39752 3.89566
-2.9595 3.43331
2.11579 0.478676
1.17047 -0.240673
2.22086 1.80859
-1.57069 1.37928
0.200753 4.60137
-4.03281 -0.344612
3.33311 4.1717
-1.95679 2.89629
-2.72816 1.64505
-1.27901 1.64159
-4.17986 2.30892
0.701519 0.422619
-2.7793 4.02641
-2.92029 -1.55844
-4.165 4.50902
-0.179158 5.03575
-0.889615 4.78803
-5.30886 1.4435
-1.04027 -2.37761
1.87347 6.00294
0.518675 6.63527
-1.71968 0.231067
-1.56789 3.10046
-4.93504 1.09635
0.405417 1.14467
-0.462093 5.24041
-4.34631 -1.64125
0.276163 3.76407
3.14678 3.9673
-4.79243 1.10651
1.58969 6.08104
-2.89056 1.10836
-2.10112 -0.0033741
-1.14941 5.33099
3.09708 0.390577
-1.86484 -2.65974
1.99917 2.20012
-1.56339 1.40458
-3.355 -2.00153
-0.11154 5.97011
-1.41345 0.478146
2.05115 4.69599
1.58651 3.76745
3.76408 1.16609
1.55667 6.28099
1.48131 -1.30818
3.62125 2.48048
0.89194 1.05786
-1.96763 -0.469938
1.23519 2.36564
-4.54878 1.99773
-0.154322 4.33968
-2.03216 -2.56778
2.12821 5.40433
2.78644 4.44372
1.41167 6.16649
2.98709 1.89298
-2.01302 3.69857
-3.21141 -1.77783
-3.93579 1.23981
0.219903 4.90989
2.34212 -0.602679
-3.79327 3.47033
-2.08595 -2.30862
3.54368 2.52387
-1.30965 6.38456
-4.15167 2.54866
1.9929 -0.778203
-2.70108 -2.3409
-3.51967 4.28589
1.35767 2.26892
3.50873 1.72796
1.33178 -1.91177
-1.08429 2.67389
-2.51445 4.12244
-3.85578 1.2872
2.1156 3.05827
-1.02142 4.65928
-4.41786 2.37606
-1.38538 3.2725
-1.23938 3.46295
-4.17884 -0.246482
2.68475 2.12008
-2.58738 -1.83492
-3.59403 -2.22971
0.434 -2.08597
-5.80783 2.94273
-0.35801 4.52395
1.03096 -2.4423
-2.80216 -2.48349
1.68013 2.34206
-1.19629 2.79573
-2.54499 -0.0175242
-0.841649 5.06963
-1.46741 -1.92387
-3.32751 0.217338
0.196207 3.0851
-1.61758 5.60217
0.855392 -2.18358
3.5162 4.04757
0.759151 2.15819
-1.42849 0.790111
-0.284111 4.76935
-1.69338 0.396022
-2.88859 6.11033
3.19176 1.51175
2.89262 -0.353235
1.49422 1.05098
-5.2836 3.74919
-2.03005 2.24898
1.82533 3.64243
2.46632 1.02153
-3.27246 -0.151261
-2.33484 -0.860092
0.630494 -2.57569
1.2981 -1.79799
-1.78558 0.0139872
0.410009 -0.917225
1.63137 2.60176
0.594523 3.52399
2.24853 1.08875
-5.16206 1.54491
-1.78609 5.66327
-4.81265 -0.31977
-3.3152 0.914881
-0.471031 2.30851
-2.50219 6.19412
3.61843 1.74651
-4.66969 0.832849
-3.64612 1.17051
0.509243 5.0208
-2.93228 4.08421
0.985729 0.905658
-3.43107 -0.183531
-2.12013 2.25373
0.73135 6.40884
2.60296 5.01065
-3.24284 -1.31222
-4.01055 1.40813
-1.31183 1.3739
-1.60662 1.46045
-2.64713 -2.09738
-3.51875 3.42059
-5.33338 -0.104825
-3.56757 1.54649
-2.04468 5.71113
-4.56182 -0.166078
1.24205 1.68477
1.80153 -1.36457
-3.46195 -1.37353
-4.90655 4.90125
-5.20358 -0.426734
0.306549 5.94532
1.65645 -1.87002
-3.17984 1.37823
-5.11962 0.599836
-2.14283 -0.681446
0.433759 0.853776
-0.253818 0.675808
2.53855 0.547712
-0.688762 4.68377
-1.29789 4.84929
-3.83625 -2.02522
2.73217 4.57655
-2.0447 -1.44767
-4.04522 1.83568
-0.847838 2.81196
1.15423 -1.41408
-0.738271 5.20428
0.448124 -2.42703
-0.111952 -1.84976
2.42226 2.19828
-2.57265 3.79643
-0.398032 0.605704
-0.688555 4.76571
-1.41952 3.39973
0.236011 1.50057
3.22505 1.96818
-3.92288 0.180349
0.520506 1.03191
2.01603 -1.32733
3.84386 2.17026
-2.74141 6.50959
2.07067 5.52032
1.71387 1.51879
3.09329 0.60192
-0.330967 4.51554
-1.68803 1.40217
-3.83211 4.28256
0.0231429 5.4039
-4.21686 2.24819
-2.62792 0.860262
1.89217 3.44457
-4.43475 4.73603
-4.38518 1.82384
-2.65584 1.95949
-1.79571 -0.562555
2.9697 1.26496
-4.23621 -1.32821
-2.11162 0.931675
-0.84029 2.70765
-1.40225 0.588252
-0.399767 -0.51008
-4.01067 4.47157
-4.66686 2.33348
-3.56894 2.53743
1.77093 -2.00753
-0.589254 4.72392
2.35409 1.38045
0.0522348 2.87725
-1.95044 2.00659
-0.211232 3.38513
-0.255924 -2.05152
-1.46327 4.69301
-3.16825 1.56955
-1.1415 0.0576962
0.217194 3.84782
-3.81869 -0.0396733
-2.0472 5.4985
1.67615 -0.693106
-3.57523 5.93119
-0.457724 3.47433
-2.06223 -1.66896
-3.72048 1.95224
-3.35475 -0.144575
-4.6142 4.50374
-0.0868783 4.603
-1.64843 3.44239
-0.846672 3.53287
0.485105 0.355515
0.73959 1.16126
-0.337592 6.61854
-2.17372 5.08718
-1.43849 -0.512498
-5.3004 4.42097
-3.83065 -0.0208773
-3.62679 -0.806972
3.79537 2.01846
-0.951547 -1.81882
-3.47779 -2.03843
2.78417 3.87377
1.40396 0.937498
-2.59336 3.80667
-1.94699 2.8246
2.53671 4.87929
-2.08822 4.08644
1.24785 5.4733
-0.105729 -1.2567
-2.06368 -2.27806
-2.71405 5.98478
-4.09688 2.80815
-3.31808 4.35031
-1.37521 3.08857
-1.84301 3.80337
-0.019683 1.31918
-5.85623 1.25826
1.91261 1.05555
-4.6553 2.16046
-3.47115 -2.08136
-2.8921 5.42312
-3.33806 1.03447
0.690603 3.59826
-1.24359 6.97655
-0.416961 3.65953
-0.215299 2.52939
1.34682 5.46663
-3.1203 -1.02839
-1.44481 4.03669
-4.64414 1.49652
-0.44481 -2.90052
-2.3581 5.08404
-4.98188 3.7498
0.507159 0.680064
-5.21573 0.197762
-5.72167 2.54068
-2.82569 2.86137
-3.79978 5.95901
1.42564 1.27046
-4.48135 -1.01917
-3.48366 -0.336992
-1.20985 0.0851749
-1.83736 0.544929
-2.35559 2.20852
1.80187 1.66253
-4.04169 1.30903
2.3426 -0.257415
1.50679 5.62092
-1.51771 -2.51651
3.64012 2.87305
-4.1572 -1.43707
-1.88634 3.63295
-1.3519 5.2763
-5.82212 3.21472
1.99414 0.822289
-4.57677 2.79601
2.48482 0.381548
0.124132 4.61183
-0.551656 1.4074
-1.10911 4.93305
-0.196317 1.92141
-1.00119 2.94719
0.470588 1.04539
1.39784 5.31339
-0.391685 -1.48851
-1.05366 -2.74359
3.7878 2.12422
0.471133 4.78193
2.94651 4.89437
-2.42206 4.43133
-4.72409 0.682979
-1.74125 4.40005
3.63773 3.69833
1.5208 2.44142
-4.38025 -0.48039
-4.6114 5.09034
0.564999 5.78644
0.403725 -0.826686
0.474288 5.90086
1.86766 2.4208
0.795227 -1.5544
-3.14787 5.07114
-0.87142 4.11088
-0.528814 3.42339
0.817981 4.27863
0.0111427 3.45571
-2.02303 0.531946
-4.10287 2.59672
0.0515559 0.285731
-2.31295 -0.383445
-1.21013 -0.629896
-4.55916 4.2196
-3.54417 4.91513
0.120459 -2.6765
-2.66407 -0.0843133
-4.2309 3.18806
-5.01317 3.89768
-2.70106 3.45801
-2.26335 6.33221
0.572639 4.71361
-3.13584 5.46977
-2.68967 5.91572
-4.2445 3.99738
-4.46773 0.827669
1.08816 3.32214
0.197773 5.529
-2.45826 5.65361
0.44413 6.6622
-3.42211 -2.2538
-0.0318793 0.564713
3.38399 0.759374
-5.70283 2.95663
-4.52701 0.161328
-1.5736 1.78332
-3.92296 3.1819
-4.2193 0.609317
1.39786 0.473198
-1.13905 0.841986
-2.8646 0.838053
-2.37795 2.71328
-1.41574 6.59017
-2.80691 5.24122
-2.9399 0.490258
-1.80215 1.53309
0.651586 5.62425
-1.19385 -1.9029
-3.66205 1.81572
-4.97694 4.36382
-0.257396 2.88401
3.72206 1.82785
-1.40872 1.30632
-1.58198 0.869281
0.534452 0.275248
-4.48353 3.2301
-2.7822 2.71433
-1.66142 -2.92041
-2.03955 -1.85735
-2.79463 1.98351
-1.45988 -0.582741
-1.10411 5.95813
0.28654 -1.56966
-4.84211 0.749854
-0.313355 1.37569
3.46418 3.44983
-1.75493 0.80276
0.529421 -0.15691
-3.05251 4.70611
-2.22095 3.90794
2.84877 3.98442
-4.10855 4.35523
-0.0676039 -0.241032
1.0675 0.758371
-2.65146 -1.39238
0.175629 5.24444
0.548994 4.60536
-0.791644 3.01317
-1.94481 6.45343
-3.70348 -0.236575
2.29072 3.07557
-2.94 -1.43718
-1.50528 5.99239
-1.67821 -1.43777
-3.24924 4.67033
-2.83015 5.92639
-0.0852338 0.735611
-4.61144 2.58955
0.534751 0.307275
0.422217 0.0837449
3.09692 1.96782
-0.447565 0.380522
-4.32372 0.843159
-5.01735 -0.483909
-3.08954 2.47737
-4.49152 4.23225
1.0396 1.25925
-1.09742 -2.79055
-2.81436 -2.18265
-2.05494 1.5742
0.406893 -2.52018
1.88148 -0.17089
-2.43644 5.79411
-1.54032 -0.339521
-2.23807 2.54369
2.92421 0.24961
-2.84247 5.3803
-1.40274 1.14018
-5.1036 4.50772
-1.26003 3.65715
0.664125 6.64255
-1.57604 3.86678
-4.70851 -0.694561
3.69589 1.85505
-4.90045 1.15558
1.51553 1.86148
-1.82415 5.62347
-3.66153 4.33338
1.00378 3.93572
-4.52644 4.90017
-1.55656 -1.90889
1.74826 3.96918
2.82596 1.61486
0.818938 6.28585
-0.573464 -1.7571
0.152633 3.71802
-2.45166 2.84853
-4.42693 1.64789
2.17746 0.685226
-4.98139 2.33062
1.45165 -0.507838
-2.76921 -1.10491
-2.41673 0.535843
-0.0536106 4.32396
2.56686 2.34294
2.09095 -0.884799
0.763092 -1.80442
2.75261 3.27247
-5.10105 3.93007
1.44599 -2.0237
-1.44359 1.89764
-2.53154 4.7872
0.792732 4.05173
-4.67695 4.87124
2.38325 -1.17193
1.7757 1.32964
3.15202 3.966
-0.297432 4.71888
-3.69105 0.793515
-2.54247 3.59718
-1.304 -0.789855
-3.13036 2.59494
3.14021 -0.172666
-1.17927 3.5862
-2.19637 6.37715
-4.51616 4.27209
1.16435 5.27658
-1.67618 5.48739
0.147811 -0.292928
-5.68454 0.923506
1.03671 6.46748
-5.11049 -0.260718
1.18636 0.198459
0.532797 4.02045
-2.38238 -1.60512
-3.79953 3.48727
0.98982 -1.65931
1.92689 0.118232
1.68731 1.71414
0.839443 0.835123
1.42122 4.1549
1.75863 1.45793
0.622386 5.64814
1.19721 0.808751
-4.1534 0.730011
-2.27966 1.44682
-5.06591 3.93017
2.74073 2.18839
-1.40087 0.757243
2.28048 -0.713561
2.47139 2.11992
0.121562 2.8926
-3.72517 0.880192
-3.47167 4.54775
-3.29404 1.37493
-4.72224 0.535161
-3.07959 1.9981
1.98198 -0.139234
-2.6312 -0.468326
2.4601 4.96793
0.288917 3.74058
-5.74563 1.7603
-4.1395 3.37593
-5.34709 1.13533
-2.96746 -0.215542
2.55119 2.73851
-1.17296 4.25565
-3.05943 2.74596
0.171719 -0.268493
-2.07363 2.33647
-4.73682 4.29517
-0.736897 1.15707
0.46386 2.51747
-3.54031 -0.850468
-5.42628 2.49223
-1.06601 6.1249
-4.76926 -0.906621
-3.82682 0.780894
1.76006 2.11375
3.52685 0.931775
1.84525 0.453217
-5.25161 4.1364
2.83171 3.01149
-4.70653 2.29557
-2.38007 0.42237
3.78111 3.07963
-0.428098 -2.64517
3.47973 -0.197398
-3.40073 5.43358
-2.69299 1.77245
-3.78552 -1.93293
-1.00116 4.73145
-0.805457 1.26709
0.839885 2.94293
-4.59651 2.6716
-4.04558 -0.303044
-5.03283 0.483384
-3.09221 1.5871
0.905755 -0.311099
-2.95627 -0.76141
-3.01645 -0.476538
-0.958808 2.58282
-5.64473 0.171522
-1.08715 1.41411
2.6812 1.8128
-3.21836 -1.54843
-4.51187 2.68943
0.0386676 5.39388
2.37833 3.70539
2.94399 0.855087
-2.05447 0.985177
3.4379 1.90257
2.07409 -1.25136
0.162748 5.00756
-2.90567 1.84394
-3.17964 6.14465
-1.07137 0.304757
1.1494 4.71027
-1.24368 5.63753
-2.60029 -2.20501
1.03141 -1.22196
1.50039 4.90295
-2.79989 3.44437
-4.24197 4.14563
-3.9518 -0.237076
-1.48843 -1.97625
-2.89077 -2.32569
3.0313 3.20357
-0.481741 -1.14834
-0.651779 -2.55311
-0.843581 -0.502381
-2.66509 5.20812
0.0694987 3.53502
-1.34751 4.82753
-2.31935 2.08204
3.02347 2.72885
-0.148854 -0.643471
-0.836053 5.5491
2.99599 4.07571
-2.99021 4.15316
0.988453 1.14493
2.71003 4.69619
-3.68852 -0.955055
-0.095695 5.38098
0.208513 -0.739384
-0.361167 2.23198
1.98947 0.483795
-0.75544 0.840615
-0.159676 3.28089
-3.199 5.87117
0.348515 4.96494
1.42027 5.26781
2.47711 3.41626
-0.656484 -1.5131
-2.43058 -0.66803
-0.368172 -0.720545
-1.6756 2.93246
0.324292 -0.0956349
0.489256 -0.467195
-0.835019 -0.871911
1.76479 0.15445
-0.388116 0.00934583
0.995065 -1.54779
-5.67662 2.63875
1.761 4.74365
-2.09345 3.23811
-1.84009 6.25007
1.72501 4.72933
-4.41796 0.356837
-4.69985 1.33319
1.54266 4.62444
1.23755 1.03191
0.160001 4.92203
-0.443015 -1.22812
-5.06862 -0.44795
-3.65189 0.547467
-0.139645 -2.89089
0.347227 2.45102
3.01698 1.07224
-2.81964 -2.40098
1.42907 0.189145
-3.79079 5.72922
0.353663 1.75989
-2.21622 3.51091
-1.56706 -0.280593
-4.28434 2.36432
-0.728543 1.93976
-0.414075 4.61957
2.48722 -1.55372
-4.78681 1.07591
-0.770641 -2.76984
2.14815 5.40972
-5.17082 2.57722
-4.40114 0.0383906
-1.69356 6.12119
-3.20974 -2.33989
-2.11892 3.57403
1.17102 -1.9565
0.517813 -1.39605
-2.23709 5.23348
0.968271 6.03437
-2.82677 -0.445804
0.653938 -1.33955
-1.99952 1.38262
-4.56121 2.21366
2.45853 3.66815
-0.556172 3.60668
-0.922138 3.27301
-3.8161 3.67672
3.3114 3.49034
-0.202082 -0.898345
2.67569 1.32147
-5.2775 2.1935
-0.0745801 1.48542
-2.57302 -0.106309
-2.48022 3.60021
-0.552113 -2.82628
-1.44366 6.69945
-1.33797 0.0148727
0.378862 -1.19455
2.12218 2.69026
2.29579 0.920098
1.79191 2.44624
-2.4009 3.4676
3.76771 1.3216
-4.33889 2.69313
2.80702 2.08808
2.58682 -0.673198
-4.31171 1.03471
-2.51693 4.05687
1.46145 1.62981
-4.50126 2.58363
-0.759226 0.102826
-1.42041 2.00848
1.42443 3.2407
-5.29839 3.23145
2.55825 0.0170706
-2.67686 -1.94123
-3.03398 3.80621
2.11564 -0.385579
-1.04869 5.18737
2.63042 0.202258
1.88066 3.09187
-4.3245 5.15214
0.264128 1.41471
-1.71795 -2.15628
1.93793 5.4132
3.41324 3.49617
-4.56973 -0.263623
1.55494 1.39629
3.54259 2.67058
1.01071 1.4939
-2.14205 2.64112
1.69615 -1.26138
-4.26701 2.52822
-4.88198 0.408489
-2.31963 -2.70805
-1.41228 6.94449
-1.29335 5.86977
-5.21179 1.12984
-1.74536 5.51418
0.285827 0.667879
-0.989649 4.71609
0.404256 -0.434706
-3.88762 2.94684
-1.23578 5.1369
-2.16756 3.49721
-2.33488 1.95046
-0.757597 1.49341
-2.63682 5.0782
-1.9211 0.939434
-0.0491742 5.33354
-3.54639 -0.763348
-3.99858 4.46396
-1.64748 5.26513
-4.81178 1.79326
-5.64105 2.95243
-3.06985 1.19139
-3.55036 3.59527
3.14185 -0.644663
-2.05924 1.38425
0.848749 -1.76926
-1.66669 -2.78807
-1.84863 2.25976
0.74574 3.60498
1.49642 5.74716
-1.93106 4.44916
1.15283 1.0982
0.298606 -0.27772
0.654944 6.22876
0.913674 6.10459
-0.175966 3.05552
-5.00446 1.77308
-2.81471 -0.328032
-0.435763 6.93102
3.27695 0.0606529
2.67818 0.345886
-5.49019 2.83101
-5.27339 0.634965
-3.47031 4.38156
-3.13628 6.44336
0.486141 5.68776
-0.501112 4.94606
2.45255 2.93867
0.254734 6.44809
-5.28825 1.77534
3.75256 0.897033
1.4473 2.3168
-2.17194 3.72425
2.37745 -0.49376
2.33725 4.51422
2.91137 2.67361
1.01954 -0.827699
3.29469 0.505683
-5.13994 1.79358
-3.51818 5.51327
-0.658979 6.92912
-2.16993 6.16908
0.653371 -0.792478
-4.32468 3.72351
-0.313816 -1.44064
3.64415 1.99476
-4.58932 3.66369
1.16706 -2.29463
-0.501057 -1.37888
1.33973 3.23118
3.3276 3.10043
1.67517 -1.19059
-1.3863 0.0161938
-4.26146 5.44377
-3.81473 5.39191
-5.34871 0.860593
-0.884586 -1.25392
-2.12683 6.35314
-1.44589 -0.676815
2.06008 -1.27883
-2.97145 5.22945
-1.24132 6.17817
-2.81155 -0.566148
-5.01242 4.80215
-0.549955 -0.273881
0.245916 4.63532
-4.88197 3.8972
-4.50409 3.23344
2.64328 2.36908
-0.413417 -2.60447
-1.07157 3.49909
-4.79629 -1.14918
2.04001 2.137
1.11019 -1.77154
1.57085 5.09777
3.03061 0.0208984
-5.17611 2.27653
-3.82627 -0.84787
1.52121 0.761937
-4.78746 -0.550364
-3.14355 0.135878
-1.91213 -1.68756
2.86992 -0.872116
0.44944 2.98011
-2.64365 1.02029
-1.92212 -0.613038
1.04119 1.90177
1.66349 4.69741
3.84954 2.01904
-5.34576 4.37075
2.78097 -1.13321
-1.12876 -1.24744
2.12529 4.7277
-1.11156 6.05941
-4.89581 3.82129
-2.48437 1.46054
-5.15842 4.59351
0.847503 4.88277
-3.50473 1.511
-0.419817 6.33895
-1.65178 2.42972
-1.64201 2.00247
-3.19953 0.138965
0.869252 -0.379144
-3.81904 -1.2595
-1.62659 -2.69375
-0.330685 6.34235
0.558805 6.18494
-2.19711 4.40039
0.778448 -2.34961
-0.716837 6.27372
-0.83861 -2.13665
0.293069 -0.0293346
-1.48792 6.09354
0.10963 -1.61867
-4.2856 5.29059
-2.87817 3.08781
2.59685 -0.40998
-0.650341 4.96251
-5.27618 0.587817
1.70003 3.39313
-3.06983 1.25883
-0.421927 3.73306
-4.34078 -0.643479
1.38345 3.94238
-4.36976 -0.455157
-3.94555 1.0988
-2.78642 3.56653
-2.80766 6.32321
1.94786 1.90673
1.6138 -1.93031
-5.00546 3.21065
-2.34029 3.3442
-1.82684 1.38352
-5.22335 -0.137812
0.132017 3.35472
2.71125 3.9787
-1.26638 -2.65851
0.638145 0.797986
-2.8788 3.09239
-1.26278 -2.265
1.16208 2.73176
0.945652 -2.17822
-3.92403 -1.88119
-0.794698 -0.992013
-3.008 2.98195
-1.12982 6.12402
-3.66332 1.46542
0.915252 -1.95208
-4.55588 -1.35113
-1.81178 -1.02618
-3.45433 -2.17364
-0.228197 -2.3098
0.782588 2.39406
3.628 0.944664
-4.87417 3.57366
-1.23355 0.201793
-0.790219 -2.31553
-1.45462 3.72374
3.3383 2.9895
0.957172 -0.439174
-2.61281 5.47334
-5.80697 1.04403
1.36634 3.97562
3.4381 3.99434
-2.432 2.68673
-2.23428 -1.73953
-0.341521 5.9755
-4.05506 -1.38782
3.59034 3.84977
3.4106 -0.32989
0.0503489 -0.202217
-4.85655 3.24338
0.841817 5.50978
-2.78099 3.27991
-0.495874 1.13929
0.84384 6.07212
-5.66741 2.4845
1.09668 5.64051
-1.96905 3.99924
-3.75865 -0.491888
0.240101 -1.16831
3.35788 3.20868
2.87879 1.42955
2.53202 0.891941
-1.31201 1.03615
2.03123 -1.46817
-2.89173 4.85726
-3.85861 0.440862
-2.65824 -1.27355
-0.281609 -2.56156
1.43768 -0.391688
-3.74254 0.677779
-1.56 -1.38466
1.24876 -1.04993
2.78748 4.92169
-4.18637 2.04614
0.577976 1.46392
1.70212 5.71937
1.90478 -1.95612
-5.55419 0.623172
-2.62749 5.91999
-2.57891 2.62997
-3.40223 4.86109
1.24531 -0.515768
-4.75052 4.92905
1.35647 4.66437
-1.01651 5.71212
1.50923 -1.43853
-2.82396 2.21135
0.255231 -2.27335
-1.29601 4.73755
-4.46058 5.0765
0.657541 1.96051
-2.29353 6.25532
-3.1784 -2.04822
-4.26045 0.501899
2.5809 -0.0109722
-4.56905 5.1601
-2.97401 4.28169
-1.05394 0.0809328
3.09457 -0.544703
-1.3576 -0.729391
1.66665 1.92323
-2.64857 0.921882
-0.35012 5.05541
-4.34057 4.1893
0.131918 5.31697
1.57229 1.97142
1.53117 2.32685
1.18596 2.62861
-0.29069 -0.867977
2.70954 1.80388
-1.41268 0.351942
1.07449 -0.74603
0.175852 0.925054
2.48133 4.83528
-4.88564 1.61325
0.152251 0.264174
-1.54836 0.724537
2.23559 2.24181
-2.96363 3.70891
-1.38712 2.33723
0.613181 -0.85595
-5.33591 0.799141
1.77266 3.3734
-0.0688366 3.4822
-3.22755 5.10932
-3.96563 4.15902
0.783587 0.148729
-4.22773 -0.0641625
0.412902 3.22391
0.660375 1.6485
-4.64259 3.0786
-0.966021 4.97059
2.22265 2.69807
-4.23027 2.99531
-3.92854 4.70089
-3.52249 0.248741
2.21938 -0.688345
1.33722 3.72372
-0.395927 6.10948
-0.666609 3.31993
0.665472 3.79911
0.0166806 5.02288
-3.12229 -1.94934
-0.00653124 -1.89964
0.748726 4.7632
1.09567 5.82019
-0.535909 6.57318
-3.93107 0.683468
-4.11516 0.569439
-1.3247 -0.694189
-2.25236 1.61543
-1.23884 -1.91515
-3.61779 2.52773
1.31865 6.04768
-3.67316 0.335328
1.07056 2.20455
-1.61401 0.0640259
0.304908 -1.86529
-5.17278 0.400579
-3.02624 -0.97617
3.97478 1.8586
-0.406731 1.65008
1.16441 6.34091
-4.39662 1.673
0.147825 5.92203
-2.27932 5.47466
-2.32079 3.64335
1.77806 1.68248
-2.6153 4.73296
-5.0262 3.35846
-4.78294 2.35006
-0.401336 5.38147
-1.30903 1.86418
-5.69297 2.11673
-0.531154 -0.402175
-0.263173 4.07223
1.27082 -1.11535
-0.00574327 -2.0085
-4.21726 1.03852
-1.10504 2.638
-1.97736 -0.326977
-2.23421 -2.83722
-3.75714 1.98285
-0.487157 4.84153
-3.29429 0.671344
-0.679457 5.17455
0.269169 -1.94263
-0.753221 0.539993
-3.05798 -1.75896
-1.46851 0.301337
3.49265 3.31423
1.33986 1.38761
-4.04778 -1.6375
1.06064 -0.727296
2.76984 4.46662
-2.43302 -0.464373
1.6294 2.80985
1.51847 0.142245
-2.34862 -2.11721
-2.65394 3.35708
-1.44587 5.6666
-1.46837 -2.1767
-1.63671 -0.334005
-0.0326673 -2.4879
-0.790983 0.307194
-1.10029 4.16124
-1.33031 -1.03965
3.43395 0.439529
3.42697 0.000930548
-0.0248448 4.05638
2.81078 0.493629
-1.62358 0.544679
-3.78872 0.350873
-2.87071 1.11714
-1.39875 1.14874
-2.98807 -2.43142
-1.33916 5.22095
-2.12423 6.56055
-0.617812 5.54547
-4.4791 1.81613
1.81706 4.96015
2.00425 3.62784
-4.54622 5.20287
3.09 2.8302
-4.25245 4.90924
-1.23925 0.95883
-4.73989 1.51459
-0.105917 1.3894
2.53813 -1.35633
-4.93609 0.198971
3.86461 1.93969
-3.24048 2.2468
-2.51485 1.28043
-5.93707 2.47015
-0.771698 4.88
-2.5697 0.232554
-1.49216 1.88408
-4.56457 0.59784
-5.28572 0.182975
-4.49292 2.47503
1.14181 -0.232814
1.15658 5.62136
-2.46878 2.69472
-5.73498 1.59513
-0.623567 0.019968
-0.0663636 2.43937
-2.68063 -1.07958
-1.60551 4.82721
0.804503 2.82992
-4.57495 4.51878
3.01289 -0.0678768
-3.00619 3.1547
-0.300691 -0.0165679
3.19059 -0.144108
-4.39521 -0.278193
2.55061 -1.13019
1.31694 4.44429
-4.00056 3.85175
3.0975 4.37588
3.87172 2.03114
-3.18476 5.36184
0.193079 3.13461
-2.03818 4.08676
0.417491 2.38686
-1.39446 2.43038
2.31899 4.59935
-4.41492 1.0183
0.874187 -0.812425
-2.50252 2.42479
-1.94261 -2.18558
-3.13091 3.05683
1.66617 -1.03341
-2.56729 4.53789
0.997729 3.24795
-0.100274 0.190808
-3.61744 3.18198
-2.22162 3.34438
-4.26876 4.87428
-0.373744 -2.94978
-0.526361 4.21134
-1.93148 3.05642
2.244 -1.51551
0.3675 -0.698614
-4.79682 -1.20908
1.50297 5.20091
2.03887 0.402691
3.58467 2.17009
0.765808 -0.146586
-0.634035 5.49705
2.54727 3.20134
2.20356 -0.384209
-3.74224 3.19058
-2.4415 -2.49824
-3.04772 4.44202
-0.871527 5.1784
-2.7172 -2.50556
0.675444 1.0105
-4.51334 2.22272
1.83851 -0.5304
-0.119201 -1.603
-3.02864 0.555869
-4.677 2.77451
-2.47015 -2.51441
0.935871 0.468905
-3.81497 1.50487
-5.5297 2.46783
-1.0007 4.14574
3.47833 3.48596
0.176187 -2.79304
-3.84023 -0.943013
-4.39603 2.13113
-0.387144 -0.0730308
-2.58744 4.84151
-3.38839 1.2639
1.72967 0.522538
-2.31809 5.60898
-0.721819 0.0583066
-5.09912 4.46321
1.56317 -1.62882
-3.06896 -0.437524
2.51692 -0.590622
-3.90045 2.22463
-4.90766 1.25932
1.28161 -0.303689
3.39045 -0.10553
-0.37672 -2.70391
2.13761 1.64878
-2.70026 2.86727
2.17132 3.98165
-1.52375 0.449501
-5.96004 2.37714
-5.08729 4.60313
0.748316 0.843757
-5.83439 2.26524
0.253135 6.21405
0.150618 5.35268
-1.56133 4.24296
-3.388 -1.27971
-1.38524 2.56255
-3.70145 3.65193
-1.40161 -2.56385
-4.69928 4.89813
0.303428 6.47204
-1.12022 -2.22032
-3.07846 1.91974
0.156818 0.834251
-3.47713 -0.0948663
1.67801 -0.311524
2.17037 0.931144
-4.09748 1.32099
-3.71617 3.3412
-4.43605 1.89583
2.06149 -1.49678
0.898286 -0.323755
1.06577 6.19683
3.56229 2.93642
-5.89907 1.44206
0.716098 0.0224693
3.3618 -0.127084
0.85672 -1.11533
-0.22195 1.53473
-1.42685 0.948422
2.46587 3.47567
-0.354469 -2.12165
-4.66341 -0.456183
-2.4454 5.40236
-4.25935 -0.117226
-2.48833 6.62881
1.31006 0.6126
-1.92913 1.02615
0.635069 0.432676
0.899071 0.49179
-0.682654 -0.32288
0.625542 3.49239
0.366161 1.89495
1.24209 6.18303
-1.27168 -0.112378
-0.568561 0.615974
-1.53274 4.17209
0.498748 1.53378
-1.83741 2.85579
-2.37698 5.23347
-4.33386 3.78101
-2.25012 3.98349
0.873981 3.08368
2.26878 0.240142
-5.02137 2.51088
-3.57683 2.70695
2.3985 -0.515455
-4.22815 0.829935
0.100519 3.23911
-4.99797 -0.400733
-3.39032 1.93549
-0.596454 3.2327
-2.83105 2.28549
0.490787 1.8351
-4.18141 -1.47536
-3.98294 5.69257
-4.06729 5.58694
-0.203284 1.35588
-1.70611 1.19521
0.840422 3.06573
2.02515 -0.0590591
-3.69516 6.02718
-0.459792 0.077735
2.57493 5.14989
2.01322 0.978479
-1.61741 -1.81783
0.0172701 -1.66953
-4.88596 4.83585
-3.14489 0.131097
0.528422 -2.53658
-2.58306 5.46113
-3.18299 0.344249
-2.59113 6.65743
-3.40163 -1.28518
-1.20744 6.03612
0.288469 -0.19422
-2.9854 -2.32894
-2.01205 -0.721429
-2.39096 -0.341519
1.84108 3.46415
-0.210422 1.3695
0.927572 6.20652
-3.16937 2.97793
2.42017 2.64764
-0.694933 5.73216
-2.73695 4.90344
-5.55301 0.724243
0.042015 2.23955
-3.23963 -0.669516
2.04533 2.77497
-2.99845 -0.966719
2.05354 1.54599
-3.96149 -1.33742
2.12673 -0.00595438
-1.75091 2.05431
-3.79944 4.07972
-3.55023 5.03242
3.08659 2.71282
-0.0641385 6.53358
-1.22688 -0.80257
-1.69164 -0.181551
1.9724 4.30991
-1.14827 3.02594
-4.14411 3.89024
1.68852 6.06036
0.769821 2.81526
-3.94559 -1.98109
-5.13044 1.25497
2.09863 -1.09819
-1.1243 -2.17402
-3.74377 4.32547
-2.96171 1.79427
-5.12361 -0.524648
0.772143 2.64951
-1.32722 -1.9195
2.46796 -0.354818
2.39041 0.319693
-5.79007 3.35965
3.30666 3.97975
-3.8251 -1.63893
1.99866 0.0444691
-0.383965 3.09728
-1.05373 -2.50827
0.923265 4.2025
1.8172 2.78167
-2.66916 4.34808
-0.928775 5.00362
2.42858 0.539187
-5.3512 3.81899
0.85888 6.31993
1.0653 4.06881
-0.320427 3.37196
-1.95144 4.85448
1.73303 -0.952784
-5.10105 0.349063
2.1445 2.84522
-2.1592 2.06776
-2.95228 -1.342
-3.48652 -1.57463
-4.98525 2.84432
2.77345 3.08598
-2.15205 4.20204
3.62517 1.49675
-1.97897 3.48405
-2.18332 -1.91367
-2.44715 6.49625
1.45829 4.60141
1.35073 2.19132
2.54038 4.79313
-1.9051 -0.618822
-3.13911 4.14262
-1.96083 0.710325
2.73566 3.55266
-0.864303 6.75042
-3.60302 0.90915
-0.163603 3.24493
-4.88881 2.46156
-5.25832 2.13222
-4.05439 1.55836
0.218548 2.49846
-1.94539 0.676838
-2.90013 -1.59466
2.86816 -0.251497
-5.45837 0.749913
-5.10747 0.828891
3.37861 -0.221464
0.157694 2.21501
3.02347 4.26888
-3.5989 -0.37782
-1.67649 5.61965
2.12064 5.37813
-3.70351 -1.77948
-2.03098 6.43849
2.57318 1.51065
-2.8116 5.3629
1.91317 1.08093
-3.80821 2.02602
-2.29087 -0.42666
1.27456 0.0877426
-0.648124 0.432257
2.30275 1.37534
-1.8595 0.102237
-4.3985 5.46401
0.842141 1.01837
-5.05734 3.62561
-0.816985 1.91168
0.0641026 0.756196
-3.88091 4.33551
-2.66656 1.31088
-3.63848 4.04257
-2.93166 5.43306
0.611442 0.769481
1.41239 -2.24806
0.871718 6.01389
2.73604 3.05809
-3.3163 4.79499
-1.40961 5.74781
-4.44881 1.01273
2.00031 0.670279
1.98116 0.709757
2.37632 1.86538
-2.65416 5.50663
1.10148 3.41419
0.939697 0.712925
-5.81633 1.35209
-1.53514 4.05539
-2.63402 0.680812
-0.351009 -0.89798
-4.21927 -0.577394
0.0559559 3.37112
-4.82959 4.60714
-4.72258 -1.26793
-0.55817 5.8808
-1.87603 5.78767
1.38743 -1.77455
-0.798139 1.32712
-1.06163 2.38553
-3.55908 -0.954811
-2.91595 5.08991
-1.85279 -0.177047
0.350875 2.92793
-0.754441 -0.593168
-3.70095 3.41597
-0.413307 -1.70861
-1.58504 3.09117
-1.02804 1.67394
2.64447 -0.640609
-0.100606 0.846329
0.686515 -2.16223
3.23186 2.36572
1.41091 0.325057
0.148009 3.11356
1.48606 -1.60643
1.80954 5.53437
-3.532 0.396231
0.739756 1.45936
-0.950316 2.38422
0.818753 -2.05092
3.23055 0.505268
-4.21315 5.46241
2.87099 -0.972146
-0.64709 6.89788
1.84003 -1.49908
0.0114419 2.32608
-3.10551 1.53184
-0.888813 -2.29597
-2.93379 4.57918
-1.89974 -0.108032
-1.53785 0.587656
-2.73229 -1.7981
2.04702 5.31739
0.586125 1.86577
3.26647 2.81668
-1.72091 4.24203
-2.91883 1.41428
-2.47606 5.43408
-1.68784 -1.63604
0.690043 -0.170512
-1.14456 -1.19877
-2.46649 4.92165
-5.18639 0.84256
-4.77857 1.08132
-0.955539 6.26844
-3.60129 -1.36941
-1.86578 -1.33482
1.44726 -0.494746
-3.2815 -1.27365
3.74728 2.79967
0.140636 0.271219
-1.76625 -2.5472
-1.36482 1.16875
0.998237 2.63184
-2.87355 -2.46825
-2.44652 -0.49313
2.16552 1.3671
0.34943 6.38695
2.44842 -1.60611
-2.97552 -0.210395
-0.705141 2.23081
-3.8019 2.04214
2.31336 2.26423
2.79153 -0.0514566
-1.72623 3.43121
-0.800236 4.40022
0.962963 5.75325
3.90709 2.12848
-2.87966 3.25652
-1.48457 -1.43124
1.65041 0.170818
-0.0395766 1.9282
0.297425 -1.81052
-4.31654 1.61079
0.45371 -2.52501
1.55933 2.88669
-3.6821 2.24268
-2.00408 6.14041
-1.59066 4.11627
-0.603065 5.92477
2.68503 0.0473495
-3.90441 -1.89909
-2.27776 5.05601
0.02911 1.86887
3.3113 3.18812
2.2136 2.60872
-5.78049 0.831308
-0.342356 5.84526
1.98567 2.7261
0.769835 0.382606
-1.34913 2.45486
0.429955 3.74646
-1.19753 -0.415117
-0.978929 1.11377
2.773 0.234675
3.72248 3.1506
-2.08124 4.33277
0.178024 0.0525437
3.22997 1.16369
2.77864 2.99981
1.5463 0.429506
-4.54533 0.976255
-1.87155 1.97843
-3.6158 5.81468
-0.481081 2.51594
2.75668 2.50082
3.01973 3.47751
-0.799277 -0.0615137
-2.18973 3.93651
-1.84801 5.7677
1.74466 -1.30171
-0.325455 -0.626833
1.3516 4.80509
2.95252 3.4438
1.17341 -1.66328
-0.74152 -0.307668
0.852652 1.01516
2.19316 2.87238
-5.50734 0.393879
2.81087 1.30293
-1.70877 -2.68055
-2.92939 5.44322
-2.34248 4.22438
-0.38095 -1.99088
-0.97053 1.57157
1.45292 -0.797116
-0.0917152 -0.288601
-1.10478 -0.239062
0.726555 0.0883715
2.63332 4.21922
0.482251 4.44419
-4.47785 3.81264
2.76994 2.81338
1.1321 -1.15945
-1.7434 3.21925
-3.34417 1.39811
1.5036 -0.32956
3.89482 2.83321
-3.82975 1.92429
1.12717 3.31307
-3.66544 -0.977613
-0.889241 4.70732
0.280335 -1.40699
-0.84849 4.80249
2.40565 0.921451
-2.38414 2.53775
-0.237994 4.87246
-4.243 5.41784
-4.91172 -0.515261
2.31795 -0.408028
-0.0926147 5.72274
-3.78486 0.0345571
-0.964195 1.5497
-0.943056 1.10981
-4.23929 3.96865
-0.295881 3.6521
3.18197 4.46112
-0.930058 -1.54745
0.721719 3.15822
-2.06272 4.14344
1.14132 -0.744762
0.0832608 3.01378
0.500255 -1.8598
-4.69209 -1.05927
2.90937 4.69587
0.451573 5.18735
0.400224 -1.47848
1.67974 0.577181
-5.73461 1.82106
1.86976 3.81039
-4.04864 0.953019
-3.17583 5.45161
-0.906776 -0.0522359
2.56269 3.40113
-1.11151 5.56492
3.46975 0.797863
0.260794 -0.295259
-2.40267 2.26617
-2.54648 5.04407
-4.42958 0.0934206
0.670601 -1.5686
-1.92878 -0.49698
-4.56779 -1.05903
3.31341 0.383563
-0.106007 -0.862414
-0.91465 -2.60214
2.96278 3.8581
-2.2283 2.22358
1.41794 0.943276
2.23853 0.707298
-4.15182 -0.690258
0.210318 0.280385
-1.74928 2.52373
1.66132 5.49912
-4.86807 -0.253333
-3.27949 4.85977
-0.62162 3.49221
-2.91665 1.94122
-2.13875 0.5731
0.147917 -1.72081
1.51638 2.39868
-5.73244 1.55307
-0.184541 5.50609
2.26037 4.66364
-5.18417 1.47069
-5.05598 2.06655
-0.788746 4.65574
0.107092 3.34318
-5.5976 2.00408
-1.13654 0.12291
3.61512 2.9472
-0.816939 0.47637
-1.24444 4.03667
0.729659 2.02312
-4.41025 -0.454883
-5.79124 1.34504
-1.67919 -1.84722
3.41158 1.31523
2.76075 1.62284
-4.02904 1.86784
-5.03398 -0.626636
3.87192 2.82947
-0.503726 -0.264232
0.0713118 2.1114
2.58777 5.20326
-3.41465 0.343327
-0.760064 6.31501
2.36645 3.82968
-4.13987 -1.10434
0.6798 -0.931118
0.240696 -1.99939
-2.77834 2.65228
-0.684169 -1.01759
0.85025 -1.75887
3.66016 3.72217
1.07061 2.15643
3.45794 0.141921
-1.60371 5.85559
0.344165 3.98164
-3.80108 -1.4159
0.296654 -2.43463
2.41378 5.15678
-3.53897 2.09358
0.0941899 0.447323
-1.646 -1.58998
-0.570268 1.62912
2.69681 -0.720018
-0.129751 5.35697
3.00215 -0.0591417
-2.4866 5.46009
0.0827792 0.781225
0.60099 -2.52093
-3.36318 -0.0548454
1.46072 1.83573
-1.47074 0.757372
-0.598899 -0.0569614
-4.08585 4.86213
2.03662 -0.860185
0.563848 1.13081
-0.412861 -2.08215
-0.459167 -1.98313
-0.453036 1.23765
-2.70315 -1.58279
-3.40538 -0.700995
-1.64193 3.10801
-5.08008 -0.473945
1.36179 1.83449
-3.86199 -0.23711
1.77753 1.05217
-5.37498 2.81415
0.19198 4.18886
2.10671 2.4858
-3.20401 0.653677
3.72344 3.09284
-0.92911 -0.681941
0.511024 -2.21026
-5.15863 3.81626
-4.34925 -1.69161
-0.639446 -1.40894
-0.757563 -1.44747
2.77993 2.1874
-2.66835 3.88664
-5.3268 3.12764
-3.77951 2.61121
-3.2853 -2.38766
-0.959831 -1.85922
3.76328 1.90998
3.45609 3.2743
-0.300283 -2.70254
-2.90944 1.87009
2.50061 1.74132
0.178484 6.46666
-1.8304 -1.46096
-1.40056 3.42323
0.724292 2.27264
-3.44913 4.26461
-0.330716 1.77136
-3.12418 5.38399
-0.616304 4.91599
3.52476 2.14697
-3.17403 5.98085
3.27831 1.51184
-2.60422 4.77892
1.24559 0.422754
-3.16521 1.20488
2.14096 4.43423
-5.3719 1.86525
-3.29313 0.178974
-3.87014 5.37615
1.95033 2.00568
0.76014 0.334029
-3.07833 3.2849
2.481 2.74764
-0.734245 6.90228
-1.72668 1.54406
-1.58589 4.6691
-3.67701 0.667268
1.09002 5.35667
-3.43845 3.01284
1.35904 0.189648
0.368622 0.00795972
2.44207 1.31896
2.01364 2.20221
1.65298 -2.06469
-4.51289 3.13399
0.682944 3.75287
0.0362649 -2.04373
2.62537 0.61992
-1.88235 2.86874
-2.81151 -1.79233
-1.77459 -1.93962
-4.86752 3.78695
1.07322 5.49153
2.55744 3.34522
-5.04072 3.99951
-3.79828 5.31716
-1.54885 3.59117
1.54743 -1.26138
-5.06221 3.1728
-0.641457 2.05544
-3.95846 5.54704
0.263113 3.26694
-2.9461 3.68063
-0.112878 0.0304947
-1.36805 1.44456
3.37572 2.59123
-1.43586 0.645785
2.35705 1.47237
1.33461 -0.191796
-4.93646 4.7763
-2.70438 5.61097
3.51493 1.23341
-1.21623 1.87347
3.28886 3.82531
-2.57949 2.55197
-2.90774 0.0279207
-3.05244 3.14615
3.17665 1.34051
-2.72075 5.55236
3.93173 1.72332
2.59225 1.49588
2.3691 3.94931
2.96824 2.70371
-2.51998 0.053132
2.64275 -0.00505674
1.28655 0.426523
1.86841 3.5754
-3.87263 0.344089
-1.68316 2.07493
3.49024 1.0254
-2.09038 5.66688
2.3659 4.18887
1.21925 5.29763
-4.08782 2.8115
-3.23919 -1.23825
-0.0150023 -0.481675
-0.428543 -2.56371
-3.54004 -0.141998
-2.13719 -2.67163
3.4334 1.11464
-4.38271 -1.43923
1.45873 2.93413
0.635706 3.94897
-0.384145 5.32543
1.7342 -0.164899
0.623062 6.64638
-4.82167 2.91266
-2.07426 -0.0281389
-0.622322 6.49719
-2.59185 4.83763
-3.6448 4.27095
2.166 -1.2114
-2.65063 5.84433
-0.206703 2.67696
-1.99761 5.2646
-1.75575 -2.37455
1.91098 -0.109143
-1.70173 -1.77965
-2.24869 5.22401
-1.80779 6.12899
1.7212 4.60035
-1.12869 2.13263
-4.135 3.25691
-1.08408 2.21437
-0.898768 -2.36665
-0.800551 -2.10547
0.310309 2.72985
-2.00554 3.54794
3.74408 0.737063
-3.79949 0.495395
-4.03893 3.39271
-2.00693 6.59101
-1.27637 -1.37632
-0.87872 6.63956
-4.88296 3.58322
1.76735 0.420723
0.895913 -1.23819
-2.33276 6.40745
2.81422 0.411325
-2.85549 -1.98528
0.90672 2.10559
-1.21214 -1.59949
3.12211 1.54654
-5.73512 0.845744
0.170214 2.38616
-2.5147 0.00826162
-0.391327 0.758212
-0.954242 3.72571
-1.42509 -2.8849
-0.928599 5.24216
3.52255 0.885619
-4.34652 -0.332938
-1.09966 5.5602
1.77265 -0.692218
2.0913 -0.43949
-2.29171 4.21341
1.10705 0.973168
-4.94084 0.277262
3.35933 1.54446
0.285524 1.968
2.30267 -1.66872
-4.30628 5.6441
-1.85561 -1.15985
-0.118553 5.71931
0.961462 -1.5222
-1.16153 5.61494
-1.85514 6.73881
1.17515 -1.08249
-3.95341 2.26645
-1.52198 2.75488
-3.52014 -1.41493
3.72805 0.53902
-1.13767 6.08738
2.08348 -1.85214
-1.94462 3.38615
-3.52086 2.7491
-0.969746 3.62353
1.58925 -2.0883
-0.657165 6.5445
-4.13545 -0.695703
-4.9777 3.70302
-5.08076 2.16717
0.441828 5.09439
1.08468 5.48842
-2.63917 -1.4373
-1.7567 2.8407
-2.85223 0.97135
-2.94127 4.4632
3.15795 4.11411
-2.15065 -1.36291
-3.1368 5.8796
3.7913 0.603457
-0.0922463 -1.98074
2.35887 3.82699
0.186427 1.8007
-1.07862 0.271105
-2.71088 5.28221
-1.1662 4.53242
-1.87709 4.98157
-4.49623 0.502629
-0.0083307 1.5625
-5.03417 2.14962
-4.3234 1.81518
0.786717 1.53981
-2.30522 2.04734
-1.00774 0.486082
2.6508 1.98922
-0.858065 1.55855
0.008479 0.500806
-4.61446 -0.805093
2.3015 3.30692
-0.533988 -1.40938
-1.41087 -2.70019
-3.78533 1.27305
-0.81069 0.1805
3.42268 3.86591
1.99568 3.2094
-4.59428 -1.30955
-4.74327 3.39798
-0.823465 6.90753
-1.53392 4.39568
-2.18072 2.85162
-3.84146 2.0566
-2.2886 3.74768
-0.643589 -0.165553
-0.540278 0.637796
-2.53874 4.6744
1.91085 5.65057
-5.1451 4.33353
-0.483517 5.85057
-2.45708 3.9222
-5.45897 1.79966
-2.67982 2.71756
-1.29281 1.70738
0.0360312 6.17327
-0.975112 -1.30635
-4.02391 4.18343
0.750243 2.68749
-2.06889 -0.893346
-0.25555 -1.0168
1.06523 0.655301
-5.01117 3.15025
0.770694 1.53176
-2.92755 4.31172
3.33141 3.39264
-2.97072 1.0386
-2.78813 0.203081
-1.10327 -2.10329
-0.579811 -1.35303
0.5842 6.3513
-2.24638 2.10614
1.08934 2.80735
-2.84663 4.72311
-2.27252 1.14221
-2.12664 -2.50183
2.67396 3.94581
1.80989 5.00538
-2.66156 -2.16083
-3.95602 1.43846
3.90448 2.25585
1.64155 5.8251
-2.50739 -0.461727
-1.81476 3.30601
2.26409 4.93887
-4.58785 4.00622
1.43694 5.50149
-3.18643 -2.40969
0.224592 3.54105
-1.26748 -2.90205
1.03921 0.406481
1.04376 1.8491
-0.311727 0.455835
-1.17934 2.59275
2.71168 -0.53779
-1.58215 -0.79571
-0.999517 1.13966
1.12459 -1.14218
0.387396 1.56153
-0.848152 3.5839
-0.257988 6.88437
0.681843 -0.218773
-2.70915 0.725598
1.63033 1.7027
-1.8922 0.318605
2.91136 3.87022
-4.60933 0.329214
3.07451 3.39116
-0.423119 4.91455
3.77237 2.96017
-0.838861 -0.585147
0.715566 -2.09685
-3.70078 0.397409
-2.31562 2.59007
1.12301 -1.68529
-1.36669 5.45131
-0.678465 -1.45006
0.873888 1.39605
1.94109 1.34276
-1.41235 0.517974
-3.74269 1.16042
0.219447 -0.970325
-3.83866 2.28173
-0.102694 5.87691
0.184885 5.19653
-2.2134 6.39733
-4.81603 1.07937
-5.37187 2.81729
-3.46932 -2.2126
-3.66266 3.23585
-5.42139 3.83591
-2.2036 -0.164076
-1.1344 -1.88307
-2.5017 4.02694
0.398664 6.39561
-0.096145 -0.416451
1.59214 5.17817
-3.54719 -1.62127
1.5755 0.636785
-0.5419 5.20363
-0.159001 -1.67163
-0.948114 5.08926
-4.3932 2.6305
-1.07482 2.4032
2.46643 2.92151
-0.58095 0.332025
1.03844 5.91735
-5.64103 0.437106
2.31296 3.26282
0.020655 2.9051
-1.559 5.47347
1.28383 -0.983501
-3.88975 -0.25807
-5.61964 3.57171
-5.46047 2.43225
-1.33902 -0.853677
-0.492335 -0.0314282
-3.1388 -0.453894
-4.11407 0.220169
-0.016788 -2.80111
0.103986 0.923991
-5.52267 0.387815
-0.059509 -0.412413
0.129745 3.16062
-1.84809 3.86046
-0.628217 1.53228
-2.56783 2.91131
1.6793 2.60715
-5.44355 0.186963
2.57573 0.41765
-0.26693 -2.53835
0.637819 -1.28372
-5.33946 3.12081
-2.27985 3.76453
-5.84766 2.98529
0.785069 3.28209
-3.85408 -2.06302
-2.85746 4.5177
-0.530743 3.57471
-2.57099 2.43378
-1.33214 -1.51336
0.461056 -0.652845
1.0938 4.01751
-0.465881 2.66953
0.131177 4.07297
-3.01653 3.79172
-2.80621 3.70362
-2.44376 0.238589
-5.0989 0.708583
2.62315 0.133211
2.8875 1.09241
3.52619 1.37578
-2.19685 2.98724
0.722935 -2.10305
-2.99525 -0.742947
0.566476 0.439904
-2.47576 -0.302346
-5.48712 3.50771
3.48937 0.706664
-2.78867 0.0456129
0.945253 1.11243
0.754196 3.16914
-4.2014 3.74487
-1.48585 6.586
2.74294 1.04034
-2.03822 -0.453906
-2.55695 0.0323312
0.472235 3.46601
-3.29282 3.98511
-3.02628 -0.803454
-5.30822 3.18505
-0.757841 4.63703
-2.19383 -0.90393
-3.48219 5.6193
1.77153 4.03197
2.20529 3.51448
-4.9277 -0.832927
-3.14821 -0.496385
-1.86778 2.79355
-3.74044 2.22031
1.58957 2.23328
1.41686 5.28134
-4.58168 -0.340983
-0.0816247 -1.2842
-1.34463 6.72454
-2.18813 0.396591
-4.93036 3.32968
-3.98411 5.84118
-0.644347 1.43395
-3.61175 1.41622
-0.466163 2.24004
-1.34671 4.86007
2.52643 -0.929855
-1.27084 -0.940206
-4.21566 2.47242
-3.21888 -0.146021
-4.1979 1.79701
-4.30484 2.16374
-0.981806 4.05081
-4.53297 2.13153
-3.35351 5.38687
-1.20241 0.68008
1.81985 2.06809
0.97323 -0.526867
-3.07183 2.49966
-1.45672 6.06958
-0.555594 6.27244
-4.87062 4.10495
2.65697 -0.0862851
-3.42263 -1.5619
-0.232306 1.37947
0.235111 4.46285
-1.48634 6.1409
2.65975 2.98069
-1.72756 -1.69376
-1.63244 6.07002
-1.01368 -0.81259
-1.86189 -1.04045
-1.33946 4.06628
1.45921 6.20382
0.135864 -0.0963857
2.47626 4.26524
2.57134 2.94665
0.965402 1.80645
-2.5905 3.50861
0.0597509 4.92316
-0.350485 1.7195
0.0257477 5.27142
-5.54117 0.130084
-3.02838 2.11937
-1.67681 3.33223
-2.66555 -0.200544
-2.40253 0.343013
-0.0710497 5.50403
-2.68953 0.132584
-4.94425 2.05248
-1.91027 1.9596
-1.02557 -2.88452
-2.76898 0.966401
-4.87245 0.689852
1.09648 1.09917
2.80922 4.29285
-1.47 0.132419
-2.37492 4.86444
-0.0681249 4.22255
-4.79254 2.86457
-5.00102 4.13641
-1.63141 -2.27794
-2.14536 6.43372
1.04929 1.91039
-1.5138 -1.86098
-4.74551 0.101014
-2.57297 -0.617959
0.790866 -2.47648
0.481209 2.60009
1.81637 -1.98879
2.87565 1.66439
1.21952 1.89755
-3.42338 1.23966
0.684007 6.62591
-3.87894 1.05788
-1.59854 5.91192
-1.4186 -2.11733
-1.48798 -0.602234
-4.10612 0.244526
-2.16079 -2.23046
1.90891 -0.4968
-3.83383 5.07217
-2.66459 -0.44881
-0.677548 2.91203
0.790855 -0.993542
-0.462065 2.94091
-2.82333 3.30286
-1.03905 0.807516
2.32228 4.08201
1.8654 -0.276255
-0.00606394 -0.553205
-2.39358 -2.49405
-1.15544 2.5003
-2.24952 5.68377
0.269833 -1.34061
-4.81303 4.12248
-0.805349 0.432666
-0.0956736 -2.4829
3.34469 -0.304819
-3.47644 1.88263
2.63609 2.70023
-4.81451 0.597042
-5.32095 4.37314
-3.76848 3.67299
3.81994 2.83794
1.17894 1.6645
-2.65173 4.60807
-3.41119 1.53524
-1.26945 -0.313939
0.118728 0.792703
-5.5577 2.46342
0.487884 -0.0341384
-5.65395 2.12397
2.72102 5.17384
-0.453021 0.270839
0.0730582 2.36692
3.10878 0.251999
-1.81858 0.379684
2.05508 3.77023
1.91492 -0.214375
3.45629 2.8033
-3.28918 2.57501
3.596 0.153125
-4.96156 3.08389
0.118987 -1.61551
-4.79214 1.78508
-3.04108 0.955354
1.22619 2.402
-2.12719 3.33497
2.654 0.904226
0.78198 -0.164579
1.28391 1.83706
3.60565 2.19884
1.62268 6.06193
-1.36305 -2.40186
-2.51337 2.67538
0.682028 6.60562
1.05987 4.88989
1.81877 4.34961
-2.06874 4.14771
-0.144492 -1.84254
1.49243 -1.79628
-2.36745 1.27441
-1.96086 -2.08354
3.11146 0.644787
0.115292 3.73415
-3.29328 4.11743
1.06765 4.34367
-2.98095 1.3976
-3.71251 1.5506
-4.09979 0.986096
1.25397 4.75572
-0.856448 6.80368
1.48404 -0.364021
0.910385 2.04654
-3.96696 3.02185
2.69133 5.14833
-3.24401 -1.60195
-0.734237 6.82365
2.74172 -0.0186689
-0.911574 -1.10547
-0.119377 4.02663
-1.25565 -1.97582
0.830316 -0.771607
-2.33985 4.83772
-2.65502 -2.42946
-3.11574 2.37802
0.592389 -1.42441
-2.47365 6.34838
-3.02636 5.79212
-2.52387 6.15238
-5.91221 2.31582
2.81879 2.17621
1.21035 5.59146
-3.83515 0.0909735
-0.38191 3.9092
-1.88485 -0.551594
3.1376 4.7753
2.34584 0.170389
1.8606 1.93823
-1.25402 -1.61305
-1.71338 4.71963
-2.9914 -0.0888835
-4.89511 0.0963898
2.2726 2.43729
2.52826 1.13323
1.34666 -0.356587
0.581633 3.48426
-5.58128 3.86776
-2.2972 1.78413
2.21438 4.98941
-3.49624 5.39345
-4.55194 -1.06126
-5.65404 1.45666
-1.15014 -1.54915
1.55305 0.0767989
-4.62547 2.82566
0.263109 4.04235
-1.9771 0.609767
1.47229 6.06085
2.86905 4.51044
-0.111718 -0.428159
-3.70543 1.10266
-5.43874 1.79832
-3.5039 -0.990686
0.737065 -0.157936
0.465977 -1.41308
-1.70708 1.01903
-1.33628 2.66745
-0.442883 3.10779
-0.832732 1.76072
-4.5487 4.46183
2.86338 -0.987445
-3.73984 -1.64052
-1.97813 5.99722
-1.79845 -2.51215
-1.49312 2.24787
-1.83809 1.35156
1.14042 5.86094
1.44164 -0.692317
-2.37834 5.89294
-2.15548 1.92737
-0.584785 -1.38896
0.858904 -2.29756
-1.72635 2.28458
-5.57853 1.73301
-2.06958 6.72051
-1.09008 -0.517805
3.2041 1.89842
-4.95562 3.34451
-2.24065 5.48602
2.65219 4.38101
1.37897 5.42171
-5.54862 0.710563
-2.78817 -1.52172
-4.24337 5.62705
-2.91069 5.29716
2.9996 -0.177208
-0.7672 6.42107
1.5558 6.16322
3.14158 -0.534283
-4.35458 5.34568
1.36413 -0.310201
-1.30981 -1.87651
-4.82418 0.342384
2.5045 5.55479
-4.2359 5.37054
0.839257 -0.784521
-2.30624 0.837735
2.67814 3.78307
-3.86511 4.22728
0.731288 -1.8655
2.04283 4.43572
-0.537472 -0.266979
2.55921 3.63835
0.0754055 4.06371
-0.806858 4.8395
-0.565752 -0.967602
-3.91651 0.748736
-5.46819 0.487984
1.98891 4.2631
-1.37752 5.03899
3.22718 2.17805
-0.355143 -2.64551
-1.1248 2.71644
-2.87278 -0.0819691
-2.84784 5.58975
-0.348948 -1.28863
-0.771897 -1.27354
3.56596 1.20933
-4.27532 1.53713
-2.63033 0.0777714
-0.701235 0.901482
0.565755 0.287678
0.366284 3.97152
-3.31204 0.873478
-1.84049 2.84013
1.5515 4.69133
-4.46298 3.32658
2.11258 -1.89702
-0.896644 1.0936
-0.661635 -2.59788
1.99508 -1.09588
-2.3102 6.15965
-2.90764 2.01646
-5.29988 1.67595
-1.82885 1.85964
-5.48392 3.63438
-1.32979 5.06758
-1.67429 3.20723
-1.60584 -0.561707
1.31021 1.93007
-2.99548 5.03413
1.19067 5.10787
-3.87227 -0.47097
-1.56685 -0.800209
3.28246 4.52551
1.21625 5.83388
0.984145 6.20424
3.13155 4.68427
-2.11981 0.302698
-3.45609 1.39626
-3.53616 1.26279
-2.57866 3.858
0.701084 -2.26845
1.81347 -2.10658
-4.49223 3.32346
-4.98377 2.94092
-2.53357 2.73951
-1.05625 5.26412
2.13484 5.82393
-2.77981 -1.4961
1.89286 2.68404
-0.233311 -1.6858
-3.45796 -0.532227
-3.95424 1.33012
-4.29513 1.81663
0.310307 -0.278905
-5.24245 1.83356
-2.98021 1.22398
-1.32545 2.51681
-1.65926 -1.0167
-2.51186 4.56094
-2.5128 -1.619
-2.75503 6.25389
-3.30479 2.78701
-4.27834 1.74096
-0.447591 0.425985
-2.11812 4.25727
-0.974254 -0.00184107
-2.77585 2.59882
-0.84948 4.8987
-4.88437 2.567
-5.2919 2.45637
1.55031 1.19624
-2.98269 -1.96249
-0.422756 3.26229
-3.9507 -0.986941
-2.98659 -0.833575
-0.0919065 5.56582
-0.407591 6.78997
-0.176903 0.835024
-3.16481 2.0079
2.79963 3.05934
-5.39328 0.950147
-2.04196 -1.27765
3.51715 1.66613
1.17872 4.06746
2.10497 1.43962
0.458318 5.39636
-3.28793 5.50762
-5.59058 2.72548
-5.32596 3.31752
-1.70869 3.26645
-0.0841281 -0.0633361
-4.90245 1.7155
2.66565 -0.0459601
-2.57339 5.1828
-0.749746 3.48255
-5.19864 0.35522
-5.07783 4.25968
-4.24842 0.634239
-0.232705 -0.838994
3.35972 3.44134
2.47852 0.651029
-3.29221 1.58601
-2.23457 -0.190741
-0.254077 -1.2268
-1.6032 1.74192
-2.52254 0.0624482
1.69596 3.90407
-4.75476 2.31614
1.5094 3.4955
-4.20131 5.31076
-0.429561 -1.3977
0.355097 -1.66227
-2.23669 2.71482
1.77907 -0.758169
0.827841 0.131282
-2.70389 4.50349
-3.18741 6.04204
3.27669 4.20939
-2.21604 -0.245846
0.796063 4.16762
2.01258 5.59475
-0.521618 4.8633
-3.61345 0.228908
-0.529261 -0.248626
-0.117344 0.948589
-3.00938 6.07877
-0.0953678 3.77458
-4.16708 3.17647
2.25451 -1.50885
1.69355 2.05057
2.65877 2.70613
-2.35468 1.13715
-2.43057 1.96093
-0.814031 0.0350301
-3.36836 4.57252
0.263939 3.01716
1.73815 -1.26532
-1.96674 1.65119
-3.66079 0.835333
-2.65357 2.32984
-3.0859 6.25107
-3.89558 1.74702
-0.572465 -2.64107
0.23817 0.121087
-0.5905 1.89694
3.03409 -0.603351
-1.98425 1.22006
-0.568321 3.64739
-4.20742 -1.30438
-2.5697 -1.56692
1.92135 4.46355
0.0842735 -2.73944
-0.409606 1.21299
2.68177 4.69481
2.96001 1.10931
2.05374 2.19818
1.23039 0.463243
-3.48194 6.1292
2.45426 3.53382
-2.65074 0.885942
-2.81879 2.14184
-0.41844 2.84575
-1.32744 6.01185
1.27884 -0.406093
0.475407 0.36311
-3.14553 4.77429
-3.20618 5.44486
-4.01272 -1.52441
0.139673 -2.05271
-0.415106 1.19342
0.14547 -0.184713
1.65666 3.24059
-0.63021 4.32716
0.70854 5.71905
-2.13911 3.79466
-0.264501 5.53345
-0.193482 0.0143359
-4.87265 -0.718075
0.377446 0.981819
-3.57332 -0.956501
-3.00921 3.23174
-3.24023 6.13626
-0.623153 4.91993
-0.752907 4.29969
3.46569 3.4602
1.18943 0.326571
-2.74514 -0.0750681
-0.0607321 -0.0126283
-4.6567 -0.683286
0.969191 -1.60048
-2.55698 -0.865174
1.96222 3.43381
-0.429927 4.4136
-0.666467 -1.27044
1.04082 3.21868
-1.51419 -2.70432
3.14361 3.34583
3.35706 2.08288
1.39959 3.30239
-3.90011 5.88757
-0.301738 2.54291
-4.97761 0.660482
-1.61753 4.54679
0.802567 2.52088
2.49371 -0.863901
-3.28327 3.27968
-3.50164 2.83233
0.724848 -1.48864
-5.88934 1.12444
1.81376 -0.789456
-2.98799 0.512021
1.75345 1.0344
-2.57663 -1.44503
1.07585 2.77068
-3.63797 1.32628
-0.0420532 2.07876
-5.39404 4.30446
-1.16369 0.104322
-2.86321 1.88954
-1.25371 2.31495
-1.70017 -1.52886
0.826313 1.41049
-0.40442 1.64007
0.621033 5.60759
2.15209 1.37449
-3.35801 2.32459
-1.89534 3.06536
0.879565 -1.61838
0.291294 0.955411
1.1523 5.65333
2.28169 0.110246
-2.26791 5.88766
