3.11647 -1.02449
3.5223 6.16195
-5.83699 -0.571132
-4.7021 -1.91191
3.98924 -0.817431
2.07725 6.19026
-5.30245 6.49327
-5.35829 -2.79977
-3.6172 6.70634
3.02208 5.5092
3.50252 6.20128
-4.5234 5.81062
-4.30393 6.06804
-4.96829 -1.73925
3.84752 6.35004
-5.2547 6.50104
-5.0652 -1.65098
-5.30094 -0.953449
-5.48061 -1.42193
3.99994 -0.956714
2.89956 -1.74532
3.97799 -2.45942
2.7054 -2.27671
-5.95838 6.23069
3.13027 5.19695
-2.95705 6.92228
-5.64579 4.47803
2.33239 6.25377
3.79434 4.43811
3.03366 6.83596
2.88949 -2.23005
-1.65487 -2.96769
3.84363 -2.96421
3.58637 6.1893
3.43051 6.16273
3.09643 5.73979
-4.4877 -2.27455
3.84845 0.382429
2.9756 -1.63925
-1.89212 -2.94591
3.86467 4.07909
2.65181 -2.0608
-5.48492 -2.46578
-5.2991 -2.01163
3.23728 -1.30351
0.45889 -2.93995
-4.47124 -2.67107
-5.98875 -2.94291
3.0417 -1.08888
-3.66881 6.26576
3.39129 4.99646
0.572009 6.953
-5.82543 4.17597
-5.41277 -2.2574
3.52662 6.48911
2.84318 6.67277
1.61612 6.63505
2.65434 -1.90222
-5.81089 0.438414
-5.90927 6.23692
2.87197 6.33273
3.4664 -1.77674
3.46925 -2.86134
-4.39176 -1.80011
3.15221 -1.99143
-2.43617 6.9797
-4.98546 -1.42725
2.89553 6.45502
-5.43978 6.2522
2.15549 6.26068
-5.83823 5.45123
3.58957 4.36747
-5.56085 -2.76137
3.23381 -2.56605
-5.07142 6.61565
1.77505 -2.9302
3.46435 -1.9852
2.09743 -2.04957
-4.26699 6.37714
3.81109 5.45273
-4.85541 5.80683
-5.94565 3.49787
-5.15815 4.8025
3.10227 5.67197
-5.37326 -2.52817
3.27866 -1.90475
3.21551 -0.782742
0.718408 -2.70524
-4.60999 -1.56058
2.88433 -1.97767
1.78463 6.36349
1.73301 -2.71547
2.80009 -1.27278
2.58866 -1.66612
-5.97172 6.00772
-4.24587 -2.55271
3.59716 4.75058
-4.87036 5.61265
-3.92743 6.94196
-5.0568 5.09355
2.79013 6.86644
-4.90767 5.6909
1.45008 6.70042
3.58753 -2.11472
-5.79492 -2.46927
2.97883 5.99521
-5.28678 6.62551
3.16851 -1.96756
3.00896 5.75604
-4.08228 6.21405
3.28678 -2.10345
2.20926 6.68395
1.48678 -2.63504
-5.91431 6.96042
-2.19288 -2.93046
-5.88319 5.86344
-4.5177 6.25379
2.56826 6.09512
-5.82002 3.50066
-3.56472 -2.75425
-5.86839 -1.55054
2.97055 5.44113
3.41243 5.80725
0.445122 6.8498
-0.0288651 -2.9212
-4.73195 -1.32759
1.75899 6.25511
-5.68394 -1.87843
3.39649 4.88265
-4.45859 -2.0987
2.67321 -1.58204
3.32716 6.81453
3.06964 -1.85801
-5.99953 -1.45073
-2.92237 -2.68347
-3.32917 -2.64961
-2.72374 6.85946
-4.72257 -1.98876
-5.17423 -1.57711
1.69074 6.89541
-5.64481 -1.42445
-5.59913 6.25318
2.88348 6.07046
2.40804 -2.32538
-5.93574 -2.56109
1.28296 -2.53487
3.6921 -0.0362833
-4.30823 -2.63182
1.36901 -2.97791
-5.1561 -1.66452
-5.8585 4.48942
-5.69676 5.06149
-5.44589 -2.65693
3.33176 -2.1057
-3.38117 6.43081
-4.2517 6.26294
3.74499 -1.04462
-5.40837 -2.69935
-4.90913 -1.76031
-5.53635 -0.16083
-5.49737 -2.79136
1.93878 -2.45786
-5.52258 5.21842
3.99241 4.56143
-5.48315 6.92352
-4.56776 -1.80416
3.63092 -0.354475
-3.48026 6.70693
-3.64755 6.44697
3.40837 5.25895
1.72706 -2.4799
-4.21048 -2.51174
3.56611 -0.455675
-4.34985 -2.88255
-5.01142 5.3505
-5.19205 -2.85193
-3.87355 -2.62594
1.35147 -2.70989
3.31338 6.00163
3.26364 5.44482
2.21129 5.92815
-3.85203 -2.96769
-4.80621 -1.53865
3.03394 -1.39865
3.5207 4.5959
-4.21686 -2.39844
2.29569 6.1625
2.59479 5.48023
-4.81874 5.47953
3.84927 -0.0355967
3.7538 -1.46077
-5.02456 5.92721
3.97052 4.48551
-2.44492 6.8198
-5.55009 -0.363835
-5.64986 -2.62068
3.30653 -2.07511
2.4104 6.9562
3.09686 5.86031
-5.51261 -1.79757
3.27623 5.46611
-5.04806 5.15197
0.138073 6.90165
2.23659 5.9501
-5.97377 3.87294
3.06126 5.43179
-4.669 5.6385
3.43652 4.72644
-5.06212 -2.55638
-5.81444 -2.8248
-5.84556 6.39879
2.47523 6.59096
-5.96542 -2.35658
-4.82729 -1.38647
-5.58724 4.98474
-5.05077 6.98142
-4.676 -2.81067
-5.38239 5.12189
-2.0171 -2.9053
-4.20782 -2.52412
-3.66056 -2.50527
-3.06009 -2.74645
-5.25942 -1.89573
3.58022 -0.467239
-4.41985 5.93318
3.61014 -1.73984
-3.93953 6.65882
2.14794 5.95125
-5.13948 -1.19114
2.87964 -2.47023
-5.48131 5.77099
-5.34149 4.87729
-4.75764 5.46642
-5.05927 -2.51468
-4.64455 -2.67816
-4.69835 -2.81012
0.0738665 -2.93878
3.89059 0.416224
1.26575 6.67568
-5.87699 5.00708
-5.37933 -2.715
3.05346 -2.30056
3.46527 -2.66852
-4.13049 6.10262
-5.02482 -2.97887
-4.35383 6.87547
3.95737 1.23962
2.57143 -2.66909
-5.37053 -0.849666
3.69308 3.99603
-4.98493 5.32095
2.95828 -2.20719
-4.87629 6.28603
1.84022 -2.11799
2.59687 5.5913
3.5878 6.72059
-3.23656 -2.55204
3.96442 0.365023
-5.99594 1.37667
-5.67265 -1.86793
3.39121 -1.73188
-4.74567 -1.41393
-4.29779 6.45608
-4.9837 6.76935
-5.64233 6.53274
3.06164 -0.940114
-5.77727 -2.26176
-5.43131 -2.25495
-5.43539 5.71851
-4.97521 5.0451
3.95912 -1.86726
3.95298 6.03662
1.50232 -2.47833
3.78167 5.06693
3.79752 6.37826
2.91509 -1.32896
3.10267 5.0044
1.32568 -2.62342
-5.54546 4.1232
3.75484 -1.76305
-4.68756 5.66993
-5.04659 5.18996
-3.84362 6.92768
-4.98047 6.48206
-5.69574 -1.52593
0.605257 -2.9409
-5.13329 -1.3039
3.88606 0.0753222
3.46393 6.95253
2.98471 5.04625
-5.21865 -1.85946
2.12902 -1.93108
2.64016 6.97875
3.60868 -0.698608
-5.91123 5.53776
3.60668 -1.80248
2.57159 5.65927
-5.7783 -1.69021
3.99652 6.83039
-3.22108 -2.6562
3.0731 6.66868
2.10266 -2.36757
-4.47482 -2.05457
2.73228 -2.44613
3.23364 5.13177
3.6907 -0.15684
-5.89383 0.939484
0.756594 -2.80355
3.21812 6.91751
-3.2381 6.74865
3.9451 -0.784132
-5.64152 6.26588
3.26749 5.37454
-5.90648 3.09736
0.0563695 -2.96138
2.35346 -2.95062
2.81521 -2.06241
-4.30408 6.17369
-5.79653 -0.314415
-4.61461 -2.10839
-3.74625 -2.84949
2.83896 -1.2515
-4.63038 5.97424
3.74398 -2.56585
-5.1642 -2.69037
3.70417 4.37724
-5.34421 -1.2157
3.86918 6.91413
-3.73134 6.67726
-5.40957 -0.996208
2.09503 6.62958
1.41229 -2.70443
-2.73196 -2.99232
3.93547 4.269
3.80376 -0.923299
-5.41241 -2.86119
-5.48792 -1.26421
2.65657 -2.76677
-4.98218 -2.86659
3.88382 4.396
3.99631 -1.71376
-4.53359 5.57978
2.29754 -2.88032
-5.99176 3.70766
2.29717 6.17979
3.05452 5.99026
-4.60779 -2.96142
2.25596 6.68939
3.21837 -1.36204
2.28988 -2.12083
-5.81591 -1.97952
2.16646 6.12683
2.11709 6.75807
3.61406 6.5093
3.79666 4.87003
3.19869 6.01503
-5.47601 4.56846
2.12006 -2.29192
3.3992 -1.26911
-5.40508 5.87748
3.24097 6.99412
-5.74333 -2.44021
-2.72718 6.995
-5.61771 -1.64295
-5.02867 -2.15711
3.48211 6.87263
-1.52436 -2.98674
-5.68351 -1.84248
-3.41632 6.74037
-5.86442 -2.06634
-5.7096 -2.59657
-5.56183 -2.26284
-5.41207 -0.940072
3.93125 0.429977
-4.23821 6.50714
-3.79541 6.74202
3.85593 -2.67962
2.51007 6.79052
2.53999 -1.86637
3.52308 -2.25542
-5.12435 6.37901
2.71631 -1.38048
3.46461 5.62016
3.34478 6.97451
-4.66674 5.92116
1.76254 -2.51996
3.31551 -1.51461
3.81637 5.86116
3.88506 3.23672
-5.18217 -0.981015
3.88972 5.55051
-4.39018 6.7061
-5.14169 5.60834
-5.62653 4.75025
-3.3338 -2.74147
-4.42051 -2.81226
-5.19834 -2.00684
-5.60253 3.95535
2.50806 6.42188
-4.59967 6.78229
3.25497 6.91897
-3.37629 6.58293
2.97136 5.52104
-5.42503 5.96493
1.44841 -2.8717
1.7605 -2.69833
-3.61555 6.98525
3.77227 5.97897
-4.37088 -1.80036
-5.43777 -2.77084
-5.64254 5.22139
-3.94576 -2.48234
1.98683 6.46698
-5.67375 6.61596
2.1489 6.16378
3.39294 -0.441715
0.72178 6.7504
-5.22032 6.47894
3.9966 0.427628
3.14522 -1.8456
1.575 -2.47512
-5.85916 -1.23994
-4.26296 -2.73813
3.31024 -0.72289
2.37417 -2.59632
-5.82165 5.51502
-4.91172 5.4703
3.9201 -0.174677
3.66573 -0.0995873
2.8002 6.09638
-3.29791 6.62342
2.42854 6.89258
1.24562 6.68549
2.56141 6.87332
3.95299 4.36162
2.95435 6.91152
-3.66443 -2.26251
-5.96718 4.16548
-5.77405 -1.35236
-4.01113 -2.88212
-3.90722 -2.65817
-5.47074 4.55033
-2.91224 6.95223
-3.12105 6.66503
-3.14054 6.68185
-5.97632 3.81625
3.40271 5.24109
2.54973 6.36856
-3.82142 6.89175
-5.83781 5.91817
3.57394 4.94745
-5.07343 5.26748
3.94635 -2.31271
-0.278457 -2.96668
2.77498 -2.46449
-5.43117 -1.50036
2.75478 5.48144
-4.60924 6.54704
-4.69285 -2.70637
-4.43338 6.71783
2.28327 -2.3189
-5.96947 4.06575
-5.8565 -1.45083
3.04658 -1.54935
-5.89496 3.82742
2.29294 6.93064
-4.70519 6.7071
-4.19255 6.58775
-5.70207 -1.64993
-3.57027 -2.91427
-3.92783 -2.90922
-2.67893 -2.88307
2.9771 6.78006
1.64388 6.26707
-5.97727 -2.03505
-5.99043 5.86886
3.93146 3.20734
3.278 -0.771863
2.85723 6.30072
3.3164 5.72863
3.96596 -0.730594
-4.7942 5.878
-2.83 6.72754
-5.23681 6.86939
2.59802 6.14473
-4.82331 -2.06404
2.50647 5.94797
-5.13248 6.71227
1.82597 -2.41042
-3.76662 6.45654
-5.43424 -0.53783
3.67478 -0.20086
-4.08129 -2.16733
3.81593 -2.41539
3.67137 4.13949
-5.08737 -1.36943
-4.916 5.91285
3.4561 -1.65235
-4.42667 6.31437
3.61755 -0.595121
0.866606 6.84976
-5.54011 -2.18833
3.69926 6.08886
-5.69495 6.18341
-5.99589 6.0886
3.50937 6.70337
2.32684 -2.48408
-4.9215 -1.66847
-5.49498 6.90446
3.19031 -1.62707
-4.80853 6.66402
3.95769 6.22579
3.83408 0.50042
0.698879 6.99033
3.3146 -1.18944
-4.8123 6.41074
-5.60968 5.35205
-5.1708 5.54548
3.94035 2.92081
1.2615 -2.75131
-2.63308 6.92843
-5.64947 5.89721
-5.08109 5.91607
3.79094 5.18041
3.16476 5.53167
-5.74387 -1.99656
1.15939 6.82895
3.27367 -2.9202
1.86815 6.72328
2.91737 5.32436
-4.10659 6.57028
2.95385 -2.49559
3.26825 6.10843
-4.47104 -2.78917
-4.42814 -2.49411
3.8862 -1.25867
-5.33327 -0.522343
-5.04296 5.3482
3.41527 -2.75853
1.97292 -2.89261
0.0503227 -2.91531
-5.5156 5.00474
-5.12846 -1.57794
-3.66662 6.79317
-5.96536 -0.0130593
-5.57045 -1.80406
-5.01089 -2.87771
2.15717 6.91274
-4.86486 -1.44313
-5.29227 5.16655
1.84496 -2.98742
-4.96367 5.96038
-2.96916 -2.93237
-4.08071 -2.48783
2.57997 -2.4432
-5.97184 4.94331
3.29023 6.79606
-5.99121 -1.38981
-5.84275 -0.597465
-2.77591 -2.77839
-4.70889 6.76691
1.52233 6.75187
1.16242 6.94378
1.72868 6.77834
1.15045 6.679
2.26066 6.44836
0.367595 -2.89415
3.62155 -1.55454
-3.49948 6.94895
3.6484 5.1451
-5.92826 3.01599
2.25095 6.69329
-5.67993 6.79453
3.50373 5.11199
-4.67122 6.28843
1.83207 6.3794
3.17393 -1.82077
3.42319 -1.29352
1.08442 -2.8752
-5.42375 4.87263
2.23587 6.12309
-5.55926 -0.906175
3.9057 4.34549
1.28998 6.94905
3.95275 5.40567
-5.97074 -0.934872
3.30894 5.4122
3.51429 -1.49465
-3.63667 -2.29749
-4.54008 6.76479
-5.56022 5.30867
2.5206 -2.69553
1.44408 -2.9759
1.33636 6.80741
-5.92986 5.88727
1.32163 6.63799
3.30858 6.85132
-4.54825 6.31261
-5.26776 4.70648
2.7607 -1.55601
-4.90521 -2.98743
-1.76227 -2.99384
-5.83063 5.02712
-4.24776 6.55935
-5.0875 -1.60361
3.74829 5.5275
3.85057 4.08802
-4.20808 6.48254
2.82227 6.852
2.08145 -2.04801
-5.62168 4.93202
-5.34378 -1.05809
2.17535 -2.18298
-5.73898 0.00445825
-4.06783 6.08329
-5.06588 -2.0621
0.843682 6.83723
3.82038 6.042
2.6656 5.97631
-5.62815 4.53552
3.46819 6.26185
3.36566 5.1338
2.23816 6.73751
2.61267 6.50961
1.80573 -2.75708
3.93202 -1.12681
3.59525 4.79124
3.52354 -0.460653
-5.4156 -1.422
2.14453 6.83048
-4.61059 -2.03233
-5.34315 5.893
1.69247 6.97175
-0.0462995 -2.92004
3.80849 5.29038
2.37261 -2.27228
-3.29847 6.50284
-5.07971 -2.43608
3.05546 -1.24658
3.90256 0.600836
2.47716 6.24086
3.96858 3.54751
3.82602 -2.39044
3.58506 -0.722471
2.3792 5.76848
-4.43374 -2.97776
-5.32707 5.40808
-5.63304 6.74934
3.88646 -0.180796
-5.61619 5.76525
-5.64185 4.3195
-4.64435 6.84486
-4.51768 -2.18722
-5.3197 4.62912
3.57919 -2.96304
-0.149259 6.93735
-5.71917 -1.91918
2.09744 -2.61754
-3.85018 6.83839
-5.20983 6.31183
2.47332 6.37107
-3.69914 6.90427
2.27517 -2.57408
-4.82272 -2.48152
3.83414 5.25177
2.67769 5.94831
-4.53428 6.69675
-4.49949 -2.00817
-5.57903 -2.8218
3.94014 -0.544656
3.65956 -0.983024
-4.66085 -2.63477
-5.80566 -2.00129
3.9549 3.29132
3.26551 -1.07443
-5.57424 -2.39533
-3.70921 -2.3799
-3.74264 -2.20877
-2.14474 6.98412
3.75679 -2.05142
-5.64069 5.25162
-5.67952 4.40734
-5.59401 -1.70572
-2.63569 -2.79619
3.72397 6.77841
-4.98055 5.89479
-5.80138 -0.537845
2.81924 5.93055
3.75385 -1.06475
-4.015 -2.05212
2.63174 -2.50467
3.98962 0.0358884
2.89369 -2.87037
3.53481 -1.34679
2.49012 -1.83806
-5.71774 -2.41243
-5.41721 -2.22433
-2.73126 -2.80413
1.98701 -2.05729
-3.70109 6.23659
2.35822 6.96508
-4.60829 -2.57857
-5.2723 -2.00778
1.67507 6.926
-3.19685 6.97398
3.16258 -1.83864
3.93906 -2.63424
2.56667 -2.00884
-5.15529 6.95838
-4.58741 -2.57061
-5.78816 6.69022
-5.14865 6.88816
-5.08907 6.41801
-5.12069 -1.24436
3.37639 -0.708099
-3.63154 6.69017
-5.09436 6.1427
3.04844 -2.11462
-3.96283 6.03584
3.93927 -0.997545
3.32818 -1.33584
3.63299 -2.37111
2.26941 -2.2503
-3.18313 6.83336
-5.93348 -1.62636
2.02652 6.89049
-5.93862 3.0649
2.54573 -2.98958
3.88194 -2.74191
3.45813 -1.22361
-5.22711 6.54776
-3.9335 -2.75934
1.60831 -2.71416
3.26397 -2.12662
3.05036 6.21365
3.40998 -1.56598
-5.53881 5.13858
-4.45556 -2.99478
3.32218 -1.17096
1.20447 6.87959
-4.96776 -2.37927
-3.27264 -2.64558
3.43706 -1.02212
2.85841 -1.65718
2.67112 -2.7537
2.54532 -2.14451
-5.42406 6.42171
-5.15057 -1.40696
3.64863 5.24967
3.65502 4.40854
3.78972 0.402521
1.11285 6.6282
-5.61845 -0.751456
-5.32343 6.76515
3.78347 -1.83536
-5.29886 5.97932
-4.27811 6.72215
3.42234 6.25251
0.884223 6.63609
-5.86969 -0.763902
3.21595 5.5936
-3.38802 6.67871
-4.65177 -1.66625
3.7389 5.26097
-5.61616 6.17072
-5.49553 6.25858
2.67921 6.40324
-5.98603 -0.317109
-5.45002 6.85679
-5.75899 -1.32722
3.76269 -1.44188
2.5204 6.78511
3.82576 3.88296
3.4874 -2.62426
-5.86481 3.28191
2.37104 -1.94668
3.935 -2.6764
3.38041 4.63377
-5.2236 -1.67478
2.65539 -2.15287
-3.48769 -2.52826
-4.96952 5.33873
3.43298 6.56793
-3.58411 -2.32511
-4.85337 -1.74472
-5.84099 0.344729
-5.95709 -1.1669
3.23332 6.28086
1.3776 6.89706
-5.62795 4.77884
3.71799 -2.58503
3.61194 -0.964108
-4.68325 6.65357
0.555773 -2.8478
-2.86826 6.94199
3.98191 0.503792
1.72083 6.6999
-4.26421 6.5764
-5.82404 5.01044
-5.40468 6.14952
3.0922 6.36832
-3.48511 6.9883
3.98906 -1.25514
-3.8028 6.19933
1.20977 6.803
-5.66961 -1.67424
3.08715 -2.18472
-5.85849 -1.71565
-5.98539 2.81605
-5.78584 -1.83888
-5.59522 6.62317
3.07401 6.06112
-3.72943 6.2606
-5.57827 -2.0169
-2.38918 -2.8323
-4.18286 6.89116
1.69364 -2.83363
-5.1099 -1.69049
3.73542 0.0487034
-5.02203 -1.04945
-5.87641 -2.88892
-5.99777 0.0686212
-2.76501 6.79947
3.00538 5.93911
3.6399 0.121943
-0.167581 -2.9992
-4.35615 -2.95109
-4.83399 6.25016
-4.16482 -2.01278
1.38835 6.97384
3.56284 4.36904
-5.51025 -1.79331
3.25076 5.98837
1.0367 -2.58322
0.663947 -2.85529
2.89699 5.52028
3.99442 4.60797
-3.13615 -2.75816
3.5203 -1.66902
-2.47079 6.85012
2.68297 -1.74563
-5.72488 4.28679
-5.73217 5.1409
-5.77434 5.70172
-5.24091 -2.55915
3.88924 4.36008
-5.69476 5.38064
3.94497 -1.22088
2.39185 6.42896
2.42607 6.15094
3.86981 5.31531
3.17038 5.20316
-5.03395 6.42828
-5.45968 -2.60336
-4.94228 6.41204
-2.90843 6.83765
-4.57873 5.52569
3.25315 6.57426
-4.8867 5.30331
1.24337 6.56857
1.87188 6.92481
-5.1219 -2.93409
-4.70307 -2.54962
3.9766 4.95132
-5.33582 5.97292
3.90822 0.688827
-5.55831 -2.51259
3.60741 4.3956
-4.55593 -2.96011
3.70855 5.83469
3.75751 -2.96822
-5.74817 -1.71108
-3.20649 -2.71871
-4.20646 6.46501
3.95953 -2.45467
2.6466 6.41657
3.92767 -1.59259
-4.6144 6.7833
-0.282572 6.98508
-5.46959 -1.59085
-5.95798 4.83865
0.966623 -2.9236
-3.69632 -2.68731
-5.06186 -1.09456
3.43879 -2.01984
-3.37562 6.68228
3.75868 5.86438
0.838048 -2.77749
-5.72709 -0.962504
3.96866 4.83406
1.40744 6.5311
-5.65857 -0.186891
-5.85356 4.23734
-4.04475 -2.04715
3.37972 5.0101
2.26062 -2.54755
3.99696 -1.34415
3.12304 5.71205
2.28139 -2.37319
-4.6128 -2.68153
3.59058 -0.879219
-3.89694 6.85531
2.52194 6.39083
-5.36623 4.92012
-4.89998 6.06531
2.92062 5.23676
2.74213 6.49807
3.72181 5.9128
-4.58814 -2.6178
-4.88291 6.18573
-5.55433 6.38118
-5.6407 6.20097
2.15854 5.92846
1.46888 -2.8084
3.57278 -0.298527
1.26301 -2.86833
-5.70723 -1.7692
-5.84073 0.544675
-5.8794 0.482453
-3.72568 6.86926
3.36196 4.85222
-3.75173 -2.72157
-5.00367 -2.98415
3.45407 4.98878
2.99103 5.81604
-5.77987 -1.43567
-5.26929 6.21116
-4.93725 6.58615
1.54952 6.52918
3.48299 -0.996133
3.96452 5.09315
2.05763 -1.97273
-5.9552 1.19748
-5.56484 -1.73281
3.22388 4.68617
3.99067 -1.6302
3.70792 -0.683491
1.53893 -2.57826
3.87808 3.42643
-5.97242 -2.31529
-3.05823 -2.99048
-5.70253 -1.00365
2.74122 -1.6549
3.06057 -1.90011
-3.48686 -2.39555
-2.63835 -2.77882
0.919838 6.66605
-4.96641 6.43298
-5.72949 0.293149
0.141418 6.94475
-4.33945 6.38453
3.59769 4.40645
3.54321 -1.74669
-5.99143 4.13324
-5.82104 -0.414063
-2.09614 6.92195
2.99197 -1.98793
-5.80364 -2.56917
3.93269 0.776429
3.72308 -0.105648
3.40296 6.37022
-5.96924 4.67907
3.86999 6.46063
2.73251 -1.55856
2.66399 -2.91689
-5.47105 6.66297
-5.61498 4.25028
3.15005 -1.82979
-5.23507 6.02004
-5.36915 -0.980579
-5.14735 5.43786
-5.90275 0.353136
3.50775 6.50777
-4.66177 -2.07058
1.88838 6.9252
2.66609 -1.46846
-4.96068 6.40007
-5.96859 -2.55299
-3.08397 6.92888
3.32895 5.5059
-4.99786 -2.66649
-1.6093 6.97591
-3.45028 6.72832
1.71557 -2.44572
-5.8401 -2.92107
-5.94517 -2.89375
-4.9926 -1.88342
-5.62207 -1.23923
1.37893 -2.46217
-4.16031 6.66641
3.77267 3.98864
3.17203 -1.28464
-4.22655 6.54996
-5.71387 -0.517424
-5.82093 0.458646
3.43499 -1.04748
2.22694 6.92368
2.51514 -2.56255
2.96683 5.76456
-5.96185 3.82743
2.51409 6.88967
3.68577 -2.39547
-5.90598 -2.89552
3.84468 0.177812
-5.77984 6.58001
3.71756 6.90593
-5.81546 6.81158
-5.98959 4.65683
2.87244 5.87946
-5.41586 5.49446
2.42568 6.71903
-5.54065 5.64584
3.29904 -2.82309
2.55177 6.48358
3.9885 5.56219
3.76952 -0.514965
-5.0945 -0.970327
-4.97311 5.04607
0.54053 6.92209
3.86604 5.28447
2.54914 6.94822
-3.91889 -2.94891
-5.94993 -1.03591
-5.44443 4.60587
-4.87269 6.69715
-5.92841 -0.227271
-5.94502 4.51535
-4.64691 -2.23837
2.77508 -2.57876
-3.54636 6.62094
-4.83542 -1.81176
-4.67334 -2.60824
-5.25375 -1.75852
-3.53677 6.81057
-5.46409 -2.43378
-5.27608 -0.739407
3.55142 6.45864
-4.01202 -2.70233
2.50999 -2.87719
3.93708 4.21411
-4.21192 6.7056
2.76569 5.97874
2.52325 -2.70131
3.13257 -2.54943
-4.43318 -2.32125
-3.82663 -2.18855
-2.69114 6.98684
-5.42693 -0.847639
-5.58352 -0.190605
-5.88287 0.895034
2.24261 -2.80782
3.97837 6.00017
-5.7086 5.27245
3.98216 2.80147
2.86238 -2.80397
0.107488 -2.8856
-5.89853 3.08964
2.996 -1.29574
1.62017 -2.39467
-5.32435 6.6813
3.85072 -0.279142
3.36585 -2.51315
-5.72816 -1.52008
3.65822 -1.48292
-4.68439 -1.95118
3.4656 4.67071
-2.61448 -2.83438
-5.34752 -0.70142
3.80208 5.69524
2.76853 5.39062
2.82722 6.05482
-3.33545 6.53072
-4.70111 6.43071
-5.90488 3.05761
2.8729 -2.82528
-4.7869 6.88975
-5.94378 6.17126
-5.35315 5.56635
3.04703 -2.58358
-5.40885 -2.25336
-4.13998 6.06138
-4.51202 6.39587
2.36657 -2.27801
-4.86159 -2.05308
-4.30644 -2.41937
3.02925 -1.84076
3.3332 -2.29964
-4.02328 6.38896
1.25043 -2.81273
-4.65349 6.75755
-5.94677 -1.35803
-3.82184 6.41029
1.1725 6.73017
1.27696 -2.77407
