0.823295 -0.604897
0.904459 0.83239
-0.967399 -0.514226
-0.740419 -0.782382
0.997849 -0.563486
0.615449 0.838053
-0.860489 0.898654
-0.871657 -0.959954
-0.52344 0.941268
0.804416 0.70184
0.900505 0.840256
-0.70468 0.762124
-0.660786 0.813608
-0.793658 -0.747849
0.969503 0.870008
-0.85094 0.900208
-0.813039 -0.730195
-0.860187 -0.59069
-0.896122 -0.684386
0.999987 -0.591343
0.779911 -0.749063
0.995598 -0.891885
0.74108 -0.855342
-0.991677 0.846138
0.826053 0.63939
-0.39141 0.984457
-0.929158 0.495606
0.666477 0.850753
0.958868 0.487622
0.806733 0.967191
0.777897 -0.846011
-0.130973 -0.993537
0.968726 -0.992843
0.917274 0.837861
0.886103 0.832546
0.819286 0.747958
-0.69754 -0.85491
0.969689 -0.323514
0.79512 -0.727851
-0.178424 -0.989183
0.972934 0.415818
0.730362 -0.812161
-0.896983 -0.893155
-0.85982 -0.802325
0.847456 -0.660701
0.291778 -0.98799
-0.694248 -0.934215
-0.997749 -0.988582
0.80834 -0.617777
-0.533762 0.853152
0.878258 0.599291
0.314402 0.9906
-0.965087 0.435194
-0.882554 -0.851479
0.905324 0.897822
0.768636 0.934554
0.523225 0.927009
0.730867 -0.780445
-0.962178 -0.312317
-0.981853 0.847385
0.774394 0.866545
0.893281 -0.755348
0.893849 -0.972267
-0.678351 -0.760021
0.830441 -0.798286
-0.287234 0.99594
-0.797092 -0.68545
0.779106 0.891003
-0.887956 0.850439
0.631098 0.852135
-0.967645 0.690246
0.917914 0.473494
-0.912169 -0.952274
0.846761 -0.913211
-0.814283 0.92313
0.55501 -0.98604
0.89287 -0.797039
0.619485 -0.809914
-0.653399 0.875428
0.962217 0.690546
-0.771082 0.761366
-0.98913 0.299573
-0.831631 0.560501
0.820453 0.734395
-0.874652 -0.905635
0.855732 -0.780951
0.843102 -0.556548
0.343682 -0.941048
-0.721998 -0.712117
0.776866 -0.795533
0.556925 0.872698
0.546602 -0.943095
0.760017 -0.654556
0.717732 -0.733224
-0.994344 0.801544
-0.649174 -0.910541
0.919433 0.550115
-0.774071 0.72253
-0.585487 0.988392
-0.81136 0.61871
0.758025 0.973287
-0.781533 0.738179
0.490017 0.940084
0.917507 -0.822943
-0.958983 -0.893853
0.795766 0.799042
-0.857356 0.925102
0.833702 -0.793513
0.801793 0.751209
-0.616456 0.842809
0.857355 -0.82069
0.641851 0.936789
0.497357 -0.927008
-0.982863 0.992083
-0.238576 -0.986092
-0.976639 0.772689
-0.703539 0.850757
0.713652 0.819024
-0.964005 0.300131
-0.512945 -0.950849
-0.973677 -0.710108
0.794111 0.688226
0.882486 0.76145
0.289024 0.969959
0.194227 -0.98424
-0.74639 -0.665518
0.551799 0.851022
-0.936787 -0.775687
0.879299 0.57653
-0.691717 -0.819741
0.734643 -0.716407
0.865432 0.962906
0.813929 -0.771602
-0.999906 -0.690147
-0.384474 -0.936694
-0.465834 -0.929922
-0.344748 0.971893
-0.744515 -0.797753
-0.834846 -0.715421
0.538149 0.979083
-0.928961 -0.684891
-0.919826 0.850637
0.776696 0.814093
0.681608 -0.865075
-0.987149 -0.912217
0.456591 -0.906975
0.93842 -0.407257
-0.661647 -0.926365
0.473802 -0.995582
-0.83122 -0.732904
-0.9717 0.497884
-0.939352 0.612297
-0.889179 -0.931386
0.866352 -0.821141
-0.476233 0.886163
-0.65034 0.852588
0.948997 -0.608924
-0.881673 -0.93987
-0.781826 -0.752061
-0.90727 -0.432166
-0.899473 -0.958272
0.587757 -0.891572
-0.904516 0.643684
0.998482 0.512286
-0.89663 0.984703
-0.713552 -0.760832
0.926184 -0.470895
-0.496052 0.941385
-0.52951 0.889394
0.881674 0.651789
0.545412 -0.895979
-0.642097 -0.902348
0.913222 -0.491135
-0.66997 -0.976509
-0.802285 0.6701
-0.838409 -0.970386
-0.57471 -0.925187
0.470295 -0.941979
0.862676 0.800325
0.852729 0.688964
0.642258 0.78563
-0.570405 -0.993538
-0.761242 -0.707729
0.806787 -0.679731
0.904139 0.51918
-0.643372 -0.879689
0.659137 0.832501
0.718958 0.696046
-0.763747 0.695906
0.969855 -0.407119
0.950761 -0.692154
-0.804913 0.785443
0.994105 0.497101
-0.288984 0.96396
-0.910018 -0.472767
-0.929972 -0.924136
0.861307 -0.815021
0.68208 0.991241
0.819371 0.772062
-0.902523 -0.759515
0.855246 0.693223
-0.809611 0.630394
0.227615 0.980329
0.647318 0.790019
-0.994755 0.374588
0.812253 0.686358
-0.7338 0.7277
0.887305 0.545287
-0.812425 -0.911276
-0.962888 -0.96496
-0.969112 0.879757
0.695047 0.918193
-0.993084 -0.871317
-0.765459 -0.677294
-0.917448 0.596949
-0.810154 0.996284
-0.7352 -0.962134
-0.876479 0.624377
-0.203421 -0.98106
-0.641563 -0.904824
-0.532112 -0.901054
-0.412018 -0.94929
-0.851885 -0.779146
0.916045 -0.493448
-0.683969 0.786636
0.922028 -0.747968
-0.587906 0.931765
0.629589 0.790249
