0.680375 -0.211234
0.566198 0.59688
-0.329554 0.536459
-0.444451 0.10794
-0.0452059 0.257742
-0.270431 0.0268018
0.271423 0.434594
-0.716795 0.213938
-0.725537 0.608353
-0.686642 -0.198111
0.0258648 0.678224
0.22528 -0.407937
0.275105 0.0485743
-0.012834 0.94555
-0.414966 0.542715
0.0534899 0.539828
-0.199543 0.783059
-0.433371 -0.295083
0.0519907 -0.827888
-0.615572 0.326454
0.780465 -0.302214
-0.0845965 -0.873808
-0.466668 0.0795207
-0.249586 0.520497
0.0250708 0.335448
0.0632129 -0.921439
-0.124725 0.86367
0.86162 0.441905
-0.431413 0.477069
0.279958 -0.291903
0.375723 -0.668052
-0.119791 0.76015
0.658402 -0.339326
-0.542064 0.786745
-0.29928 0.37334
0.912936 0.17728
0.314608 0.717353
-0.12088 0.84794
-0.203127 0.629534
0.368437 0.821944
-0.0350187 -0.56835
0.282161 -0.136093
0.239193 -0.437881
0.572004 -0.385084
-0.105933 -0.547787
-0.624934 -0.447531
0.112888 -0.166997
-0.00911188 0.52095
0.36889 -0.233623
0.499542 -0.262673
-0.411679 -0.535477
0.168977 -0.511175
-0.69522 0.464297
-0.74905 0.586941
-0.671796 0.490143
-0.894941 0.0431267
-0.647579 -0.519875
0.595596 0.465309
0.313127 0.93481
0.278917 0.51947
0.0404202 -0.843536
-0.077159 0.639355
0.146637 0.511162
0.187784 -0.639255
-0.673737 -0.21662
-0.281809 0.10497
0.15886 -0.0948483
0.374775 -0.80072
0.0616159 0.514588
0.153942 0.755228
0.495619 0.25782
0.746543 0.662075
0.333761 -0.00548297
-0.672064 0.660024
0.299414 -0.503912
0.258959 -0.541726
0.40124 -0.366266
-0.342446 -0.537144
-0.851678 0.266144
-0.552687 0.302264
0.021372 0.942931
-0.439916 0.0922137
0.438537 -0.773439
-0.0570331 0.18508
0.888636 -0.0981649
-0.327298 0.695369
-0.310114 0.196963
0.666487 -0.532217
0.350952 -0.0340995
-0.0361283 -0.390089
0.424175 -0.634888
0.243646 -0.918271
-0.172033 0.391968
0.347873 0.27528
-0.305768 -0.630755
0.218212 0.254316
0.461459 -0.343251
0.480877 -0.595574
0.841829 0.369513
0.306261 -0.485469
0.0648819 -0.824713
-0.479006 0.754768
0.37225 -0.81252
-0.777449 -0.276798
0.153381 0.186423
0.333113 -0.422444
0.551535 -0.423241
-0.340716 -0.620498
0.654782 -0.337042
-0.623598 -0.127006
0.529743 0.398151
-0.757714 0.371572
-0.232336 0.548547
0.723834 -0.592904
0.587314 0.0960841
-0.405423 0.809865
-0.00371218 0.152399
-0.674487 -0.452178
0.729158 -0.0152023
-0.0726757 0.697884
-0.0080452 -0.417893
-0.639158 0.368357
0.455101 -0.721884
0.206218 -0.0151566
0.676267 0.448504
-0.643585 -0.556069
-0.00294906 -0.757482
-0.723523 -0.279115
-0.350386 0.863791
0.816969 0.244191
0.673656 0.636255
-0.00785118 -0.330057
-0.211346 0.317662
0.217766 -0.482188
-0.784303 0.294415
-0.272803 -0.423461
-0.337228 -0.817703
-0.145345 0.868989
0.167141 -0.469077
0.317493 0.523556
-0.0251462 -0.685456
0.766073 0.251331
0.0354295 -0.584313
0.115121 -0.147601
0.659878 -0.211223
-0.511346 -0.347973
0.45872 0.277308
0.566564 0.548772
-0.412644 -0.770664
0.73107 0.442012
-0.901675 -0.10179
-0.578234 -0.0522121
-0.800881 -0.234208
-0.396474 0.31424
0.618191 -0.736596
-0.0845688 0.561737
0.384153 -0.11488
-0.761777 0.179273
0.15727 0.0597985
0.190091 -0.276166
-0.391429 0.777447
-0.0468307 -0.660359
0.219458 0.0514942
0.237851 0.192392
-0.532688 0.659617
-0.0365333 -0.549018
0.653539 -0.418343
-0.285614 0.756555
-0.311498 0.629817
0.318292 -0.927345
-0.485062 0.556515
0.251928 0.672207
-0.383687 -0.557981
-0.603959 0.224884
-0.780535 0.349211
0.564525 0.438924
-0.599295 -0.197625
-0.368684 -0.131983
-0.538008 -0.228504
0.0656919 -0.690552
0.110795 -0.970841
-0.239571 -0.235666
-0.389184 0.474815
-0.47911 0.299318
0.104633 0.839182
0.371973 0.619571
0.395696 -0.376099
0.0659196 0.687819
0.236894 0.285385
0.0370297 -0.198582
-0.275691 0.437734
0.603793 0.355625
-0.872879 0.371444
-0.624767 0.237917
0.400602 0.135662
-0.389522 -0.476859
0.310736 0.71511
-0.637678 -0.317291
0.334681 0.758019
0.30661 -0.373541
0.770028 -0.62747
-0.685722 0.00692201
0.657915 0.351308
-0.210957 0.412133
0.737848 0.0947942
0.477919 0.864969
0.102886 0.86684
-0.0111862 0.105137
0.628277 0.188995
0.871704 -0.350917
0.748619 0.178313
0.275542 0.518647
0.550843 0.58982
-0.474431 0.208758
-0.0588716 -0.666091
0.590981 0.730171
0.746043 0.328829
-0.175035 0.223961
0.193798 0.291203
0.077113 -0.703316
0.158043 -0.934073
0.401821 0.0363014
0.665218 0.0300982
-0.774704 -0.02038
0.0206981 -0.903001
0.628703 -0.230683
0.275313 -0.0957552
-0.712036 -0.173844
-0.505935 -0.186467
0.147442 0.625894
0.165365 -0.106515
-0.0452772 0.99033
0.281533 0.19456
-0.554795 -0.560424
0.260486 0.847025
0.475877 -0.0742955
-0.122876 0.701173
0.798172 0.534027
-0.332862 0.073485
-0.561728 -0.0448976
0.899641 -0.0676628
-0.632469 -0.083922
0.560448 0.532895
0.809563 -0.484829
-0.336308 -0.195242
0.121569 0.108896
0.244333 -0.617945
-0.0440782 -0.27979
0.30776 0.833045
-0.578617 0.213084
-0.252888 -0.601995
0.29304 0.185384
0.353108 0.192681
-0.882279 0.121744
0.127235 -0.514748
0.202853 0.541372
-0.653871 -0.104037
-0.0245586 0.590463
0.278018 0.931363
-0.689327 -0.414222
0.764408 -0.267944
0.798863 0.495275
-0.0483887 -0.454026
0.731358 0.246389
0.437333 0.849079
-0.631868 -0.435432
-0.665669 -0.594046
0.25225 -0.647522
-0.746662 -0.544896
-0.0763044 0.29709
0.228453 -0.858886
-0.212508 -0.00713807
-0.12683 -0.413645
-0.511863 0.824781
0.132329 -0.618582
-0.930567 -0.136313
0.627807 0.506765
-0.928667 0.0470967
-0.598106 0.323583
0.399574 -0.344768
0.778687 0.293424
-0.317035 -0.899664
0.533402 0.60666
0.397426 0.363843
0.808374 -0.374121
0.504957 -0.404134
0.618741 -0.621873
0.182221 -0.893121
-0.511703 -0.727659
0.178237 -0.883895
-0.0619 -0.486062
0.174022 -0.662326
0.16917 -0.0472907
0.0530452 0.1645
0.458795 -0.549529
-0.471656 0.26717
0.0763506 -0.966699
0.863036 -0.304908
-0.588572 0.0452573
-0.198029 -0.385663
0.359807 0.290268
-0.113322 -0.461955
0.406373 -0.334216
-0.570952 0.518417
-0.483777 0.367148
0.704822 0.201525
-0.357045 0.33592
0.0536604 0.696
-0.499579 -0.487544
-0.853529 0.0287644
0.779625 0.222822
0.0620655 0.642662
-0.312081 -0.280116
-0.989848 -0.0254917
-0.414229 0.416525
0.640292 0.0148191
-0.0650582 -0.843484
-0.618033 -0.0327033
-0.831178 -0.510283
0.42271 0.222482
0.734938 -0.667812
-0.0481053 0.514564
0.157225 0.472924
0.487454 0.845144
-0.807192 0.575285
-0.450207 -0.521358
0.493461 -0.445573
0.521724 -0.806637
-0.316921 0.384927
-0.0869716 -0.131204
0.308057 -0.352033
0.200984 -0.740048
-0.83747 -0.244006
-0.726088 0.319755
0.164899 -0.578274
0.336651 0.0577697
-0.375313 0.886444
0.536411 -0.755828
-0.92347 0.0298719
-0.2014 -0.576869
-0.0947003 -0.679676
-0.383506 -0.132483
-0.747556 -0.0761018
0.571865 0.369354
0.0541499 -0.645734
-0.224008 0.192383
0.276819 0.400679
0.0788268 -0.18677
0.644852 0.155357
0.578487 -0.251598
-0.236225 -0.805019
0.615919 -0.225355
0.494554 0.868362
0.698543 0.662924
0.428863 0.270408
0.0322771 0.249316
0.00480258 0.157625
0.511891 0.199413
-0.608204 0.554821
0.688563 0.470623
-0.631949 0.333414
-0.374021 -0.788847
-0.0404457 -0.459359
-0.600552 -0.424527
0.315286 0.894002
-0.556165 0.0138294
-0.715763 -0.410797
0.122015 0.28904
0.746828 -0.534304
0.347992 0.258719
0.665109 0.625994
0.180814 0.235164
0.527528 0.548865
-0.431421 -0.846493
-0.642027 -0.280428
-0.113915 -0.242579
0.295045 -0.798629
-0.348577 0.73888
0.215201 -0.791652
0.611578 0.499438
-0.202449 -0.266407
-0.211523 -0.455621
0.199289 -0.86353
0.803097 -0.135602
0.762463 0.349699
-0.0786967 -0.0567224
-0.415137 -0.551169
-0.507858 0.153442
-0.397662 -0.74784
0.498886 -0.039689
-0.0282685 -0.615028
-0.413657 -0.630845
-0.422497 0.617234
0.300981 0.375054
0.0722291 0.335817
-0.0683305 0.657093
0.784648 0.423812
-0.189465 -0.613015
0.675972 -0.690579
0.347296 -0.352297
-0.305607 0.0650283
-0.0855207 0.280736
0.434183 -0.0798651
0.0822792 -0.988314
-0.462632 -0.616739
0.386741 -0.111805
-0.52728 0.306173
-0.56169 -0.301352
0.0287033 -0.147177
-0.31296 -0.899067
0.0425216 -0.43144
-0.639727 -0.281507
-0.122019 0.707569
0.366197 0.572374
-0.227403 -0.719324
-0.146891 -0.79322
0.200811 0.935388
-0.681351 0.605207
-0.373626 -0.208632
-0.0886192 0.0646838
-0.920566 -0.161712
-0.632398 -0.560293
0.556781 0.245583
-0.852724 -0.0770222
-0.182044 -0.080127
0.203654 0.671065
0.126653 -0.595535
0.606453 0.34512
-0.0496722 -0.230982
-0.283529 0.861709
0.0175978 -0.990547
-0.623504 -0.425621
0.255036 -0.476228
0.443645 -0.298989
0.744057 -0.429702
0.105475 0.35051
0.915419 0.248119
0.275612 -0.134254
-0.272545 0.850839
-0.80143 -0.470752
0.602048 -0.417886
-0.627943 0.459403
0.396193 0.779022
-0.646599 0.278397
0.351389 0.740105
-0.448232 0.0954456
-0.689596 0.657243
-0.554044 -0.774178
-0.0946377 0.721568
0.0915688 -0.0775005
-0.226661 0.912222
-0.651729 -0.624614
-0.505664 -0.279671
0.83479 0.25576
-0.265763 0.230982
0.0347815 -0.242402
0.00367069 0.388182
0.23894 0.387384
0.0402366 0.790707
-0.51717 0.35064
0.447951 -0.0712143
0.576463 -0.646687
-0.349646 -0.331968
0.275812 -0.635994
-0.723773 -0.164673
-0.575463 -0.229437
0.555655 -0.740673
0.490309 0.0611044
0.0474907 -0.506021
-0.550713 0.0834861
-0.52913 -0.165653
0.478933 -0.0463
-0.815013 -0.073116
0.280197 -0.46716
-0.570518 -0.443991
-0.103154 -0.0834629
-0.39484 0.173073
0.751864 0.0296977
0.943636 0.307519
0.597412 -0.220667
0.0310637 -0.355098
0.273313 0.48035
0.728389 0.0674233
0.168576 -0.800741
0.901771 -0.35249
0.152959 -0.913242
0.574394 0.0354445
0.848208 -0.145409
0.568284 -0.72231
0.4106 -0.53487
0.638203 -0.053909
0.0454577 0.58184
0.113815 -0.417137
-0.504075 -0.612872
0.454551 0.231789
-0.576428 0.356322
0.44308 0.453692
-0.388025 0.291288
0.568978 0.718883
-0.354611 -0.236795
0.709296 -0.219899
0.114583 0.417231
0.295095 -0.0422618
0.4264 0.174394
-0.465731 -0.13052
-0.371914 0.146244
-0.839232 -0.0636308
0.326503 0.729746
-0.507049 -0.610105
0.169996 -0.879082
-0.487023 0.538243
-0.711064 0.128503
0.601549 -0.176898
0.198581 -0.103355
0.780841 -0.375019
0.494461 -0.300875
0.461353 0.655229
0.635494 -0.212144
0.384975 -0.709254
-0.240251 0.877927
-0.319359 0.0152342
0.136152 -0.754672
-0.864784 -0.325699
-0.775589 -0.351807
-0.787456 -0.486653
0.336449 -0.0247225
-0.289263 0.11729
0.600259 -0.218224
0.432399 0.0947199
0.480901 -0.106248
-0.250051 0.116395
0.407141 -0.558643
0.267044 -0.437236
-0.278172 0.479588
0.0761107 -0.501476
0.293681 -0.58744
0.529849 0.0740604
-0.213805 -0.0377517
0.856 -0.0812705
0.383491 0.537609
0.053654 -0.209368
0.978966 0.0665052
-0.121585 0.435557
0.159531 -0.183166
-0.109531 0.295345
-0.225067 0.136759
0.549319 0.584623
-0.926968 0.0791678
-0.341317 -0.140773
-0.958584 -0.172536
0.126322 0.897416
0.746193 -0.490187
0.435025 -0.200153
0.300445 0.41399
-0.150453 0.0258828
-0.00430644 -0.122152
-0.826808 -0.415585
0.49846 -0.0518749
0.721174 0.609281
0.0167388 0.270492
0.193904 0.0897708
-0.319949 0.0753195
-0.711507 -0.573756
0.585132 0.723517
0.226092 -0.114423
0.137508 0.0924438
0.0644367 0.987055
-0.135097 -0.357907
0.946293 0.0380956
0.226508 0.444753
0.986221 -0.0523182
0.0540346 0.00295949
-0.0410898 -0.219422
0.117047 0.247403
0.206822 -0.29782
-0.0290799 -0.567086
0.525357 -0.347806
-0.287676 -0.0396132
-0.714222 -0.341383
-0.540032 0.157405
-0.0123373 -0.321858
0.405344 0.0803931
0.245976 0.50587
0.122121 -0.795114
0.452289 0.493271
-0.0586519 -0.576791
-0.468363 0.451542
0.181299 -0.37288
0.0952259 0.893623
0.587507 0.381003
-0.44776 0.585989
-0.106711 -0.34439
0.570692 0.353257
0.813015 -0.441645
-0.968602 0.218359
0.638748 0.277374
-0.275771 -0.239131
0.48226 0.0106776
3.71933e-05 -0.0654517
0.357757 -0.569868
-0.483486 -0.0231001
0.69001 0.251193
-0.246738 0.260702
-0.39555 -0.433723
0.819057 -0.364152
0.784636 0.457805
-0.781326 0.395482
0.519543 0.218711
0.160097 0.687787
-0.546377 0.630587
0.577181 -0.664703
0.282376 -0.906305
0.312197 -0.172212
-0.0745602 0.887725
-0.078707 0.678702
0.148427 0.525743
-0.755022 -0.0325153
-0.461521 -0.356036
-0.918488 0.0227727
0.488112 -0.464865
-0.34664 0.0652932
-0.129568 0.935736
0.158988 -0.817372
-0.236476 0.356703
0.244428 -0.225978
0.367666 -0.607145
-0.700236 0.612644
0.36034 -0.538645
-0.463833 -0.819264
0.315043 0.294899
-0.144596 0.968403
-0.639807 0.725836
0.908464 -0.332336
-0.124117 0.761193
-0.464785 0.724293
-0.486833 -0.165021
0.336937 0.873507
0.296334 -0.0208053
0.159931 -0.911268
0.838963 0.398688
-0.618997 0.64575
-0.0593504 -0.425638
0.66445 0.300842
-0.699802 0.568589
-0.179977 -0.791338
0.816217 -0.494931
-0.682826 -0.670616
0.340048 0.654111
-0.797109 -0.363618
-0.366694 0.862028
-0.531117 0.793237
0.191925 -0.668236
0.953596 -0.0891168
-0.97219 -0.105755
0.485245 0.692259
0.260849 0.01511
-0.530971 -0.592844
-0.143383 0.809077
-0.938733 0.0595081
-0.554541 -0.305427
-0.0784634 -0.0856588
-0.51219 -0.127703
0.222187 0.679736
0.204061 0.175782
-0.409381 0.231871
-0.07587 -0.734885
0.280225 0.855412
-0.481526 -0.7116
-0.820782 0.375091
-0.565401 -0.457064
-0.0649414 0.356136
0.457277 0.422869
-0.771567 -0.320536
0.102604 0.432494
-0.335636 0.925274
0.769087 0.588494
0.773473 0.470614
0.485805 0.455553
0.461855 0.305176
0.593576 0.406832
0.35542 0.691053
-0.766011 -0.417624
0.146155 0.691266
-0.62927 0.107849
-0.192919 -0.774024
-0.198928 0.471445
-0.84875 -0.429841
0.0599394 -0.658361
-0.799447 -0.166588
-0.711035 0.274108
-0.00846565 0.516579
0.254437 -0.414889
-0.0765884 -0.390143
-0.723836 -0.429271
-0.600124 -0.489847
0.153106 0.546031
-0.798581 0.158351
-0.0793812 -0.427851
-0.201875 0.0672727
0.199145 -0.0506257
0.637432 -0.740915
0.291013 0.837985
0.0924969 0.103266
0.524343 0.381462
-0.622626 -0.484123
-0.101959 0.631811
0.100988 0.821452
-0.758332 0.377152
-0.607818 -0.358456
-0.296361 0.108194
-0.339128 -0.0301611
-0.164106 0.458997
-0.591629 0.674544
-0.705876 0.699384
0.512528 0.386621
-0.19735 0.0368711
-0.231917 0.180024
0.552748 0.666123
-0.188165 -0.346264
0.487576 0.0535023
0.425045 0.882622
-0.009184 -0.332211
0.0985221 0.82671
-0.873214 0.135634
0.86175 -0.464843
-0.189823 -0.844126
0.542495 0.0371914
0.359577 -0.689422
-0.782785 -0.087675
0.976701 0.0290498
0.566061 0.464277
0.344034 0.777599
0.515141 -0.230922
0.660221 0.522057
-0.102238 -0.348964
-0.522253 -0.683368
0.131917 -0.660504
-0.148211 0.942095
-0.504629 0.0863297
-0.651556 -0.659264
-0.463298 -0.674855
0.369786 -0.897237
0.789422 0.452338
0.699712 0.133456
0.229937 0.214853
0.902534 -0.109843
-0.26309 -0.199704
0.541194 -0.0732437
0.243388 0.928497
0.870592 -0.146193
0.181506 -0.864608
-0.108327 0.305027
0.759769 0.240117
0.645764 -0.703529
0.565262 0.0155495
-0.600765 0.354683
-0.511861 0.697824
0.3138 -0.609327
0.190969 -0.870825
-0.0225338 0.987548
0.360359 0.497537
-0.197436 0.681798
0.492149 -0.551673
0.978269 0.0574107
0.463877 -0.622497
-0.52355 -0.0997668
0.290906 -0.78243
0.840959 -0.518125
-0.653254 -0.181575
-0.530578 -0.505139
0.0392793 -0.614533
0.00141311 0.35531
