5.23295 -5.04897
6.04459 9.3239
-12.674 -4.14226
-10.4042 -6.82382
6.97849 -4.63486
3.15449 9.38053
-11.6049 9.98654
-11.7166 -8.59954
-8.2344 10.4127
5.04416 8.0184
6.00505 9.40256
-10.0468 8.62124
-9.60786 9.13608
-10.9366 -6.47849
6.69503 9.70008
-11.5094 10.0021
-11.1304 -6.30195
-11.6019 -4.9069
-11.9612 -5.84386
6.99987 -4.91343
4.79911 -6.49063
6.95598 -7.91885
4.4108 -7.55342
-12.9168 9.46138
5.26053 7.3939
-6.9141 10.8446
-12.2916 5.95606
3.66477 9.50753
6.58868 5.87622
5.06733 10.6719
4.77897 -7.46011
-4.30973 -8.93537
6.68726 -8.92843
6.17274 9.37861
5.86103 9.32546
5.19286 8.47958
-9.9754 -7.5491
6.69689 -2.23514
4.9512 -6.27851
-4.78424 -8.89183
6.72934 5.15818
4.30362 -7.12161
-11.9698 -7.93155
-11.5982 -7.02325
5.47456 -5.60701
-0.0822191 -8.8799
-9.94248 -8.34215
-12.9775 -8.88582
5.0834 -5.17777
-8.33762 9.53152
5.78258 6.99291
0.144019 10.906
-12.6509 5.35194
-11.8255 -7.51479
6.05324 9.97822
4.68636 10.3455
2.23225 10.2701
4.30867 -6.80445
-12.6218 -2.12317
-12.8185 9.47385
4.74394 9.66545
5.93281 -6.55348
5.93849 -8.72267
-9.78351 -6.60021
5.30441 -6.98286
-5.87234 10.9594
-10.9709 -5.8545
4.79106 9.91003
-11.8796 9.50439
3.31098 9.52135
-12.6765 7.90246
6.17914 5.73494
-12.1217 -8.52274
5.46761 -8.13211
-11.1428 10.2313
2.5501 -8.8604
5.9287 -6.97039
3.19485 -7.09914
-9.53399 9.75428
6.62217 7.90546
-10.7108 8.61366
-12.8913 3.99573
-11.3163 6.60501
5.20453 8.34395
-11.7465 -8.05635
5.55732 -6.80951
5.43102 -4.56548
0.436816 -8.41048
-10.22 -6.12117
4.76866 -6.95533
2.56925 9.72698
2.46602 -8.43095
4.60017 -5.54556
4.17732 -6.33224
-12.9434 9.01544
-9.49174 -8.10541
6.19433 6.50115
-10.7407 8.2253
-8.85487 10.8839
-11.1136 7.1871
4.58025 10.7329
-10.8153 8.38179
1.90017 10.4008
6.17507 -7.22943
-12.5898 -7.93853
4.95766 8.99042
-11.5736 10.251
5.33702 -6.93513
5.01793 8.51209
-9.16456 9.42809
5.57355 -7.2069
3.41851 10.3679
1.97357 -8.27008
-12.8286 10.9208
-5.38576 -8.86092
-12.7664 8.72689
-10.0354 9.50757
4.13652 9.19024
-12.64 4.00131
-8.12945 -8.50849
-12.7368 -6.10108
4.94111 7.88226
5.82486 8.6145
-0.109756 10.6996
-1.05773 -8.8424
-10.4639 -5.65518
2.51799 9.51022
-12.3679 -6.75687
5.79299 6.7653
-9.91717 -7.19741
4.34643 -6.16407
5.65432 10.6291
5.13929 -6.71602
-12.9991 -5.90147
-6.84474 -8.36694
-7.65834 -8.29922
-6.44748 10.7189
-10.4451 -6.97753
-11.3485 -6.15421
2.38149 10.7908
-12.2896 -5.84891
-12.1983 9.50637
4.76696 9.14093
3.81608 -7.65075
-12.8715 -8.12217
1.56591 -8.06975
6.3842 -3.07257
-9.61647 -8.26365
1.73802 -8.95582
-11.3122 -6.32904
-12.717 5.97884
-12.3935 7.12297
-11.8918 -8.31386
5.66352 -7.21141
-7.76233 9.86163
-9.5034 9.52588
6.48997 -5.08924
-11.8167 -8.3987
-10.8183 -6.52061
-12.0727 -3.32166
-11.9947 -8.58272
2.87757 -7.91572
-12.0452 7.43684
6.98482 6.12286
-11.9663 10.847
-10.1355 -6.60832
6.26184 -3.70895
-7.96052 10.4139
-8.2951 9.89394
5.81674 7.51789
2.45412 -7.95979
-9.42097 -8.02348
6.13222 -3.91135
-9.6997 -8.76509
-11.0228 7.701
-11.3841 -8.70386
-8.7471 -8.25187
1.70295 -8.41979
5.62676 9.00325
5.52729 7.88964
3.42258 8.8563
-8.70405 -8.93538
-10.6124 -6.07729
5.06787 -5.79731
6.04139 6.1918
-9.43372 -7.79689
3.59137 9.32501
4.18958 7.96046
-10.6375 7.95906
6.69855 -3.07119
6.50761 -5.92154
-11.0491 8.85443
6.94105 5.97101
-5.88984 10.6396
-12.1002 -3.72767
-12.2997 -8.24136
5.61307 -7.15021
3.8208 10.9124
5.19371 8.72062
-12.0252 -6.59515
5.55246 7.93223
-11.0961 7.30394
-0.723855 10.8033
3.47318 8.90019
-12.9475 4.74588
5.12253 7.86358
-10.338 8.277
5.87305 6.45287
-11.1242 -8.11276
-12.6289 -8.6496
-12.6911 9.79757
3.95047 10.1819
-12.9308 -7.71317
-10.6546 -5.77294
-12.1745 6.96949
-11.1015 10.9628
-10.352 -8.62134
-11.7648 7.24377
-5.03421 -8.8106
-9.41563 -8.04824
-8.32112 -8.01054
-7.12018 -8.4929
-11.5188 -6.79146
6.16045 -3.93448
-9.83969 8.86636
6.22028 -6.47968
-8.87906 10.3176
3.29589 8.90249
-11.279 -5.38228
4.75929 -7.94046
-11.9626 8.54198
-11.683 6.75459
-10.5153 7.93284
-11.1185 -8.02937
-10.2891 -8.35632
-10.3967 -8.62024
-0.852267 -8.87756
6.78118 -2.16755
1.53149 10.3514
-12.754 7.01416
-11.7587 -8.42999
5.10692 -7.60112
5.93055 -8.33704
-9.26099 9.20523
-11.0496 -8.95774
-9.70767 10.7509
6.91473 -0.520765
4.14286 -8.33819
-11.7411 -4.69933
6.38616 4.99206
-10.9699 7.6419
4.91655 -7.41439
-10.7526 9.57206
2.68044 -7.23599
4.19375 8.1826
6.1756 10.4412
-7.47313 -8.10408
6.92883 -2.26995
-12.9919 -0.246665
-12.3453 -6.73585
5.78242 -6.46375
-10.4913 -5.82785
-9.59558 9.91217
-10.9674 10.5387
-12.2847 10.0655
5.12328 -4.88023
-12.5545 -7.52352
-11.8626 -7.50989
-11.8708 8.43702
-10.9504 7.0902
6.91824 -6.73453
6.90597 9.07324
2.00465 -7.95665
6.56335 7.13386
6.59504 9.75653
4.83018 -5.65791
5.20535 7.00879
1.65136 -8.24684
-12.0909 5.2464
6.50968 -6.5261
-10.3751 8.33986
-11.0932 7.37993
-8.68724 10.8554
-10.9609 9.96412
-12.3915 -6.05186
0.210515 -8.88179
-11.2666 -5.6078
6.77213 -2.84936
5.92786 10.9051
4.96943 7.09249
-11.4373 -6.71891
3.25803 -6.86217
4.28032 10.9575
6.21737 -4.39722
-12.8225 8.07552
6.21335 -6.60497
4.14319 8.31853
-12.5566 -6.38041
6.99303 10.6608
-7.44215 -8.31239
5.14619 10.3374
3.20533 -7.73514
-9.94964 -7.10913
4.46455 -7.89227
5.46728 7.26354
6.38141 -3.31368
-12.7877 -1.12103
0.513188 -8.60711
5.43623 10.835
-7.47619 10.4973
6.89019 -4.56826
-12.283 9.53177
5.53498 7.74908
-12.813 3.19472
-0.887261 -8.92276
3.70691 -8.90124
4.63042 -7.12482
-9.60816 9.34737
-12.5931 -3.62883
-10.2292 -7.21678
-8.49249 -8.69898
4.67792 -5.503
-10.2608 8.94848
6.48795 -8.13171
-11.3284 -8.38073
6.40835 5.75449
-11.6884 -5.4314
6.73835 10.8283
-8.46267 10.3545
-11.8191 -4.99242
3.19006 10.2592
1.82458 -8.40886
-6.46391 -8.98465
6.87095 5.53801
6.60753 -4.8466
-11.8248 -8.72238
-11.9758 -5.52842
4.31313 -8.53354
-10.9644 -8.73319
6.76763 5.792
6.99261 -6.42752
-10.0672 8.15955
3.59507 -8.76064
-12.9835 4.41532
3.59434 9.35957
5.10904 8.98053
-10.2156 -8.92283
3.51193 10.3788
5.43674 -5.72408
3.57976 -7.24166
-12.6318 -6.95903
3.33291 9.25365
3.23418 10.5161
6.22812 10.0186
6.59332 6.74005
5.39737 9.03005
-11.952 6.13693
3.24011 -7.58383
5.79839 -5.53823
-11.8102 8.75495
5.48194 10.9882
-12.4867 -7.88042
-6.45435 10.99
-12.2354 -6.28589
-11.0573 -7.31421
5.96422 10.7453
-4.04873 -8.97349
-12.367 -6.68497
-7.83263 10.4807
-12.7288 -7.13268
-12.4192 -8.19315
-12.1237 -7.52568
-11.8241 -4.88014
6.8625 -2.14005
-9.47641 10.0143
-8.59083 10.484
6.71187 -8.35924
4.02015 10.581
4.07998 -6.73275
6.04615 -7.51084
-11.2487 9.75802
4.43261 -5.76096
5.92923 8.24031
5.68957 10.949
-10.3335 8.84232
2.52508 -8.03992
5.63102 -6.02923
6.63275 8.72232
6.77013 3.47345
-11.3643 -4.96203
6.77944 8.10102
-9.78037 10.4122
-11.2834 8.21668
-12.2531 6.5005
-7.6676 -8.48294
-9.84101 -8.62451
-11.3967 -7.01367
-12.2051 4.91069
4.01612 9.84377
-10.1993 10.5646
5.50994 10.8379
-7.75259 10.1659
4.94272 8.04207
-11.8501 8.92985
1.89683 -8.74339
2.521 -8.39665
-8.2311 10.9705
6.54455 8.95794
-9.74175 -6.60072
-11.8755 -8.54168
-12.2851 7.44279
-8.89151 -7.96468
2.97367 9.93396
-12.3475 10.2319
3.2978 9.32755
5.78587 -3.88343
0.443559 10.5008
-11.4406 9.95788
6.9932 -2.14474
5.29044 -6.69119
2.14999 -7.95023
-12.7183 -5.47987
-9.52592 -8.47626
5.62047 -4.44578
3.74835 -8.19263
-12.6433 8.03003
-10.8234 7.94059
6.84019 -3.34935
6.33146 -3.19917
4.60041 9.19276
-7.59583 10.2468
3.85708 10.7852
1.49124 10.371
4.12283 10.7466
6.90597 5.72323
4.9087 10.823
-8.32886 -7.52502
-12.9344 5.33097
-12.5481 -5.70471
-9.02225 -8.76424
-8.81444 -8.31634
-11.9415 6.10067
-6.82448 10.9045
-7.2421 10.3301
-7.28108 10.3637
-12.9526 4.6325
5.80543 7.48217
4.09946 9.73712
-8.64283 10.7835
-12.6756 8.83635
6.14789 6.89489
-11.1469 7.53497
6.8927 -7.62542
-1.55691 -8.93336
4.54996 -7.92898
-11.8623 -6.00073
4.50956 7.96289
-10.2185 10.0941
-10.3857 -8.41274
-9.86676 10.4357
3.56654 -7.63779
-12.9389 5.13151
-12.713 -5.90165
5.09317 -6.0987
-12.7899 4.65484
3.58588 10.8613
-10.4104 10.4142
-9.38511 10.1755
-12.4041 -6.29987
-8.14054 -8.82854
-8.85566 -8.81845
-6.35786 -8.76615
4.95421 10.5601
2.28776 9.53413
-12.9545 -7.07009
-12.9809 8.73771
6.86292 3.41468
5.55599 -4.54373
4.71446 9.60145
5.63281 8.45726
6.93192 -4.46119
-10.5884 8.756
-6.65999 10.4551
-11.4736 10.7388
4.19603 9.28946
-10.6466 -7.12807
4.01294 8.89595
-11.265 10.4245
2.65195 -7.82085
-8.53324 9.91309
-11.8685 -4.07566
6.34956 -3.40172
-9.16257 -7.33466
6.63187 -7.83078
6.34273 5.27898
-11.1747 -5.73885
-10.832 8.82571
5.91219 -6.30471
-9.85334 9.62874
6.2351 -4.19024
0.733213 10.6995
-12.0802 -7.37666
6.39853 9.17772
-12.3899 9.36682
-12.9918 9.17719
6.01875 10.4067
3.65369 -7.96815
-10.843 -6.33695
-11.99 10.8089
5.38062 -6.25415
-10.6171 10.328
6.91539 9.45158
6.66817 -1.99916
0.397758 10.9807
5.6292 -5.37889
-10.6246 9.82147
-12.2194 7.7041
-11.3416 8.09096
6.88071 2.84163
1.523 -8.50263
-6.26616 10.8569
-12.2989 8.79442
-11.1622 8.83214
6.58188 7.36082
5.32951 8.06334
-12.4877 -6.99312
1.31878 10.6579
5.54733 -8.8404
2.7363 10.4466
4.83474 7.64873
-9.21319 10.1406
4.9077 -7.99119
5.5365 9.21687
-9.94207 -8.57833
-9.85628 -7.98822
6.77239 -5.51735
-11.6665 -4.04469
-11.0859 7.6964
5.83053 -8.51707
2.94584 -8.78522
-0.899355 -8.83063
-12.0312 7.00949
-11.2569 -6.15587
-8.33325 10.5863
-12.9307 -3.02612
-12.1409 -6.60813
-11.0218 -8.75541
3.31433 10.8255
-10.7297 -5.88626
-11.5845 7.3331
2.68992 -8.97484
-10.9273 8.92076
-6.93831 -8.86474
-9.16142 -7.97566
4.15993 -7.88641
-12.9437 6.88662
5.58046 10.5921
-12.9824 -5.77961
-12.6855 -4.19493
-6.55182 -8.55678
-10.4178 10.5338
2.04467 10.5037
1.32484 10.8876
2.45737 10.5567
1.3009 10.358
3.52132 9.89673
-0.26481 -8.78829
6.2431 -6.10909
-7.99895 10.8979
6.2968 7.29019
-12.8565 3.03199
3.5019 10.3866
-12.3599 10.5891
6.00746 7.22397
-10.3424 9.57687
2.66414 9.7588
5.34786 -6.64155
5.84638 -5.58704
1.16883 -8.7504
-11.8475 6.74526
3.47174 9.24618
-12.1185 -4.81235
6.81139 5.69097
1.57996 10.8981
6.90549 7.81135
-12.9415 -4.86974
5.61787 7.8244
6.02858 -5.98931
-8.27335 -7.59498
-10.0802 10.5296
-12.1204 7.61734
4.04121 -8.39105
1.88817 -8.95179
1.67272 10.6148
-12.8597 8.77454
1.64326 10.276
5.61715 10.7026
-10.0965 9.62522
-11.5355 6.41296
4.5214 -6.11202
-10.8104 -8.97486
-4.52454 -8.98767
-12.6613 7.05424
-9.49552 10.1187
-11.175 -6.20722
6.49658 8.05499
6.70114 5.17604
-9.41617 9.96507
4.64454 10.704
3.1629 -7.09601
-12.2434 6.86404
-11.6876 -5.11617
3.35071 -7.36597
-12.478 -2.99108
-9.13565 9.16659
-11.1318 -7.1242
0.687364 10.6745
6.64077 9.08399
4.3312 8.95262
-12.2563 6.07104
5.93639 9.5237
5.73133 7.26759
3.47632 10.475
4.22535 10.0192
2.61146 -8.51417
6.86404 -5.25363
6.19049 6.58247
6.04709 -3.92131
-11.8312 -5.844
3.28906 10.661
-10.2212 -7.06466
-11.6863 8.786
2.38494 10.9435
-1.0926 -8.84009
6.61697 7.58076
3.74522 -7.54457
-7.59693 10.0057
-11.1594 -7.87215
5.11091 -5.49315
6.80512 -1.79833
3.95432 9.48172
6.93716 4.09502
6.65205 -7.78088
6.17011 -4.44494
3.7584 8.53695
-9.86748 -8.95553
-11.6541 7.81615
-12.2661 10.4987
6.77292 -3.36159
-12.2324 8.53049
-12.2837 5.63901
-10.2887 10.6897
-10.0354 -7.37445
-11.6394 6.25824
6.15839 -8.92607
-1.29852 10.8747
-12.4383 -6.83837
3.19488 -8.23509
-8.70037 10.6768
-11.4197 9.62367
3.94664 9.74214
-8.39828 10.8085
3.55035 -8.14817
-10.6454 -7.96303
6.66829 7.50354
4.35537 8.89661
-10.0686 10.3935
-9.99898 -7.01634
-12.1581 -8.6436
6.88027 -4.08931
6.31912 -4.96605
-10.3217 -8.26954
-12.6113 -7.00257
6.9098 3.58263
5.53103 -5.14887
-12.1485 -7.79066
-8.41841 -7.75981
-8.48528 -7.41753
-5.28948 10.9682
6.51359 -7.10283
-12.2814 7.50323
-12.359 5.81467
-12.188 -6.41144
-6.27137 -8.59237
6.44794 10.5568
-10.9611 8.78958
-12.6028 -4.07569
4.63848 8.8611
6.5077 -5.1295
-9.03001 -7.10425
4.26347 -8.00934
6.97924 -2.92822
4.78737 -8.74073
6.06963 -5.69358
3.98024 -6.67612
-12.4355 -7.82486
-11.8344 -7.44865
-6.46252 -8.60826
2.97403 -7.11459
-8.40218 9.47317
3.71643 10.9302
-10.2166 -8.15714
-11.5446 -7.01556
2.35014 10.852
-7.39371 10.948
5.32517 -6.67727
6.87811 -8.26848
4.13333 -7.01769
-11.3106 10.9168
-10.1748 -8.14122
-12.5763 10.3804
-11.2973 10.7763
-11.1781 9.83602
-11.2414 -5.48871
5.75278 -4.4162
-8.26309 10.3803
-11.1887 9.28541
5.09688 -7.22924
-8.92565 9.07167
6.87854 -4.99509
5.65636 -5.67168
6.26598 -7.74221
3.53882 -7.5006
-7.36627 10.6667
-12.867 -6.25272
3.05304 10.781
-12.8772 3.1298
4.09146 -8.97917
6.76389 -8.48383
5.91627 -5.44721
-11.4542 10.0955
-8.86699 -8.51868
2.21662 -8.42832
5.52794 -7.25324
5.10072 9.42731
5.81996 -6.13197
-12.0776 7.27716
-9.91112 -8.98955
5.64437 -5.34193
1.40893 10.7592
-10.9355 -7.75854
-7.54529 -8.29115
5.87413 -5.04425
4.71681 -6.31437
4.34224 -8.50739
4.09064 -7.28902
-11.8481 9.84342
-11.3011 -5.81391
6.29726 7.49935
6.31003 5.81708
6.57943 -2.19496
1.22569 10.2564
-12.2369 -4.50291
-11.6469 10.5303
6.56694 -6.67071
-11.5977 8.95865
-9.55623 10.4443
5.84467 9.50501
0.768445 10.2722
-12.7394 -4.5278
5.4319 8.18721
-7.77605 10.3574
-10.3035 -6.3325
6.4778 7.52193
-12.2323 9.34145
-11.9911 9.51717
4.35842 9.80648
-12.9721 -3.63422
-11.9 10.7136
-12.518 -5.65444
6.52538 -5.88376
4.04079 10.5702
6.65153 4.76592
5.9748 -8.24852
-12.7296 3.56381
3.74208 -6.89337
6.87 -8.3528
5.76083 6.26754
-11.4472 -6.34955
4.31078 -7.30574
-7.97538 -8.05652
-10.939 7.67746
5.86595 10.1359
-8.16823 -7.65022
-10.7067 -6.48944
-12.682 -2.31054
-12.9142 -5.3338
5.46664 9.56172
1.7552 10.7941
-12.2559 6.55768
6.43599 -8.17007
6.22387 -4.92822
-10.3665 10.3071
0.111546 -8.69561
-6.73652 10.884
6.96381 -1.99242
2.44166 10.3998
-9.52842 10.1528
-12.6481 7.02088
-11.8094 9.29905
5.18439 9.73664
-7.97022 10.9766
6.97812 -5.51028
-8.60559 9.39866
1.41954 10.606
-12.3392 -6.34849
5.1743 -7.36944
-12.717 -6.43129
-12.9708 2.63211
-12.5717 -6.67775
-12.1904 10.2463
5.14801 9.12224
-8.45885 9.5212
-12.1565 -7.03381
-5.77836 -8.66459
-9.36573 10.7823
2.38728 -8.66727
-11.2198 -6.38099
6.47083 -2.90259
-11.0441 -5.09889
-12.7528 -8.77785
-12.9955 -2.86276
-6.53002 10.5989
5.01076 8.87821
6.27979 -2.75611
-1.33516 -8.99839
-9.7123 -8.90219
-10.668 9.50032
-9.32965 -7.02557
1.7767 10.9477
6.12569 5.73807
-12.0205 -6.58662
5.50153 8.97673
1.07339 -8.16644
0.327894 -8.71058
4.79397 8.04055
6.98884 6.21594
-7.2723 -8.51633
6.0406 -6.33804
-5.94158 10.7002
4.36593 -6.49125
-12.4498 5.57358
-12.4643 7.2818
-12.5487 8.40344
-11.4818 -8.1183
6.77848 5.72017
-12.3895 7.76128
6.88993 -5.44176
3.7837 9.85792
3.85215 9.30188
6.73962 7.63063
5.34075 7.40631
-11.0679 9.85657
-11.9194 -8.20671
-10.8846 9.82408
-6.81685 10.6753
-10.1575 8.05137
5.50631 10.1485
-10.7734 7.60662
1.48673 10.1371
2.74377 10.8496
-11.2438 -8.86817
-10.4061 -8.09924
6.9532 6.90263
-11.6716 8.94583
6.81645 -1.62235
-12.1166 -8.02517
6.21483 5.79119
-10.1119 -8.92021
6.41711 8.66937
6.51503 -8.93644
-12.4963 -6.42216
-7.41298 -8.43743
-9.41293 9.93003
6.91906 -7.90935
4.29321 9.83314
6.85533 -6.18517
-10.2288 10.5666
-1.56514 10.9702
-11.9392 -6.1817
-12.916 6.67729
0.933246 -8.8472
-8.39264 -8.37461
-11.1237 -5.18913
5.87758 -7.03968
-7.75123 10.3646
6.51735 8.72875
0.676095 -8.55498
-12.4542 -4.92501
6.93732 6.66811
1.81488 10.0622
-12.3171 -3.37378
-12.7071 5.47469
-9.0895 -7.0943
5.75944 7.0202
3.52124 -8.09509
6.99391 -5.68829
5.24609 8.42409
3.56277 -7.74637
-10.2256 -8.36306
6.18117 -4.75844
-8.79388 10.7106
4.04388 9.78166
-11.7325 6.84025
-10.8 9.13062
4.84124 7.47352
4.48425 9.99615
6.44362 8.82559
-10.1763 -8.2356
-10.7658 9.37145
-12.1087 9.76236
-12.2814 9.40193
3.31708 8.85692
1.93775 -8.6168
6.14555 -3.59705
1.52601 -8.73666
-12.4145 -6.53839
-12.6815 -1.91065
-12.7588 -2.03509
-8.45136 10.7385
5.72393 6.70444
-8.50347 -8.44314
-11.0073 -8.9683
5.90815 6.97757
4.98206 8.63207
-12.5597 -5.87135
-11.5386 9.42232
-10.8745 10.1723
2.09904 10.0584
5.96599 -4.99227
6.92905 7.18629
3.11527 -6.94545
-12.9104 -0.605036
-12.1297 -6.46562
5.44777 6.37234
6.98134 -6.2604
6.41584 -4.36698
2.07787 -8.15651
6.75615 3.85287
-12.9448 -7.63057
-7.11647 -8.98096
-12.4051 -5.00729
4.48244 -6.3098
5.12114 -6.80023
-7.97373 -7.79109
-6.27671 -8.55764
0.839676 10.3321
-10.9328 9.86595
-12.459 -2.4137
-0.717164 10.8895
-9.6789 9.76907
6.19539 5.8129
6.08642 -6.49339
-12.9829 5.26647
-12.6421 -3.82813
-5.19229 10.8439
4.98394 -6.97586
-12.6073 -8.13834
6.86538 -1.44714
6.44616 -3.2113
5.80593 9.74045
-12.9385 6.35814
6.73998 9.92127
4.46502 -6.11711
4.32798 -8.83377
-11.9421 10.3259
-12.23 5.50056
5.30011 -6.65958
-11.4701 9.04009
-11.7383 -4.96116
-11.2947 7.87573
-12.8055 -2.29373
6.01549 10.0155
-10.3235 -7.14116
2.77675 10.8504
4.33218 -5.93691
-10.9214 9.80014
-12.9372 -8.10598
-7.16793 10.8578
5.65789 8.01179
-10.9957 -8.33299
-4.21861 10.9518
-7.90057 10.4566
2.43114 -7.89143
-12.6802 -8.84215
-12.8903 -8.78749
-10.9852 -6.76683
-12.2441 -5.47846
1.75785 -7.92434
-9.32061 10.3328
6.54533 4.97727
5.34406 -5.56928
-9.4531 10.0999
-12.4277 -4.03485
-12.6419 -2.08271
5.86997 -5.09497
3.45388 10.8474
4.03027 -8.12509
4.93366 8.52912
-12.9237 4.65485
4.02818 10.7793
6.37153 -7.79094
-12.812 -8.79103
6.68937 -2.64438
-12.5597 10.16
6.43512 10.8119
-12.6309 10.6232
-12.9792 6.31366
4.74488 8.75892
-11.8317 7.98893
3.85136 10.4381
-12.0813 8.29168
5.59808 -8.64617
4.10354 9.96717
6.977 8.12437
6.53903 -4.02993
-11.189 -4.94065
-10.9462 7.09213
0.0810606 10.8442
6.73209 7.56893
4.09828 10.8964
-8.83779 -8.89782
-12.8999 -5.07182
-11.8889 6.21174
-10.7454 10.3943
-12.8568 -3.45454
-12.89 6.03071
-10.2938 -7.47674
4.55016 -8.15751
-8.09271 10.2419
-10.6708 -6.62353
-10.3467 -8.21648
-11.5075 -6.51703
-8.07354 10.6211
-11.9282 -7.86755
-11.5522 -4.47881
6.10283 9.91728
-9.02403 -8.40466
4.01998 -8.75438
6.87415 5.42822
-9.42385 10.4112
4.53138 8.95748
4.04651 -8.40261
5.26515 -8.09885
-9.86636 -7.6425
-8.65326 -7.37711
-6.38229 10.9737
-11.8539 -4.69528
-12.167 -3.38121
-12.7657 -1.20993
3.48523 -8.61563
6.95674 9.00033
-12.4172 7.5449
6.96431 2.60294
4.72475 -8.60793
-0.785025 -8.77119
-12.7971 3.17929
4.992 -5.59148
2.24035 -7.78934
-11.6487 10.3626
6.70144 -3.55828
5.7317 -8.02629
-12.4563 -6.04015
6.31645 -5.96584
-10.3688 -6.90236
5.9312 6.34141
-6.22895 -8.66875
-11.695 -4.40284
6.60415 8.39048
4.53707 7.78124
4.65444 9.10964
-7.6709 10.0614
-10.4022 9.86141
-12.8098 3.11523
4.7458 -8.65055
-10.5738 10.7795
-12.8876 9.34252
-11.7063 8.1327
5.09406 -8.16715
-11.8177 -7.50672
-9.27996 9.12276
-10.024 9.79174
3.73314 -7.55603
-10.7232 -7.10616
-9.61288 -7.83875
5.05849 -6.68151
5.66641 -7.59927
-9.04656 9.77793
1.50087 -8.62546
-10.307 10.5151
-12.8935 -5.71606
-8.64368 9.82059
1.34501 10.4603
1.55393 -8.54813
-12.1706 8.13679
-12.3343 8.57857
-10.7601 -7.62185
4.82519 10.5933
-9.37233 9.65461
-11.9118 -5.50952
6.16144 8.50698
-12.9488 -8.86949
-11.0591 -6.70892
-11.4913 10.241
-11.4565 10.5027
-12.6482 -7.40527
6.63324 -6.70725
-9.11419 -7.8581
-11.4662 -8.00066
-11.9496 10.0778
-9.39431 -6.91487
-12.1433 -6.99374
5.47985 -5.96094
6.61912 -6.06708
3.01222 -8.84754
1.60863 10.762
6.78855 -3.16743
2.27923 9.72508
5.4838 -4.98116
-12.4341 -3.37377
5.38624 8.89223
-11.6911 -4.31945
-11.727 7.5881
-9.59437 10.7568
-12.3931 -5.02848
-9.93917 -8.76497
-12.6497 -3.93874
-12.1232 -6.64834
-12.8589 9.51763
5.76473 -3.9094
6.74358 -3.69598
6.80576 8.71141
1.90836 -8.7706
4.31851 9.87624
-9.19902 10.952
-11.9312 -4.76331
-11.5965 10.6192
6.08278 -8.07838
-12.6134 10.3056
-12.7178 -4.47602
-8.35981 10.2693
-10.5904 10.8721
-11.5142 8.7479
6.74525 -5.29143
0.276237 10.5169
1.97104 9.73478
-10.4332 -6.04833
5.34641 8.88711
-0.354116 10.7206
-10.3277 -7.71268
6.92661 8.9093
-11.1367 -5.93864
5.74691 9.00816
6.12228 9.67352
3.40506 10.2649
5.08451 -6.38862
-12.9098 9.21107
3.56334 9.75487
6.70955 -2.06813
4.94105 9.82025
-11.5684 7.0667
6.85944 5.19345
5.19922 6.92757
3.1455 -8.1909
-8.88402 -7.778
-10.4325 8.58469
-9.37894 -8.33105
-11.3293 8.15486
-5.43706 -8.80894
-12.4283 10.8291
6.91178 -1.83495
2.39881 10.422
-10.4071 8.69863
4.52777 -7.68386
-9.79021 9.61818
-9.026 -7.35166
-10.8695 10.0775
-8.81248 9.37258
-10.7579 -7.28471
6.68872 3.85161
4.57753 9.47817
4.09636 9.20626
6.8546 -8.085
6.65574 -2.56171
5.02059 -6.98718
-9.91683 -7.82851
-9.87314 -8.59181
4.9438 7.66644
3.56977 -7.91869
6.4743 4.47671
4.77556 10.13
6.915 5.43074
-12.9703 5.84326
-10.2837 8.91192
-12.8376 5.60625
-1.66051 -8.92262
-11.914 -4.60311
-7.92578 -8.04267
-11.2835 -7.64169
-9.92933 -7.91052
6.7511 5.29959
-12.0811 10.1929
5.68973 -7.64285
6.72445 10.9013
-11.5064 -7.66101
6.20952 10.9362
6.02454 10.1554
6.33922 9.64424
-11.6483 -8.24028
0.661442 10.5388
-10.6158 -6.33749
5.53582 9.66955
-12.854 10.5047
-6.89708 -8.48461
5.8323 10.7644
-12.9458 -7.78348
6.88453 -7.11896
6.07165 7.52752
1.72996 10.2177
-5.75469 10.8895
5.67162 8.54205
5.75702 -7.06081
-10.8905 -6.29104
-9.48572 9.12329
-11.6495 7.9503
-8.854 9.44908
6.89695 7.22258
-12.6545 6.05766
5.61329 -8.42429
-11.8171 8.47622
2.45106 -7.47159
0.633124 -8.5856
-12.6241 10.2756
6.11964 -4.34141
-12.1845 9.32795
-12.9459 6.97865
6.98324 2.05745
2.56423 -7.9786
5.26175 -7.92971
-11.1573 10.0466
-12.932 5.28111
-12.2923 -3.7583
-12.4508 10.8501
-11.076 -6.94435
6.39153 4.51147
4.30135 8.11826
-10.2126 -7.8602
-10.3634 9.14814
5.55475 7.33067
6.59498 5.3138
-9.60551 9.98652
-12.7793 -8.61671
-9.98683 9.76748
4.46952 -8.54643
5.60171 -5.14945
-10.0736 8.65173
2.93814 9.07924
6.60591 -5.09741
-10.2205 10.633
-10.1102 -6.44663
5.60286 -5.60656
4.09564 9.29646
6.85881 10.0362
5.68435 -6.25138
-10.6889 -5.82498
-11.331 -8.08603
-12.6181 -5.73224
-11.964 7.82839
-12.7482 5.24222
3.54932 -7.51901
-12.7234 7.80112
-11.9454 -6.15906
4.12615 -6.2064
-9.92812 9.41444
-6.46896 -8.80197
-11.792 -5.60928
3.50538 10.464
-11.155 10.1643
6.78294 6.76099
-11.7151 -7.95885
-12.4178 -5.11564
6.8291 5.40803
-12.217 9.11348
5.31085 -5.63174
6.78295 8.86134
-11.3405 7.52308
6.4147 -6.16376
-10.7817 -8.58021
-10.9194 -8.67647
-10.4181 -8.31201
-11.957 6.59219
-11.0675 -7.6264
-12.9125 -8.8383
-12.24 10.5022
6.922 6.90282
-7.93939 -8.31117
-12.8247 -2.85862
-10.7825 8.12827
5.87059 -7.69684
6.43314 -6.76699
4.69351 10.6421
6.81148 -4.27817
-10.6203 10.0182
6.18931 -8.36075
-11.5413 10.7361
-7.96665 10.9614
-11.4596 10.9998
-8.23527 -8.55124
1.27309 10.9839
5.13836 -8.14491
-10.9149 10.0963
4.37805 10.2275
5.86654 -7.24488
-11.2169 -8.28198
5.18292 10.1612
6.9455 3.10382
4.1842 8.71954
2.74959 -8.06618
5.00415 9.38386
2.31873 -7.85713
-12.5741 9.51272
6.44654 4.40547
5.24588 6.95613
-10.1902 -8.16792
-10.2714 -8.72016
2.54192 -8.5054
2.67446 9.87447
-11.2753 -8.59454
-12.5331 10.7829
6.89314 -2.4148
-9.39126 -7.94077
4.83113 -6.68159
-12.0274 8.38051
-11.8751 6.12532
3.99652 8.17498
5.23421 -4.69482
-8.31915 10.0763
-11.6053 8.24962
6.89249 7.62691
2.76798 -7.98265
-10.412 9.24425
5.84951 -7.43831
5.65967 -6.16362
-9.29207 -8.22264
5.90725 7.6737
-12.9822 5.79
3.64927 -8.00008
-9.74452 8.7702
4.07033 -7.45752
-11.6462 -6.54545
-12.7752 8.04495
-7.93045 10.9654
-12.3886 -3.60583
-11.8701 -7.03478
-12.1416 -8.45723
5.08142 9.82684
6.89448 10.0074
6.87738 -5.48868
-8.61345 10.197
6.73978 6.46642
-10.7939 -7.09792
6.38122 -8.16241
4.05355 9.57068
-8.91104 10.345
-12.8978 6.01704
-12.723 -6.69179
6.0274 7.03153
1.16948 10.5134
-12.705 10.1481
0.492529 10.6996
4.40853 -6.03872
-8.2895 10.6482
2.76375 -7.89503
4.53411 -6.75592
-12.077 5.94264
-7.55116 -8.11273
-7.89228 -7.87537
-8.2276 9.54158
-10.3838 9.42145
4.30902 10.8935
6.35854 -7.1944
-9.68458 -7.30504
3.93007 10.8161
5.99701 9.874
-7.02777 10.8305
-11.7832 10.8116
-11.4934 -8.20185
-10.9993 -8.43686
-5.93361 -8.94744
-12.0927 7.19366
-10.7614 -7.97853
3.84412 9.58377
-10.454 8.41505
-10.4759 -5.70034
-10.6388 -8.86335
6.70983 -3.48871
5.85771 9.05495
0.714391 10.4228
5.00654 -7.52141
4.01877 -7.15201
5.75512 -3.89343
-12.4975 9.05714
6.90513 -5.39182
6.43842 7.5943
6.57896 -8.47002
3.39122 -7.7136
-12.2211 -6.35726
5.36183 9.54409
-8.2606 -7.55333
6.09589 5.86738
-12.2461 -5.95352
-11.9786 -5.49282
-11.4256 8.64272
3.45539 10.9362
3.18681 -7.80521
-11.974 -5.90204
-11.8344 7.36136
-11.6696 8.62096
5.81575 8.6805
6.95066 5.21472
-12.235 -3.65207
-11.8444 -4.81221
-9.30491 -7.99184
-11.6994 -8.23974
6.71593 6.61397
-12.0369 9.85046
-10.3935 -7.1181
-12.5574 -8.29162
-11.9838 -8.47306
-12.3758 -6.36271
-12.0741 7.02226
1.55692 10.0047
6.4605 -8.14799
-6.2304 -8.95451
-8.45155 10.7818
5.15708 8.50221
-12.2536 7.2667
4.1727 8.09339
6.21145 -8.7021
4.17391 9.57125
4.02749 -7.5907
-11.9666 -6.74162
6.17473 -5.76937
1.79104 -8.21359
6.06742 6.36065
-7.76985 -8.51624
-12.4282 -8.32093
5.45118 -8.72982
5.18479 8.96407
-10.1614 -6.77998
-10.1512 -6.70879
-8.6854 -8.74313
6.48914 5.34806
-11.187 6.93084
-10.952 8.66643
6.91466 2.47594
-11.9185 -6.81543
1.52939 10.8881
2.65339 9.44663
-11.565 7.45879
-11.5394 -7.6503
4.79956 9.0468
4.93489 -8.31236
-11.5713 6.40872
5.58771 8.00984
-9.18311 -8.23171
1.83218 10.0479
5.66041 9.27008
5.54284 10.7223
6.43117 6.72461
-11.2795 -5.26285
1.93783 10.4353
2.98807 10.9114
-12.8946 -6.24765
0.156053 -8.62568
6.9833 -0.519507
5.95626 8.00168
-5.94914 -8.93837
-10.186 9.91031
-10.1023 10.8
4.18841 -7.5965
5.40069 10.2996
-12.9885 -3.89957
4.39053 -7.60935
5.56237 6.9174
3.86173 -7.16134
6.12244 -6.36968
4.71025 10.1339
1.7845 10.9875
2.77037 10.3442
-12.2652 6.10699
-11.1087 10.2972
6.55589 -7.8699
3.2414 -7.70199
5.60268 -4.84645
5.97093 -7.58832
-11.2149 7.33694
0.816321 10.5931
-12.0977 -6.46277
5.87417 -8.50816
-12.9378 -5.51158
6.84169 10.8467
6.82071 6.56526
-7.23731 -8.14767
-10.5371 -6.65157
6.68108 3.80838
5.855 5.79055
-2.08862 -8.96693
0.670095 10.8735
5.90628 9.32532
-9.47243 8.75435
6.72371 -6.02015
6.03128 5.47257
6.74449 9.10411
6.49472 6.86427
5.55874 8.85679
-12.8248 -3.72557
5.83911 5.81559
6.85471 -2.88969
2.46346 -8.97519
5.11064 -5.61039
-6.89914 10.3681
6.51471 -4.19493
-12.1894 -3.38443
-12.0307 9.45795
-11.8465 -8.73206
-7.73258 -8.36121
-7.29197 -8.7216
3.12508 10.5454
6.88189 -6.14687
4.81656 -7.94443
3.76114 8.56732
-11.2017 9.48153
-12.2666 -6.59913
-11.4738 9.54997
6.21258 -3.44661
3.10476 -7.98913
6.05158 -8.59123
-11.5628 10.785
-10.1904 -6.03653
-12.9207 2.94817
-7.64581 10.8551
-9.25814 9.07029
-12.2329 -5.85896
-7.69473 -8.15354
4.90473 9.66028
5.51533 -6.92748
5.13753 -8.17101
-12.9034 -6.16119
-10.9743 8.22816
4.76221 7.58991
-10.9918 10.233
-12.8503 10.7394
-12.0902 -5.49027
6.71968 6.35697
-10.3347 -7.2709
-11.7941 10.7956
-12.8534 8.64293
4.63095 9.92923
-5.67321 10.8317
-11.9651 -4.10704
5.93384 -5.78552
6.87865 4.73471
6.60294 -4.92953
-8.14799 9.93595
5.95644 6.0324
-11.2905 8.4316
5.15156 9.58877
-11.6031 -8.88728
5.44191 -5.62235
5.61992 6.92909
1.58956 -8.01676
2.97831 -8.53306
5.15501 9.04988
-11.763 -4.13396
-11.2288 -7.73629
4.35908 -6.76612
3.48905 8.93172
5.51095 -5.96344
-10.9056 -5.53746
-11.0847 9.27818
-11.2593 -5.11166
6.84488 9.90714
2.74581 -8.08861
-12.4493 -7.94478
-12.5078 -6.7
-6.79471 -8.44847
-11.2993 8.64519
-10.8139 -6.80712
6.94519 -0.242633
-12.2743 5.18364
6.00949 9.2451
1.08026 10.5816
-9.96225 8.44467
-11.4888 -5.23655
-11.9281 -8.31948
-11.9836 -8.70358
6.87803 6.69974
6.77968 5.84847
4.77148 9.91783
4.61918 8.84227
-10.9324 8.9306
3.23042 10.8391
5.64953 -7.18009
0.39756 -8.47788
-11.8864 8.0633
-8.87511 10.7632
5.88322 6.74378
-11.3796 6.50639
-11.5236 -5.74544
-10.8485 -7.08675
6.03658 -3.5641
-11.3461 -5.85431
2.70801 -7.76767
6.72102 -2.26059
6.69373 5.37232
5.36958 6.62683
-11.6754 -4.81521
2.73914 -8.87185
5.88808 -4.30945
-12.426 9.58181
-10.3399 9.35053
4.3577 -6.91884
6.24225 -5.36554
-11.0867 9.58965
-12.962 6.61554
-12.6813 -7.68833
-5.5102 -8.7876
5.22265 8.7325
-11.5357 -7.36511
-8.02882 -8.56799
6.93331 7.38075
-12.8378 -7.08985
0.5171 -8.43323
2.21883 -7.99922
-8.49684 -8.04415
-6.19895 10.6457
4.68702 -7.29225
4.35559 8.84918
-11.1764 -6.99713
-12.6787 10.3946
4.08493 -8.41945
-12.7738 -1.5556
-12.7512 10.6221
-11.8118 -5.75238
-10.1106 8.25615
-10.7746 8.07321
2.44756 10.1971
5.00615 9.99682
3.45053 -6.95387
-11.6264 -6.94982
-0.877587 10.7812
-12.9396 -1.66336
-12.926 -6.63759
-8.649 -7.55241
-12.7129 8.75583
-12.4971 -3.65365
-12.4734 -6.41075
-12.1183 -3.60685
-12.4648 10.6815
4.78242 -6.27124
6.37935 -4.31895
-2.39445 10.9878
-10.6399 -7.55842
6.97732 8.87886
6.2811 -8.77051
-12.8609 -6.802
-12.743 -8.39835
-10.1703 -8.03382
5.45645 10.649
3.77021 10.2394
-11.5626 7.38625
3.51102 10.612
6.85807 -5.66681
-12.7575 -2.48065
-0.2123 -8.70058
-10.6074 -6.76138
2.66133 -7.65522
0.284978 10.988
4.25527 -7.45014
-11.2934 7.45298
2.58079 9.92998
5.59112 -8.56059
-12.8621 -7.19223
-10.8352 -5.97182
5.88409 8.74554
-11.0418 8.47522
6.40834 6.76316
-11.0336 -7.33464
5.37123 6.4788
-9.53727 -8.60439
-12.1293 8.60321
6.04546 -4.11746
-10.2416 8.30368
-11.1772 -7.89207
-10.3991 10.7788
-10.7507 10.9599
-12.5122 -5.34446
5.64563 6.03482
6.36714 -8.17102
6.01873 -7.27479
-11.496 10.8419
3.71885 9.72802
-7.93676 9.9367
6.36685 -6.51984
5.80919 9.01248
4.51498 9.17634
6.90013 -6.58012
-8.48168 -8.48171
6.24632 -8.0772
5.44383 -7.37012
-12.4334 9.07904
4.53484 10.8537
1.91416 10.8488
6.965 -2.10115
6.28161 5.88226
1.73592 9.89048
-12.9664 -7.59367
3.27212 -7.78036
3.3437 -6.83724
-7.18541 -8.27729
-9.51637 -8.69962
-8.75872 10.3737
6.7806 -6.96919
-8.80643 9.84917
-12.2043 8.22808
4.95079 8.90495
-0.541444 -8.92016
-10.7588 -6.88483
-10.5845 7.84172
4.01779 -8.37898
4.6493 -8.13844
-10.1076 -6.73794
-12.0397 -6.73519
-10.6554 8.0549
-10.2203 8.94954
5.01996 -8.83936
-9.65051 -8.08768
-10.5773 7.90369
6.11625 -6.05223
-7.65322 9.86733
-11.3134 7.29372
-12.7394 5.93175
6.06202 5.51185
-12.0348 5.792
-12.8802 5.14622
-9.15687 -7.06291
-12.7988 -4.20233
-10.2339 -6.17236
6.57261 -1.95258
6.88862 9.15902
-11.7781 9.02533
5.64171 -8.04354
5.61285 10.4824
-10.0739 10.7613
-12.5424 9.75195
6.78556 5.22273
-12.9975 -7.9511
1.08278 -8.38432
5.83924 -6.36641
-7.9646 9.69884
6.31404 10.2244
-9.78328 9.39744
6.23229 7.38312
-9.2666 9.53413
6.12501 -7.44776
4.6452 -6.9128
3.09027 -8.45293
-12.6142 -5.76656
4.21105 -6.16431
6.97498 -0.292221
5.48683 -6.68642
5.3831 -5.49064
-12.529 6.3783
-12.869 3.42648
5.90109 5.88688
4.68417 -5.75112
-5.80148 10.9628
4.79318 -6.77297
-10.0889 10.8152
0.873591 10.7764
3.70753 -7.92788
6.7392 -7.00183
4.96535 -7.47136
-12.1949 9.56526
5.38045 -6.66437
4.08616 9.76045
6.73983 -4.16111
-12.2862 -8.55221
6.20824 -4.70795
5.97225 -4.77904
5.27734 9.71208
6.56833 -2.96086
-12.7336 10.6307
-0.93576 10.8347
-7.33016 -8.57856
-10.0082 -8.61089
5.24853 8.46088
-9.53906 -7.04205
-12.9364 9.85625
6.49811 -3.15917
4.85504 7.27737
0.738245 10.7665
-12.5436 8.19919
-10.2894 8.95473
-12.1555 7.94945
-12.1855 9.07434
-12.0825 9.35097
-12.4717 -5.37185
-7.16314 -8.89873
5.44971 9.53505
5.64159 -8.91056
-11.2056 -7.20227
-12.9959 -5.69331
-9.19879 -7.16778
-12.7592 3.74188
6.10445 -8.02069
-12.9735 6.68405
-9.61708 -6.84566
2.35726 10.5067
4.64311 8.66576
-12.784 7.85451
-9.54746 10.3205
4.83382 8.85334
6.89438 -5.47243
6.04701 -3.90776
-8.15889 10.0655
6.45212 10.0135
-7.72675 10.3465
6.54381 -3.59217
-11.1493 -4.80323
6.3884 4.72376
6.39204 -4.44909
-12.8648 4.83369
-12.1665 5.62842
5.93497 10.8436
2.52521 9.5907
-12.3148 -3.41151
1.18632 -8.92271
6.17752 5.74448
-11.5551 -7.8949
3.05546 9.56089
5.95935 -3.64263
-10.309 8.25493
-12.8419 6.43162
-9.19992 9.66443
4.88688 -6.32776
5.83671 -4.11834
-11.6082 -6.36321
-12.0124 -7.2467
-12.6897 6.02593
4.66511 8.09082
6.01699 -4.54488
-8.40168 -7.60203
-8.40708 -7.7855
6.70621 -2.02538
-10.3528 10.5398
2.7794 -7.23498
-7.635 -8.62767
-12.3874 8.01361
-11.6195 -6.012
5.72812 8.28454
0.507283 10.4104
5.8492 8.78438
-12.4076 6.0658
2.68125 10.6347
-11.7028 8.40866
6.02724 5.92464
-11.8882 -5.57586
3.85097 -7.51187
-12.4748 -6.96269
6.2344 -4.38676
6.0766 6.5238
-12.0271 7.76951
5.80681 -3.92103
6.51207 7.54612
-9.787 -8.19494
5.66397 -5.53868
6.45812 6.08537
3.52095 9.53472
4.54007 8.75606
3.58256 -6.71832
6.06952 10.0818
1.97482 -7.90162
2.92502 -7.07826
-12.3601 -3.56715
2.2016 -8.97113
-11.2852 -8.57252
-11.2673 8.63978
-10.6508 8.48839
-7.16924 -8.5358
6.94247 4.19888
6.96745 8.29443
-11.0122 9.70632
5.57442 7.99466
6.05027 10.4129
5.54626 10.0057
-11.5556 8.55767
-12.1461 -7.63946
5.70969 -7.29633
-12.9582 8.25595
-12.2906 5.25247
4.67322 -6.47218
-11.3269 -4.9347
-11.9072 -6.473
-9.74374 -7.52576
5.53697 -7.03405
-9.82209 9.57875
6.22191 -5.11272
-0.707809 10.8688
-9.54928 10.7411
4.44412 -5.81841
6.93431 -3.38543
-12.3006 9.63024
6.45898 8.25692
-12.1612 -6.85381
-11.1127 10.0544
5.1435 -7.59908
-9.12635 -6.93033
-10.6087 -7.39767
-10.9216 -7.45896
-8.48571 10.3536
-12.2454 7.96043
-9.54725 -7.00963
-3.99351 10.955
0.549687 10.7399
-4.36986 -8.93347
3.12233 -8.38809
6.72271 8.08384
-11.3411 8.9338
6.91779 -3.41238
-6.89865 10.6876
-12.7005 -6.52256
3.95371 9.82972
-11.7591 -6.0219
6.07159 -8.51662
6.59388 -5.85457
-12.4115 5.60059
6.97708 4.58889
-11.7245 -6.41923
-11.1205 -8.65295
3.18895 -8.03029
4.89304 -6.32462
-9.80671 -7.82295
3.8156 -8.37423
-4.92392 10.817
5.14073 7.57031
-10.8635 -6.52743
6.36096 10.4384
2.49906 -8.95538
6.86161 5.99145
-9.50107 9.47841
-12.4281 5.43574
6.82906 -7.16372
4.89926 7.54719
-7.78452 10.638
2.57285 -8.21076
-11.0157 -6.7031
-11.6885 8.38288
-12.0124 8.35657
5.14581 9.21039
-12.2334 6.59
6.78367 -7.21328
5.31652 -7.90485
6.16959 -5.26224
-7.84807 10.2615
5.66383 7.15777
4.86243 8.46623
-9.86446 10.3002
-12.4784 -3.16662
-12.9201 -3.29495
-10.8817 7.30771
4.15655 -8.72135
5.97294 -7.0909
4.65198 -8.43801
-8.73569 -8.72688
6.70142 8.97304
-11.6445 -7.54654
-12.8774 -6.24409
-12.7384 4.39272
5.04734 -7.96916
5.59678 6.27632
3.25126 -7.07596
5.16518 8.60671
-9.6225 9.28776
-12.6374 8.79728
2.04488 -7.78012
4.99266 -7.14353
6.54355 4.56756
-10.2755 -6.90266
6.89462 6.10088
6.73585 5.45927
2.75332 9.29944
-12.8441 8.67994
6.24842 8.04118
-12.0324 7.06126
-8.71963 10.7052
-12.5835 -2.32861
-9.5407 10.9308
-7.89727 10.5208
3.21313 -7.05231
2.90291 -8.97873
6.44545 7.84343
-10.3444 -8.68547
-11.6905 6.22917
-12.8005 -1.8171
5.19779 7.48377
-12.6708 7.7872
6.86976 3.81554
5.01312 -8.93069
6.99845 -1.00348
-12.3645 -6.74672
1.24075 -8.12813
6.75166 -7.24564
-9.59229 -7.74114
6.3259 -5.84063
-10.9736 -8.33511
5.27658 -6.93728
6.17041 9.391
5.9354 10.8136
3.19527 10.6542
3.87264 -8.90563
6.9699 3.8534
6.02848 7.54128
-12.9448 -1.74272
-11.5023 8.15302
-6.62928 10.3813
0.514006 -8.6334
-11.8062 -8.22007
-9.77222 9.22869
-12.8538 -1.38991
-12.8341 -3.34645
-6.46613 -8.49427
4.026 -7.6471
-12.4129 7.76707
-12.9501 -0.12355
0.776137 -8.53556
4.91065 9.79759
4.3752 -7.14597
1.66877 -8.02072
-11.5563 -7.98617
-7.77384 -8.05145
-10.9999 10.5526
5.05865 7.37707
-11.3836 7.7741
-10.5955 7.85961
-5.68669 10.8065
-10.9143 -8.18996
-12.8847 6.37762
-8.29467 -8.86811
-10.4897 8.41998
6.73007 5.65054
3.22504 -6.86541
1.38042 10.3689
6.17547 -3.72338
2.40457 -8.67681
-8.92106 10.762
-0.107047 -8.90854
5.75672 -6.73592
-8.14927 10.1821
1.77122 10.1937
-9.13724 -7.83849
-11.9864 9.31945
5.41092 -8.89301
2.35041 -8.77748
-9.98578 -7.83495
1.13622 -8.44648
4.14252 8.99898
-11.285 9.15611
3.31843 9.83957
5.94656 -8.2124
6.54108 -6.79354
5.39001 9.27213
6.38779 -7.59576
6.43719 4.52401
-11.0422 7.57971
-10.4292 -7.54107
-12.8425 7.35397
5.99467 9.908
-10.3277 -8.07018
4.15446 -8.39438
-11.3967 7.14913
6.51362 -6.25869
2.73343 -8.64194
1.85695 10.0754
-10.5127 -8.54211
4.13792 -8.7586
-11.7299 -7.6133
-12.7348 -1.31403
5.27927 8.40316
-12.5033 -7.09159
6.01724 6.54309
5.95136 -6.43631
-11.246 8.98108
5.40496 8.13026
5.30207 -5.21759
-12.0386 9.36535
-12.0667 7.8478
-11.9088 -5.45588
2.85347 10.6175
-11.675 7.32965
-8.73939 10.0075
6.25697 -2.85787
-11.8318 -5.99714
5.50767 10.3751
-11.0738 -7.96039
-9.09544 -7.81679
2.80846 10.2191
-12.8946 7.68536
-11.8792 -6.16752
2.23388 -8.58412
-11.6554 9.222
4.57236 8.75423
3.998 10.301
-12.0612 -5.40866
-11.7573 -6.71664
-11.1867 8.44416
2.72638 -8.87398
4.98633 -8.50666
-11.6021 9.92513
-12.9153 -2.85266
6.89587 -6.67545
-12.1449 -4.16704
4.04448 10.7082
4.24438 -7.51657
-12.69 6.82563
6.04606 -7.48147
-11.2764 10.1308
5.07458 -7.08589
-11.3603 9.38461
4.73974 -8.31425
6.90314 10.4634
6.81655 -1.43098
-11.9171 -7.72809
6.77174 -4.68084
-10.2962 -6.93407
6.10247 8.33927
6.7357 -2.88322
4.83185 9.83817
1.89411 9.84908
-8.86991 9.72902
-12.0859 10.1894
-12.6587 6.72339
6.96716 4.39448
-7.746 10.4732
-10.8492 7.26204
4.51558 -6.88206
3.97921 -7.09991
-11.6267 6.65481
5.75233 -7.16963
-12.9045 -2.28941
6.98807 5.87128
-8.7432 -8.21016
-10.3101 8.66277
5.04986 -5.47756
-11.5577 -7.88994
-12.8813 3.93291
6.18611 9.16854
-11.9636 -7.80565
-12.2614 10.7634
-11.2166 -7.41565
3.08514 10.7916
-12.9852 -5.28647
-8.33552 -8.2466
-11.3624 -5.23722
-11.7125 -5.57899
-9.61947 9.84101
6.45801 6.52788
-11.2778 -4.90146
4.70486 -6.32453
-9.48036 -7.91462
-11.4835 10.8039
3.10324 10.7694
-9.93813 -6.66886
-11.8618 9.09415
-12.5484 9.84302
-12.2304 -5.02875
6.92841 -6.7139
-12.9909 10.4229
0.601761 -8.34908
-12.636 -7.42073
2.24606 9.52849
-8.97999 10.0626
4.01406 -6.38737
-8.8081 10.1036
6.69643 -3.19791
2.36157 -7.53449
-10.4898 -7.87013
-11.3287 7.36778
2.31664 10.9596
-8.15314 -8.20046
-10.7581 10.8647
-12.9991 9.24807
5.20771 10.7959
-7.00429 10.6329
-10.6917 9.86347
6.97555 -5.91141
4.81608 -6.78251
3.38479 -7.88185
1.55111 10.2128
3.44781 10.4889
