2.68038 3.18315
2.5662 4.39532
2.82329 2.59265
1.67045 4.30469
1.55555 3.66191
1.95479 3.88661
1.72957 3.5402
2.90446 4.74859
2.27142 4.15189
1.28321 3.82091
1.0326 2.72866
1.27446 4.41253
1.31336 3.20283
1.25958 2.32643
2.99785 2.65477
2.02586 4.51734
2.22528 2.88809
2.2751 3.57286
1.98717 4.91833
1.58503 4.31407
2.05349 4.30974
1.80046 4.67459
1.56663 3.05738
2.61545 4.75708
1.13951 4.84798
2.05199 2.25817
1.38443 3.98968
2.78047 3.04668
1.12834 2.06007
1.9154 2.18929
1.47656 4.9119
2.80442 4.55276
1.53333 3.61928
1.75041 4.28075
2.02507 4.00317
2.06321 2.11784
1.87528 4.79551
2.86162 4.16286
1.56859 4.2156
2.27996 3.06215
2.37572 2.49792
1.88021 4.64023
2.6584 2.99101
1.45794 4.68012
1.70072 4.06001
2.91294 3.76592
2.31461 4.57603
1.87912 4.77191
1.79687 4.4443
2.36844 4.73292
1.96498 2.64747
2.9005 4.76038
1.29532 4.64319
2.28216 3.29586
2.23919 2.84318
2.572 2.92237
1.89407 2.67832
1.37507 2.8287
2.11289 3.2495
1.33921 4.72041
1.20634 2.37823
1.99089 4.28143
2.9695 4.80501
2.36889 3.14957
2.49954 3.10599
1.58832 2.69678
2.16898 2.73324
1.30478 4.19645
1.25095 4.38041
1.3282 4.23521
1.14906 4.85031
1.10506 3.56469
1.35242 2.72019
2.5956 4.19796
2.31313 4.90222
2.27892 4.2792
1.18696 2.40471
2.04042 2.2347
1.13981 2.61397
1.92284 4.45903
2.14664 4.26674
1.10388 2.47342
2.99999 2.61299
2.77991 2.37641
2.9956 2.16217
2.74108 2.21699
1.00832 4.76921
2.18778 2.54112
1.32626 3.17507
2.82605 4.45909
1.71819 3.65746
2.15886 3.35773
2.37477 2.29892
2.06162 4.27188
1.60859 4.97669
2.15394 4.63284
2.49562 3.88673
1.07084 4.24341
2.66648 4.77613
2.74654 4.49311
2.95887 4.23143
2.80673 4.95079
2.33376 3.49178
1.32794 4.49004
2.7779 2.23098
2.29941 2.74413
2.25896 2.68741
2.40124 2.9506
1.65755 2.69428
1.14832 3.89922
1.44731 3.9534
2.02137 4.9144
1.56008 3.63832
2.43854 2.33984
1.94297 3.77762
2.88864 3.35275
1.6727 4.54305
1.86903 2.00969
1.68989 3.79544
2.66649 2.70168
2.35095 3.44885
1.96387 2.91487
2.42417 2.54767
2.24365 2.12259
1.82797 4.08795
2.34787 3.91292
1.69423 2.55387
2.21821 3.88147
2.46146 2.98512
2.48088 2.60664
2.84183 4.05427
2.30626 2.7718
2.06488 2.26293
1.52099 4.63215
2.37225 2.28122
1.22255 3.0848
2.15338 3.77963
2.33311 2.86633
2.55153 2.86514
1.65928 2.56925
2.96873 2.01074
2.65478 2.99444
1.3764 3.30949
2.91727 4.75679
2.52974 4.09723
1.24229 4.05736
1.76766 4.32282
2.8861 4.74882
2.72383 2.61064
2.58731 3.64413
1.59458 4.7148
2.81929 4.62194
1.99629 3.7286
1.32551 2.82173
2.72916 3.4772
1.92732 4.54683
1.99195 2.87316
1.36084 4.05254
2.4551 2.41717
2.20622 3.47727
2.67627 4.17276
1.35642 2.6659
1.99705 2.36378
1.27648 3.08133
1.64961 4.79569
2.81697 3.86629
2.67366 4.45438
1.99215 3.00492
1.78865 3.97649
2.21777 2.77672
1.30246 2.21764
1.2157 3.94162
1.7272 2.86481
1.66277 2.27345
1.85466 4.80348
2.16714 2.79638
2.31749 4.28533
1.97485 2.47182
2.76607 3.877
2.03543 2.62353
2.11512 3.2786
2.65988 3.18317
1.48865 2.97804
2.45872 3.91596
2.96969 3.01473
2.79512 2.40822
1.82158 2.01623
2.56656 4.32316
1.58736 2.344
2.73107 4.16302
1.09832 3.34732
2.97293 4.12373
1.42177 3.42168
2.73036 2.28176
1.19912 3.14869
1.60353 3.97136
2.61819 2.39511
1.10302 2.16027
1.91543 4.34261
2.38415 3.32768
1.23822 3.76891
2.15727 3.5897
2.19009 3.08575
1.60857 4.66617
1.95317 2.50946
2.21946 3.57724
2.23785 3.78859
1.46731 4.48942
1.14018 2.29651
2.84746 2.50895
1.96347 2.67647
2.65354 2.87249
1.71439 4.63483
1.6885 4.44473
2.31829 2.10898
1.51494 4.33477
2.25193 4.50831
1.61631 2.66303
1.39604 3.83733
1.21947 4.02382
2.56452 4.15839
1.4007 3.20356
1.63132 3.30203
1.46199 3.15724
2.06569 2.46417
2.1108 2.04374
1.76043 3.1465
1.61082 4.21222
1.52089 3.94898
2.10463 4.75877
2.37197 4.42936
2.3957 2.93585
2.29178 2.01801
2.06592 4.53173
2.23689 3.92808
2.03703 3.20213
1.72431 4.1566
2.60379 4.03344
1.30575 2.09868
1.12712 4.05717
1.37523 3.85688
2.4006 3.70349
1.00225 2.01713
1.61048 2.78471
2.31074 4.57267
1.36232 3.02406
2.33468 4.63703
2.30661 2.93969
2.77003 2.55879
1.31428 3.51038
2.65791 4.02696
2.80834 2.57333
1.78904 4.1182
2.73785 3.64219
2.47792 4.79745
1.46624 4.77973
2.10289 4.80026
1.98881 3.65771
2.87826 4.39894
2.62828 3.78349
2.3144 4.9859
2.8717 2.97362
2.74862 3.76747
2.27554 4.27797
2.55084 4.38473
1.52557 3.81314
1.94113 2.50086
2.59098 4.59526
2.74604 3.99324
1.82497 3.83594
2.1938 3.9368
2.07711 2.44503
2.15804 2.09889
2.40182 3.55445
2.66522 3.54515
1.2253 3.46943
2.0207 2.1455
2.6287 3.15398
2.27531 3.35637
1.28796 3.23923
1.49407 3.2203
1.03491 4.15279
2.14744 4.43884
2.16536 3.34023
1.95472 4.98549
1.11745 2.22278
2.28153 3.79184
1.4452 2.65936
2.26049 4.77054
2.47588 3.38856
1.87712 4.55176
2.90532 4.84673
2.79817 4.30104
1.66714 3.61023
1.43827 3.43265
2.89964 3.39851
2.76864 4.90183
1.36753 3.37412
2.56045 4.29934
2.80956 2.77276
2.52322 4.89051
1.66369 3.20714
2.12157 3.66334
2.24433 2.57308
1.95592 3.08032
2.30776 4.74957
1.42138 3.81963
2.73087 2.32933
1.74711 2.59701
2.29304 3.77808
2.35311 3.78902
1.11772 3.68262
2.12723 2.72788
1.03782 3.03152
1.01815 4.77108
2.20285 4.31206
2.77439 4.79982
1.34613 3.34394
1.97544 4.38569
2.27802 4.89704
1.31067 2.87867
2.76441 3.09808
2.79886 4.24291
1.95161 2.81896
2.89328 2.36698
2.73136 3.86958
2.43733 4.77362
1.36813 2.84685
1.33433 2.60893
2.25225 2.52872
1.25334 2.68266
2.89385 2.0416
1.32165 2.35997
1.9237 3.94564
2.83044 2.30257
2.22845 2.21167
1.78749 3.48929
1.87317 2.87953
1.48814 4.73717
2.13233 2.57213
1.06943 3.29553
2.62781 4.26015
1.71277 4.99391
1.07133 3.57065
1.40189 3.98537
2.39957 2.98285
2.77869 3.94014
1.68296 2.1505
2.5334 4.40999
2.39743 4.04577
2.80837 2.93882
2.50496 2.8938
2.61874 2.56719
2.18222 2.16032
1.20291 2.47183
1.4883 2.40851
2.17824 2.17416
2.77911 4.8365
1.11204 4.77566
1.9381 2.77091
2.17402 2.50651
2.16917 3.42906
2.6311 4.7782
2.05305 3.74675
2.4588 2.67571
1.52834 3.90075
2.07635 2.04995
2.86304 3.04264
1.41143 3.56789
1.80197 2.92151
2.35981 3.9354
1.88668 2.80707
2.40637 2.99868
1.42905 4.27763
1.51622 4.05072
1.03235 4.53537
2.70482 3.80229
1.64296 4.00388
2.05366 4.544
1.50042 2.76868
1.14647 3.54315
2.77963 3.83423
2.06207 4.46399
2.91791 4.21024
1.68792 3.07983
1.08783 2.07159
1.01015 3.46176
1.58577 4.12479
2.64029 3.52223
1.93494 2.23477
1.38197 3.45095
2.84676 2.13018
1.16882 2.73457
2.42271 3.83372
1.18572 4.8847
2.73494 2.49828
1.95189 4.27185
2.55501 2.02094
2.15723 4.20939
2.48745 4.76772
1.19281 4.36293
2.89287 2.30444
1.54979 2.71796
2.61949 2.28513
2.49346 2.83164
1.3466 4.81314
2.52172 2.29004
2.96222 4.53582
1.68308 4.07739
1.91303 3.30319
2.30806 2.97195
2.20098 2.38993
1.16253 3.13399
1.27391 3.97963
1.22892 4.64205
2.1649 2.63259
2.33665 3.58665
1.62469 4.82967
2.53641 2.36626
1.07653 3.54481
1.7986 2.6347
1.9053 2.48049
1.61649 3.30128
1.01087 3.94936
1.25244 3.38585
1.16837 4.34075
2.57186 4.05403
2.82045 4.60159
1.12535 2.14155
2.05415 2.5314
2.85573 2.32857
1.77599 3.78857
2.27682 4.10102
2.07883 3.21985
2.64485 3.73303
2.8431 2.66518
2.57849 3.1226
1.76378 2.29247
2.61592 3.16197
2.49455 4.80254
2.69854 4.49439
2.42886 3.90561
2.03228 3.87397
2.0048 3.73644
2.34368 2.08843
2.51189 3.79912
1.278 2.43182
1.3918 4.33223
2.68856 4.20593
1.36805 4.00012
1.62598 2.31673
2.77687 2.3067
1.95955 2.81096
1.39945 2.86321
2.31529 4.841
1.44384 3.52074
2.55693 4.80905
1.28424 2.8838
2.12201 3.93356
2.74683 2.69854
2.34799 3.88808
2.66511 4.43899
2.5466 2.08536
2.18081 3.85275
2.52753 4.3233
1.56858 2.23026
2.76002 2.51817
1.35797 3.07936
1.88609 3.13613
2.29504 2.30206
1.65142 4.60832
2.2152 2.31252
2.61158 4.24916
1.79755 3.10039
1.78848 2.81657
2.19929 2.2047
2.8031 3.2966
2.76246 4.02455
1.9213 3.41492
1.58486 2.67325
1.49214 3.73016
1.60234 2.37824
2.49889 3.44047
1.97173 2.57746
2.71773 2.40016
1.58634 2.55373
1.00566 4.70232
1.5775 4.42585
2.30098 4.06258
1.35083 2.13419
2.91943 4.32517
1.22593 4.5838
1.41451 4.98259
2.07223 4.00372
1.93167 4.48564
2.78465 4.13572
1.81053 2.58048
2.67597 2.46413
2.3473 2.97155
1.69439 3.59754
1.91448 3.9211
2.43418 3.3802
2.08228 2.01753
1.53737 2.57489
2.38674 3.33229
1.47272 3.95926
1.43831 3.04797
2.0287 3.27923
1.68704 2.1514
1.18864 4.42806
2.75803 4.95993
2.04252 2.85284
1.36027 3.07774
1.87798 4.56135
2.3662 4.35856
1.7726 2.42101
1.85311 2.31017
2.20081 4.90308
1.21847 4.60727
1.31865 4.40781
1.62637 3.18705
1.91138 3.59703
2.49002 4.91013
2.91751 2.26558
1.04102 2.15922
2.79577 4.69856
1.07943 3.25743
1.3676 2.65956
2.55678 3.86837
1.14728 3.38447
1.81796 3.37981
2.20365 4.5066
2.12665 2.6067
2.60645 4.01768
1.14264 4.88765
1.95033 3.15353
1.71647 4.79256
2.8337 2.30973
2.80179 4.62681
1.38354 4.76421
2.85736 2.26896
2.64185 4.90518
2.0176 2.01418
1.3765 2.86157
2.25504 2.78566
2.49736 2.10949
2.44364 3.05152
2.74406 2.85545
2.10548 4.02577
2.91542 3.87218
2.27561 3.29862
1.01714 4.98812
1.72745 4.77626
1.19857 2.79387
2.60205 2.87317
1.37206 4.1891
1.76142 2.02086
2.39619 4.66853
1.02336 4.65903
1.3534 3.9176
1.29646 4.77614
2.35139 4.61016
1.55177 3.64317
1.3104 4.48586
1.44596 2.33873
1.90536 4.58235
2.09157 3.38375
2.71365 4.72854
1.77334 4.86833
1.34827 2.56308
1.49434 3.08049
2.83479 3.88364
1.73424 3.84647
2.03478 3.1364
2.00367 4.08227
1.036 3.9502
2.23894 4.08108
2.04024 4.68606
1.48283 4.02596
2.44795 3.39318
2.57646 2.52997
1.65035 3.00205
2.27581 2.54601
1.48706 2.07373
1.27623 3.25299
1.42454 3.15584
2.55566 2.38899
1.02632 2.43484
2.49031 3.59166
2.04749 2.74097
1.44929 3.62523
2.79411 4.53234
1.47087 3.25152
2.47893 3.43055
1.18499 3.39033
2.88249 4.64218
2.2802 2.79926
1.42948 2.83401
1.89685 3.37481
1.60516 3.75961
2.75186 3.54455
2.94364 3.96128
2.28902 4.95494
2.59741 3.169
2.03106 2.96735
2.27331 4.22053
2.72839 3.60114
2.16858 2.29889
2.90177 2.97126
2.15296 2.13014
2.57439 3.55317
2.84821 3.28189
2.56828 2.41653
2.4106 2.6977
2.19423 2.02364
2.6382 3.41914
2.04546 4.37276
1.25361 2.50172
2.5518 4.77653
2.11382 2.87429
1.49592 2.58069
1.06321 2.33647
2.45455 3.84768
1.42357 4.03448
2.8793 4.3648
2.44308 4.18054
1.61197 3.93693
1.30828 2.27039
2.56898 4.57832
1.64539 3.14481
2.73464 2.42539
2.7093 3.17015
2.86543 4.94436
2.11458 4.12585
2.81393 2.3426
1.00009 2.46478
1.61553 2.09496
1.53417 2.10512
2.2951 3.43661
2.4264 3.76159
1.53427 3.30422
1.62809 3.71937
1.16077 3.40455
2.3265 4.59462
1.65525 4.95784
1.49295 2.58484
1.25549 2.30337
2.17 2.18138
1.16515 2.42687
2.53815 4.96862
1.51298 4.30736
1.28894 3.69276
2.60155 3.23465
2.19858 3.34497
2.78084 2.93747
1.07104 2.47266
2.49446 3.04869
2.46135 4.48284
2.63549 3.18178
2.38498 2.43612
1.75975 4.81689
1.68064 3.52285
1.08017 4.77596
2.13615 2.36799
1.13522 3.01145
1.22441 2.97229
1.21254 2.77002
2.7767 4.72114
2.33645 3.46292
1.71074 3.67593
2.60026 3.17266
2.4324 3.64208
2.4809 3.34063
1.74995 3.67459
2.68161 2.20239
2.40714 2.66204
1.01285 2.13167
2.45659 2.13954
2.93842 2.88912
1.33835 2.11045
2.26704 2.84415
1.72183 4.21938
2.07611 2.74779
2.29368 2.61884
2.4738 2.00663
2.52985 3.61109
1.78619 3.44337
1.16878 2.40064
2.856 3.37809
2.38349 4.30641
2.05365 3.18595
2.97897 3.59976
1.87841 4.15334
2.15953 3.22525
1.0283 4.24683
1.89047 3.94302
1.06065 4.41845
1.77493 3.70514
1.11082 2.10292
2.54932 4.37693
1.07303 3.61875
1.65868 3.28884
1.04142 3.2412
2.12632 4.84612
2.74619 2.76472
2.43502 3.19977
2.30044 4.12099
2.86635 2.26829
1.84955 3.53882
1.99569 3.31677
1.52377 4.82924
1.17319 2.87662
2.49846 3.42219
2.72117 4.41392
2.01674 3.90574
2.1939 3.63466
1.34966 4.77888
2.949 2.58661
1.68005 3.61298
1.28849 2.63937
2.58513 4.58528
2.22609 3.32837
2.13751 3.63867
2.06444 4.98058
1.11833 2.0902
1.8649 2.96314
2.94629 3.55714
2.22651 4.16713
2.98622 3.42152
2.05403 3.50444
1.21817 2.37191
1.09273 2.85175
1.10053 2.06259
1.95891 3.17087
2.11705 3.8711
2.20682 3.05327
1.97092 2.64937
2.58776 2.16264
2.52536 2.97829
1.09548 4.46553
1.71232 3.44058
1.28578 2.98793
2.99848 4.26843
1.10337 4.97705
1.45997 3.73611
1.98766 3.01721
2.40534 3.62059
2.24598 4.25881
2.12212 2.30733
1.28645 2.35875
2.45229 4.23991
1.94135 2.63481
2.92618 2.79366
1.53164 4.17731
2.1813 2.94068
2.09523 4.84043
2.58751 4.07151
1.55224 4.37898
1.89329 2.98342
2.57069 4.02989
2.81301 2.83753
1.0314 3.82754
2.63875 3.91606
1.72423 3.1413
2.48226 3.51602
2.00004 3.40182
1.50395 4.91208
2.35776 2.6452
1.47049 4.83409
2.88167 4.47768
1.51651 3.46535
2.54541 2.15603
1.3579 2.14648
2.69001 3.87679
1.75326 3.89105
1.60445 2.84942
2.81906 2.95377
2.78464 4.18671
2.91322 2.7633
1.21867 4.09322
2.51954 3.82807
1.33003 2.03524
2.1601 4.53168
1.45362 4.44588
2.57718 2.50295
2.28238 2.14054
2.3122 3.24168
1.19772 4.50515
1.92544 4.83159
1.92129 4.51805
2.14843 4.28861
1.24498 3.45123
1.16159 2.04442
1.42529 2.11222
1.53848 2.96595
2.47029 2.08703
2.86268 4.70049
1.08151 3.53416
2.48811 2.8027
1.65336 3.59794
1.87043 4.9036
2.15899 2.27394
1.76352 4.03505
2.85273 4.53345
2.24443 3.16103
2.36767 2.58928
1.29976 4.41897
2.36034 2.69203
2.64226 4.67845
1.53617 2.2711
1.42959 2.00969
1.23876 2.43841
2.80679 2.4804
2.31504 3.94235
1.8554 4.95261
1.36019 4.58875
2.90414 4.27877
2.90846 3.0015
1.87588 4.64179
1.35663 2.18047
1.53521 4.58644
1.51317 3.25247
2.33694 4.81026
2.29633 3.46879
2.65914 4.74875
2.15993 2.1331
2.83896 4.09803
1.381 4.46863
2.71896 4.54407
1.94065 2.86154
2.66445 3.95126
1.3002 4.35288
1.82002 2.31299
1.23625 4.54386
2.96985 2.88932
2.81622 2.7576
1.31717 2.49408
2.34005 4.48117
1.20289 2.95457
1.63331 4.79304
1.46888 4.68986
2.95076 2.46177
2.19193 2.49765
2.9536 3.36632
1.02781 3.34137
2.48525 4.53839
1.19509 4.67816
2.26085 3.52267
2.9941 4.24565
1.71102 4.94594
1.08998 2.79085
1.46903 2.61073
1.85662 4.71362
1.06127 3.58926
1.44546 3.04186
1.92154 3.37151
1.48781 3.30845
2.22219 4.5196
2.20406 3.76367
1.59062 3.84781
1.07003 2.1138
1.92413 2.39767
2.86131 2.27747
2.28023 4.78312
2.68208 4.98686
2.81937 4.65809
1.51847 2.4326
1.17922 4.06264
1.09748 2.36073
1.4346 2.8144
1.93506 4.0342
2.45728 4.1343
1.22843 3.0192
2.1026 4.14874
2.85525 4.53983
1.66436 4.88791
2.76909 4.38274
1.19039 4.44559
2.77347 4.20592
2.48581 4.18333
2.46186 3.95776
2.22761 4.97049
2.59358 4.11025
2.35542 4.53658
2.64732 4.68503
1.23399 2.87356
2.14615 4.5369
1.00525 4.06188
1.37073 3.66177
1.80708 2.33896
1.80107 4.20717
1.15125 2.85524
2.05994 2.51246
1.20055 3.25012
2.81225 4.52954
1.28896 3.91116
1.99153 4.27487
2.25444 2.87767
1.92341 2.91479
1.27616 2.85609
1.39988 2.76523
2.15311 4.31905
1.20142 3.73753
1.92062 2.85822
1.2662 4.59155
1.79812 3.60091
2.19915 3.42406
2.63743 2.38863
2.29101 4.75698
2.0925 3.6549
2.52434 4.07219
1.37737 2.77382
1.89804 4.44772
2.10099 4.73218
1.24167 4.06573
1.39218 2.96232
2.8873 4.31793
1.18758 2.13309
1.70364 3.66229
1.66087 3.45476
1.83589 4.1885
1.03711 2.05256
1.40837 4.51182
1.29412 4.54908
2.51253 4.07993
1.80265 3.55531
1.76808 3.77004
2.55275 4.49918
1.81183 2.9806
2.48758 3.58025
1.03089 4.81964
2.69505 4.87729
2.42504 4.82393
1.00692 2.19302
1.99082 3.00168
2.09852 4.74007
1.12679 3.70345
2.86175 2.80274
1.81018 2.23381
1.23454 2.48406
2.5425 3.55579
2.35958 2.46587
1.21722 3.36849
2.9767 3.54357
2.56606 4.19642
1.08255 4.39542
2.34403 4.6664
2.51514 3.15362
2.66022 4.28309
1.89776 2.97655
1.18985 4.99443
1.47775 2.47495
2.13192 2.50924
1.85179 4.91314
1.49537 3.62949
1.2648 2.0568
1.12352 4.43657
1.34844 2.5111
1.5367 2.48772
2.36979 2.15414
2.78942 4.17851
2.69971 3.70018
2.22994 3.82228
2.90253 3.33524
1.73691 3.20044
2.54119 3.39013
1.79658 2.02841
2.24339 4.89275
1.35844 2.14276
2.87059 3.28071
2.18151 2.20309
1.89167 3.95754
2.75977 3.86018
2.64576 2.44471
2.56526 3.52332
1.39923 4.03203
1.46789 2.14842
1.48814 4.54674
2.3138 2.58601
1.58798 2.07606
2.19097 2.19376
1.97747 4.98132
1.14812 2.33128
2.91604 2.75983
1.31603 4.67995
2.36036 4.2463
2.92203 2.37805
1.80256 4.5227
2.49215 2.67249
2.97827 3.58612
2.46388 2.56625
1.41209 4.89765
1.47645 3.35035
2.62959 4.68537
2.29091 2.32636
2.84096 2.72281
1.34675 3.22764
1.46942 2.74229
2.03928 2.5782
2.00141 4.03296
