-0.661877 0.517527
0.23468 -0.747108
0.29502 0.862592
0.0383125 -0.333026
-0.261956 -0.0923994
-0.329261 -0.34568
-0.363492 -0.0306787
0.823241 -0.478556
-0.129708 -0.622338
-0.110806 -0.0881667
0.000728291 0.0162843
0.045817 -0.129357
-0.1273 0.0913399
0.100622 0.0819807
0.197915 0.979122
0.272423 -0.43461
-0.174731 0.587194
-0.630143 -0.0969138
0.486379 -0.0840209
0.0391364 -0.289887
0.0657358 -0.522627
0.310819 -0.25214
-0.170049 0.226607
0.705421 -0.393446
0.0662495 -0.0218359
0.45096 0.270751
-0.0996819 -0.164346
-0.518243 0.723836
0.0636641 0.00805202
0.422203 0.176737
0.234235 -0.0437163
0.534514 -0.726825
-0.258388 -0.0659281
0.0241446 -0.374429
-0.253314 -0.445561
0.515498 0.129876
0.398108 -0.181759
-0.168942 -0.91535
-0.020463 -0.283556
-0.389218 0.508018
0.346519 0.594203
0.320965 -0.301121
-0.401009 0.725787
0.179476 -0.142179
-0.135763 -0.322987
-0.811922 -0.505583
0.414755 -0.509929
0.390351 -0.202087
0.157703 -0.365898
0.579933 -0.363087
0.10281 0.47141
0.833081 -0.457117
0.108312 -0.10036
-0.583374 0.265819
-0.120149 0.607835
-0.277637 0.735335
0.0668598 0.442005
-0.0307727 0.184991
-0.481605 0.278722
0.14135 -0.0937373
0.0724585 0.0734443
0.0325855 -0.494371
0.90377 -0.391069
-0.508224 0.458446
-0.508646 0.55085
0.0327175 0.292335
0.0205147 0.584128
-0.0170568 -0.151432
0.0338467 -0.120824
-0.00508097 -0.164023
0.0708971 -0.0229846
-0.0520479 -0.00709525
0.0109954 0.175867
-0.0867765 -0.793065
0.642843 -0.133526
0.0390887 -0.638263
0.0618627 0.0700828
0.458619 0.245534
0.0196487 0.0670882
0.195616 -0.417903
0.0200996 -0.572966
0.0284318 0.0434658
0.283038 0.959102
0.627439 0.631143
0.940795 0.332427
0.78218 0.382143
0.00368483 -0.00193418
0.251609 0.53796
-0.126792 0.102643
0.387165 -0.826874
-0.339746 -0.116285
-0.553896 0.170112
0.55702 0.402777
0.0243176 -0.530251
0.303932 -0.0148529
0.414625 -0.401225
-0.515632 -0.541611
-0.000488973 -0.0354175
0.743314 -0.376525
0.425681 -0.762495
-0.0380761 -0.978694
0.898572 -0.0929462
-0.666781 0.0114866
0.0790029 -0.14368
0.786939 0.413469
0.00798416 0.649658
0.08228 0.624079
-0.285774 0.639689
0.0382785 0.326541
-0.0497137 -0.0550308
-0.130172 -0.181872
0.5025 -0.0910693
-0.268373 -0.0799976
0.544639 0.469804
-0.394004 -0.258954
-0.899767 0.286628
0.193722 -0.274961
0.434424 0.00882169
-0.280987 -0.20008
0.0841898 0.828979
-0.671604 0.0722231
-0.163124 0.45349
0.292807 0.649101
0.601438 0.15791
-0.137822 -0.390369
-0.437235 -0.512851
0.138612 0.318239
-0.424824 -0.436503
-0.345473 0.643905
0.218996 0.707312
-0.367032 -0.844613
-0.0298053 0.65245
0.453729 0.278609
0.186937 -0.18142
0.570515 0.381156
-0.0717886 0.0850216
-0.480582 -0.318768
-0.160803 0.646869
-0.185265 0.753321
0.121829 0.306303
0.984114 0.0221314
-0.405319 0.721313
-0.173418 0.0731157
0.836937 -0.467462
-0.24058 -0.726051
-0.0475623 -0.111416
0.0583134 -0.379376
0.815537 -0.473545
0.248007 0.825466
-0.757772 -0.235949
0.245811 -0.167205
0.639075 -0.647328
-0.442132 -0.229491
-0.0243604 0.160923
-0.863593 0.0412762
0.270035 -0.376914
-0.126521 0.479569
-0.0725077 -0.16521
0.467067 0.557833
-0.602425 0.0287066
-0.135002 -0.827189
0.0312284 0.17545
0.360699 0.344128
-0.0884124 0.106269
0.29552 -0.134786
-0.654012 -0.630566
0.347372 -0.761324
-0.252446 0.427037
-0.21373 -0.331381
-0.0340546 0.60793
0.13579 0.0665704
-0.0649127 -0.0861254
-0.0865888 0.353138
0.27851 0.17958
0.391641 -0.170957
-0.0566026 0.580819
0.0487042 -0.656944
0.268192 0.407011
-0.621786 -0.627006
0.135533 0.499659
-0.498684 0.249376
-0.653821 0.511192
-0.112306 0.216986
-0.469647 -0.55803
-0.518494 0.837307
0.589008 0.677262
0.410551 0.0139571
0.119548 -0.774105
0.220696 0.193753
-0.156809 -0.851212
-0.0466701 0.0154547
-0.257855 -0.95217
-0.208052 0.034436
0.71886 0.481435
-0.0738036 0.0668213
-0.166277 -0.251819
0.547524 0.595695
0.0486337 0.0169665
0.0882191 -0.449134
-0.647491 0.244387
-0.100714 -0.0635933
-0.568454 -0.108065
-0.38479 0.453889
0.232893 -0.195833
0.230068 0.417375
-0.601768 -0.0982086
-0.509272 -0.351725
0.112318 -0.20489
0.0570036 0.0407827
0.446791 0.808487
0.0738917 0.476033
-0.209776 0.799714
0.257721 -0.247319
0.136537 -0.316016
0.64205 0.149148
0.0454728 -0.253422
0.32237 -0.536571
0.0558219 0.303058
-0.150623 -0.128549
-0.0500599 -0.0976487
-0.149179 -0.767906
-0.162963 0.116551
-0.28891 0.127165
-0.173989 0.151944
0.300268 0.440186
0.553069 0.0508059
-0.280683 0.256477
-0.0241385 -0.304453
-0.153537 -0.210376
0.483313 -0.267324
0.251668 -0.638154
-0.264827 0.645646
0.645429 0.024363
0.296541 -0.442843
-0.386095 -0.483122
-0.420841 0.302904
-0.0703911 -0.355248
-0.351372 -0.720816
0.149623 0.0313705
-0.0249781 -0.0584469
-0.137604 -0.127534
-0.637656 -0.289511
0.00112476 4.03641e-05
-0.0221709 0.304433
0.409941 -0.511327
-0.0983692 0.152128
0.483618 -0.459845
-0.252773 0.602423
0.345016 0.814993
-0.157102 -0.0034169
-0.3733 -0.740147
0.326967 0.84298
-0.107526 -0.379586
-0.830677 -0.254962
0.673461 -0.304157
0.208748 -0.103772
0.50389 -0.224018
-0.467682 -0.160348
0.288218 -0.893809
-0.6748 -0.455485
0.656914 -0.0194052
-0.422463 0.835071
-0.740676 -0.46456
0.0373405 -0.636677
0.215915 -0.744754
-0.208268 -0.160251
0.234544 0.407946
0.526388 -0.596424
-0.447166 -0.749806
-0.314527 -0.266861
-0.364058 -0.473022
0.321077 0.43238
0.566647 0.119069
-0.696357 -0.0797615
-0.82889 -0.0786112
-0.112417 0.00720744
0.486836 0.153124
-0.609697 0.53985
-0.609021 0.188942
-0.123037 0.0747842
-0.205844 0.136577
-0.00352958 -0.0170961
0.221042 -0.52943
-0.550363 0.191362
0.477141 -0.0145
0.0524461 0.0264164
-0.524752 -0.367718
0.042003 0.218604
0.558852 -0.29136
-0.717929 0.17068
0.259086 -0.353852
0.904 -0.300582
0.0959294 -0.893954
-0.32472 -0.0763256
-0.21696 0.0308067
-0.928442 0.200385
0.865692 -0.180542
-0.177415 0.0478902
0.0804875 -0.776061
-0.0431059 0.903754
0.741677 -0.173116
-0.271354 0.19102
-0.528287 -0.188128
0.225295 0.579943
-0.304907 0.368074
0.565981 -0.327452
-0.16522 -0.130741
0.667598 0.550716
0.117659 0.354542
-0.539938 -0.355606
-0.556342 -0.384979
-0.0546076 -0.0219674
0.0261049 0.563013
-0.0105153 0.0157177
0.00805037 -0.00418554
0.0779494 -0.596354
0.810357 -0.361165
-0.163903 0.055563
0.13675 -0.468157
0.624211 -0.136724
-0.0413553 0.14973
-0.587674 0.657969
-0.0133493 -0.899332
-0.0684831 0.470851
0.680528 0.658035
-0.619032 -0.605144
0.63939 -0.328119
-0.0370814 0.180292
0.0486743 0.159922
0.279904 0.560077
0.017807 0.125411
0.943333 0.0823958
0.117243 0.110084
-0.274871 -0.371146
0.737522 0.541932
0.55485 0.263468
-0.393647 0.00882898
-0.116994 0.420617
0.208015 -0.127669
0.206071 0.52733
-0.0315814 0.0144167
0.0172974 -0.81372
0.356354 -0.0045458
-0.0352768 -0.00525793
-0.105756 -0.170866
-0.327902 0.618209
-0.537495 -0.708541
0.324658 0.105866
0.252128 -0.724059
-0.289842 -0.63576
-0.348324 0.834401
-0.223216 0.718609
0.302372 0.750768
0.558101 0.194769
0.0558204 0.0847173
0.160107 0.184321
0.550362 0.21015
0.837909 -0.298686
0.0499512 -0.0253646
-0.0205322 0.4686
0.286546 0.512322
-0.578145 0.0865315
0.729127 -0.365369
-0.457763 -0.260152
0.113037 0.720586
-0.176455 -0.196597
0.535233 0.0562005
-0.535848 0.761967
-0.203638 -0.02915
-0.140956 0.375394
-0.416265 -0.53758
-0.0528622 0.440176
-0.349903 0.60995
0.0124051 -0.214165
-0.104627 -0.235955
0.00910342 -0.0133731
-0.687206 -0.504334
-0.158471 -0.279705
0.304283 -0.430072
-0.00978846 0.250019
-0.0729368 -0.006609
-0.680557 -0.573244
0.230112 -0.478585
-0.0797613 -0.955634
-0.219152 0.265105
0.0434226 0.00655988
-0.00505993 0.00040609
-0.0759304 -0.282872
-0.819258 -0.0381687
0.412088 0.220708
-0.189976 0.0195872
0.88927 0.248658
0.00272652 0.0843669
-0.544556 -0.457695
0.0901638 -0.0222073
0.436435 0.749685
0.0217683 -0.475449
0.776757 0.0340884
-0.0491589 -0.576521
0.657438 -0.347715
0.0225889 -0.0937203
0.760475 0.563398
0.0184316 0.274278
0.6696 0.455323
-0.127061 0.735841
0.160198 -0.0661041
0.624741 0.434292
0.552856 -0.810509
-0.120799 -0.319464
-0.418279 0.182887
-0.293194 0.584629
0.411131 0.437678
-0.0585349 0.0563708
-0.0734737 -0.115579
0.0837726 -0.0779937
0.141788 0.564928
-0.657349 -0.120629
0.292678 -0.109079
0.553057 0.533168
-0.0380965 -0.00358571
0.0954929 0.387713
0.242153 0.382431
-0.281931 0.124623
-0.00320044 -0.00439263
-0.122632 0.0298906
0.0159048 -0.0826686
-0.313595 -0.720658
0.611312 -0.674396
0.05994 0.0183092
0.232972 0.472792
0.716696 0.589306
-0.319263 -0.220482
-0.195983 -0.607583
-0.449192 0.298653
-0.7264 -0.385651
0.162856 0.907047
-0.55527 0.560875
0.312454 0.219569
-0.613792 0.525412
0.684281 -0.300304
0.415958 -0.740433
-0.471775 -0.536508
-0.365748 -0.36418
-0.442051 -0.238742
0.660351 0.123718
-0.612391 -0.443205
0.0859231 0.109263
0.0335717 -0.193
-0.0778098 -0.840688
-0.0919722 -0.159394
0.246614 0.192728
0.711359 0.532242
-0.0610904 0.475872
-0.046913 0.194136
0.621515 -0.214972
-0.221708 -0.00963844
0.717033 -0.303097
-0.0393078 0.136574
-0.345181 -0.442243
0.0939443 0.868347
-0.463356 -0.489461
0.321005 -0.768182
0.760977 0.13751
-0.436478 -0.397577
0.116788 -0.754782
0.251866 0.131847
0.410696 0.778295
-0.113905 0.138065
-0.320496 0.30589
0.522212 0.382857
0.222128 -0.238217
0.482024 0.369906
-0.00142316 -0.805788
-0.267074 0.29613
-0.0547866 0.390413
0.545373 0.249283
-0.820972 0.372553
-0.400813 -0.784805
-0.453357 0.0816538
0.0468069 0.288661
-0.21803 -0.114078
0.211509 0.214399
-0.743625 0.0932036
0.171782 0.454485
0.574474 0.638459
0.117146 0.268749
0.00229577 -0.00165102
0.103959 -0.269388
-0.24883 -0.601017
0.168531 0.0486523
0.150475 -0.947846
0.0726957 -0.0864654
0.207119 -0.00755648
-0.264427 -0.466366
0.22068 -0.410247
-0.211546 -0.866885
0.140885 0.379991
0.472278 0.692224
-0.301491 0.602416
-0.339976 -0.0704372
-0.290641 -0.352982
-0.694638 0.178039
0.540775 0.0198629
0.0963451 0.250816
-0.651036 0.238567
-0.135194 -0.193877
-0.128062 0.177846
-0.460344 0.229437
0.326395 0.10711
0.0343657 -0.0878364
0.875919 -0.0736804
-0.111407 0.509216
-0.114165 0.139339
0.266403 -0.348915
0.15398 -0.665517
0.245603 0.29817
0.339671 0.258016
0.588079 -0.121037
0.0743187 -0.0800541
0.0517062 -0.150701
-0.248289 0.190889
-0.446314 -0.0919649
0.731849 -0.139407
0.814218 0.506219
0.0193786 0.00671286
0.724811 -0.529947
-0.0347009 0.0193208
0.0346072 0.180513
-0.55799 -0.542714
-0.0714926 0.017645
-0.396089 0.101867
0.308086 -0.51699
0.166546 0.538144
-0.375585 -0.710006
0.0693567 -0.0166275
-0.355455 0.31533
0.324955 -0.150787
0.730612 0.553915
0.639444 -0.634606
0.16886 -0.0909
0.785185 0.495909
0.804792 -0.161952
0.508575 0.0151079
-0.0435884 0.183132
-0.0468203 0.625769
0.729081 0.170179
-0.426128 0.582617
-0.191025 0.850849
-0.250148 -0.492894
-0.681192 -0.67319
-0.581913 0.261103
0.00856596 -0.000213095
0.324518 -0.164274
-0.0091099 0.0988663
-0.204355 0.774518
-0.0236616 -0.184518
0.380349 0.0166297
0.536522 -0.446634
0.00882675 -0.0076503
-0.113317 -0.135581
0.132234 -0.0669807
0.462708 -0.492407
-0.263574 -0.0814901
0.0735884 -0.136647
0.169179 0.14525
0.290265 -0.347371
-0.529687 0.131576
0.722031 -0.461327
0.37206 -0.105283
0.0664436 0.160961
-0.157747 0.190283
-0.636853 -0.660327
-0.274629 -0.243628
-0.374479 0.357014
-0.172684 -0.471189
-0.0105728 -0.0145648
-0.214621 -0.581103
0.411682 -0.31787
-0.109167 -0.215322
-0.705932 0.160624
0.350521 0.706006
-0.163795 0.280912
0.264322 0.580567
0.24063 0.0374544
-0.12004 0.0683064
-0.159473 0.140094
0.533658 0.565885
0.00807027 0.0103969
-0.731467 -0.142167
0.00990553 0.523652
-0.216961 -0.0582461
0.500077 -0.744736
-0.204267 0.117068
-0.731658 0.107181
-0.0900643 0.0210595
0.689065 -0.641192
-0.0659217 0.636695
-0.0375908 0.211425
-0.433096 0.116237
-0.258944 -0.156533
-0.872122 -0.0816041
-0.55249 -0.799491
0.641644 -0.0607361
-0.614346 0.510402
-0.226661 0.463031
-0.039277 -0.635444
-0.84488 -0.181685
0.473498 0.342334
-0.425051 0.850596
0.555199 0.155186
-0.782322 -0.0874751
-0.829347 0.407617
0.504203 0.600549
0.077109 0.701072
0.596382 0.0295522
-0.807383 0.138061
0.132921 -0.505547
0.0630058 0.110045
0.692459 -0.350029
-0.143343 0.538144
0.0860957 0.232536
0.0240779 0.0204748
-0.542826 -0.484014
-0.0923823 -0.190575
0.223747 -0.912621
-0.1046 -0.713918
-0.186562 -0.242535
0.130079 0.0826992
0.497928 -0.606211
-0.237447 0.21852
0.545274 0.67448
-0.65869 0.544565
0.92639 -0.108446
-0.143283 -0.538557
0.683333 0.596355
2.6367e-05 3.87595e-05
0.301697 0.0608062
0.260637 0.0583262
-0.641849 0.0857221
-0.608811 -0.371488
-0.24499 0.106492
-0.281477 -0.139261
-0.0787833 0.0159621
0.438219 -0.497862
0.32635 -0.0288925
0.0835671 0.231877
0.102813 0.0758131
0.543294 0.216919
0.0517159 0.0643772
0.767415 -0.0505026
0.0307412 -0.25464
-0.132854 -0.0567512
-0.680266 0.422467
-0.567976 0.191189
-0.340701 0.822661
0.0194907 0.029694
-0.437548 0.605727
0.34237 -0.6455
-0.642757 0.505543
0.423147 0.548166
0.35228 -0.142139
-0.339931 -0.0162814
0.0357542 -0.0181276
0.407543 0.395752
-0.0351983 0.0577226
-0.0503717 0.100263
-0.00445463 0.106178
0.741095 -0.489837
-0.66621 0.0518474
-0.331515 -0.128002
-0.619346 0.506574
-0.684723 -0.209989
-0.699584 0.242589
-0.350183 -0.13408
0.766394 0.345821
0.128888 0.691664
0.0061828 0.00174966
0.697415 0.209826
-0.278412 0.928361
0.16467 0.0387878
-0.12411 0.621246
-0.0231281 -0.360172
0.00249483 0.53805
0.175462 0.622588
0.73683 0.0102285
-0.744314 -0.176372
-0.390336 0.0465123
0.0563835 0.0627901
-0.897917 0.23437
0.0815401 -0.686923
-0.416915 0.322069
-0.967964 -0.205234
-0.0883129 -0.430237
-0.486398 0.315507
-9.40678e-05 -0.0141498
-0.266942 -0.356337
0.0104775 -0.0284564
-0.352252 -0.161397
0.0541283 0.0118518
0.203526 -0.747445
-0.0353924 -0.00898867
-0.297656 0.140951
-0.0177397 0.0106829
0.534168 -0.178368
-0.0269115 0.872682
-0.580277 0.422022
-0.173564 -0.62663
0.789693 0.497194
-0.42337 -0.0345017
-0.461637 0.186395
0.245314 -0.0916736
-0.0226968 0.0835689
-0.739303 0.121562
0.289685 -0.810366
-0.335601 -0.381853
-0.573369 -0.166132
0.156415 -0.0781022
0.326998 0.917998
-0.330551 -0.0797093
0.033125 0.140391
0.511918 -0.605063
-0.573862 0.215656
-0.544937 -0.162866
0.531778 -0.0216375
0.0581108 0.0111099
-0.186698 0.390075
-0.966185 -0.116189
-0.105904 -0.60404
-0.979726 0.162496
-0.526995 -0.00489988
0.077634 0.0766351
-0.00980612 0.0453163
0.049832 0.00657025
-0.369981 0.304945
-0.398145 -0.3917
-0.358011 0.48573
0.101559 0.474718
0.748264 0.265225
-0.350924 0.677149
0.0208261 -0.0429599
-0.353407 0.0442096
-0.0682925 0.125512
0.0385582 -0.998497
0.0516255 -0.00248286
-0.202433 -0.109149
-0.262169 0.418493
-0.68038 -0.175588
0.0114889 -0.622882
0.448792 0.336711
0.104662 0.0977705
-0.0153505 -0.725982
0.112451 0.457044
-0.0879389 0.959069
-0.040311 -0.262744
-0.229661 0.544171
0.517316 -0.179621
-0.289872 -0.738931
0.0736879 -0.266106
-0.209755 0.394328
-0.349362 -0.70336
-0.165259 0.891317
-0.0121479 -0.00994457
-0.527479 -0.627009
-0.264646 0.247163
-0.740713 -0.0248562
-0.489485 0.102092
0.247714 -0.0461376
0.147817 0.66259
0.221185 -0.080108
0.431836 -0.835878
-0.257577 0.0187255
0.731812 0.248042
0.170597 0.054042
-0.595266 -0.599743
-0.257215 -0.27512
-0.0624739 0.295697
-0.376491 0.827947
-0.117938 -0.88449
-0.0266382 0.95624
-0.0352595 -0.103496
-0.587369 -0.481923
0.164566 0.0121667
0.322693 -0.482002
0.0904615 -0.207991
0.390075 0.685359
0.613611 0.18602
-0.562397 0.337897
0.0503494 -0.0850751
0.434233 -0.159848
0.245238 -0.38994
0.0463875 -0.572337
-0.121851 0.0124905
0.0804459 0.00750591
0.206799 0.0495193
-0.117662 0.242168
0.722968 0.133261
0.754027 -0.546657
-0.0406517 -0.00291329
-0.0819615 0.739528
-0.319831 -0.0665412
0.426376 -0.0872704
0.486702 0.314538
-0.166116 -0.343727
0.518198 -0.767868
-0.471891 0.405548
0.225859 0.645457
0.0519402 -0.140595
0.0823752 0.675163
0.641849 -0.512135
0.226018 0.14417
0.214753 0.00436036
0.0724933 0.0948473
0.483417 0.76317
-0.394955 -0.525685
0.425597 -0.0423857
0.117322 -0.136639
0.0573339 -0.950342
-0.479702 0.824891
0.320367 -0.298593
0.165728 0.0658039
0.173345 -0.203876
-0.222868 0.127141
0.616378 -0.258706
-0.646783 0.0423352
0.71734 -0.416662
0.557577 0.159586
-0.287736 -0.873301
0.084212 -0.170878
0.496514 -0.701554
-0.108878 0.457549
-0.487386 -0.674576
0.0320934 -0.146628
0.325026 0.249935
0.068198 -0.0964514
-0.283334 0.943294
-0.0144618 0.907993
0.0809914 0.136346
0.31187 -0.593017
-0.0421472 0.0922757
0.28737 -0.132996
0.186697 -0.1418
0.553693 0.802989
0.300523 0.514643
-0.938765 0.269914
-0.0131445 0.00453523
0.421765 -0.61123
0.0762109 -0.0608825
-0.629714 -0.0299147
-0.00907954 -0.997011
0.353232 -0.0401662
-0.00384451 0.0448264
0.0674368 0.224609
0.353546 -0.241771
-0.0300999 -0.00569367
-0.127826 0.182397
-0.444185 0.122504
-0.224538 0.0952484
0.327011 -0.516235
-0.51254 -0.315821
-0.220363 -0.19659
0.0340241 0.00826619
0.310852 0.34187
0.777881 0.510898
0.575202 -0.280867
0.840722 -0.0231402
0.686248 -0.597153
0.159916 0.204036
-0.0342682 -0.0827977
0.0354779 0.0334179
-0.029222 0.215326
-0.204185 -0.420585
-0.174837 -0.707351
-0.0610377 0.0965391
-0.116044 -0.538951
0.529143 -0.7619
0.32307 -0.0772685
0.242758 -0.850579
0.0379143 -0.0873184
-0.081746 -0.88296
-0.103399 -0.735672
-0.419956 -0.598241
0.612636 -0.037908
-0.2299 -0.762901
0.382782 -0.559257
0.650849 -0.504787
-0.0299405 0.113099
0.324 -0.472696
-0.00100675 -0.00242164
-0.174826 -0.0616103
0.30605 0.263018
-0.0358828 -0.398926
-0.016534 0.0737953
0.252921 0.465724
-0.0868543 0.0501167
0.500711 -0.755218
-0.0941413 -0.109602
0.0258103 -0.495095
-0.165716 0.604931
-0.156202 0.43448
-0.0304304 0.134687
-0.00637626 0.199836
0.0830856 -0.570535
-0.0885026 -0.0480593
-0.103444 0.448536
0.087297 -0.100473
-0.390183 -0.0837127
-0.592005 0.0949577
0.562163 0.595204
0.563682 -0.31455
-0.517754 -0.174121
-0.277317 -0.70993
-0.0094077 0.188452
0.180669 -0.411069
0.466138 -0.292846
-0.0454854 -0.111946
-0.0843512 0.177021
0.133806 -0.934118
0.0901679 0.0258046
-0.331691 -0.117295
-0.328954 0.0312633
-0.053689 -0.414484
0.0184435 0.0020385
0.106437 -0.17425
0.0862107 -0.119143
-0.263714 -0.708795
-0.398636 -0.0463832
-0.324241 -0.205804
0.387039 -0.673021
-0.188515 0.359487
-0.733306 -0.12443
0.014355 -0.00569622
0.819687 -0.215428
0.664625 -0.256831
0.00317932 0.00136023
-0.249215 0.42816
0.469857 -0.284468
-0.0577244 -0.026202
-0.102605 0.925203
0.357482 0.190535
0.0619929 0.0995454
-0.765989 -0.0899078
0.381076 0.562933
-0.104514 0.029538
-0.984238 -0.0900742
-0.0876937 -0.778104
0.0123781 -0.0393763
0.514552 -0.432254
-0.566809 0.502634
0.0574765 -0.828118
-0.205089 0.39929
0.0949165 -0.00110819
0.130122 0.200322
0.273437 0.495521
0.418867 -0.0770497
-0.238632 -0.0663549
0.131465 0.0157131
0.023523 -0.0571054
0.0835787 0.152866
0.140109 0.228871
0.64951 0.21729
-0.133469 -0.8847
-0.776249 -0.345966
-0.480117 -0.384283
-0.895188 0.321788
-0.298288 0.216296
-0.750286 0.175755
0.397585 0.0236853
0.606074 -0.138482
0.171266 0.0527923
-0.838374 0.414618
0.538114 0.243766
-0.256327 -0.364783
-0.641187 -0.602558
0.491028 0.660323
-0.781697 -0.0382166
-0.0879977 -0.179174
0.222732 0.0715558
0.142107 -0.198432
0.22121 0.618533
0.290268 0.0466377
0.547119 0.235078
0.488359 -0.0191141
0.0569356 0.0473591
-0.0197186 0.957819
0.123826 -0.0981627
-0.00526373 -0.680159
0.675187 0.683864
0.216927 -0.337594
0.120582 0.736266
-0.97309 -0.177436
0.274774 0.678405
0.201331 -0.0438324
-0.226619 0.0734495
0.644205 -0.498889
0.500456 0.407619
0.052386 0.918988
-0.145922 0.0936209
0.00378916 0.234681
0.182966 0.486363
-0.219843 -0.449863
0.0362049 0.0780647
0.407913 0.124273
0.143958 -0.271044
0.839225 0.290143
0.0371573 -0.03619
0.122633 -0.568608
0.0154647 -0.0640089
-0.249846 0.706832
-0.218589 -0.093752
0.148006 -0.133323
0.491719 0.459895
0.0708876 -0.102027
-0.334426 0.409739
0.0897328 0.0282435
-0.456714 -0.309458
-0.470812 -0.552886
0.445573 0.634918
0.594693 0.339542
-0.879636 -0.432733
0.132783 0.0272231
-0.0919825 -0.440358
-0.812018 -0.0804276
-0.462563 -0.202523
-0.0370639 -0.81895
0.12924 0.0154925
0.206279 -0.591144
0.000293727 -0.138667
-0.321875 -0.564797
-0.00401653 -0.109211
-0.380025 -0.606933
-0.316881 0.120245
0.22456 0.196961
0.591692 -0.0615744
-0.175558 -0.0897333
-0.27623 0.482827
0.606937 0.0233576
-0.0442572 0.0231213
-0.491107 -0.176423
-0.538449 0.829645
0.217998 0.202723
0.320054 -0.166148
-0.922649 0.00418778
-0.604948 -0.297469
0.0347695 -0.163174
0.23495 -0.212636
-0.247898 -0.368808
-0.0141402 -0.324899
0.675331 -0.370748
0.711542 -0.147035
-0.101459 0.484793
0.239917 0.180567
-0.170149 0.233549
0.196085 -0.488151
-0.901015 -0.085857
0.0445527 0.145756
-0.632221 -0.0518503
-0.118547 -0.0443721
0.00385329 -0.0116822
0.0558742 0.117089
-0.551576 0.192254
0.0610741 0.0110552
-0.0777967 0.066637
0.538137 -0.552938
-0.307346 0.00356767
0.273038 -0.79482
0.495229 0.603895
0.819318 0.385188
-0.446003 0.205075
-0.699254 0.535478
0.926072 0.195717
-0.523123 -0.291331
-0.0842394 -0.539636
-0.128673 -0.0495226
-0.0580928 0.522845
0.567798 0.470825
0.219335 -0.679721
0.0564083 -0.126693
0.158012 -0.0999136
-0.689069 0.0246147
-0.401219 -0.0763225
0.110364 0.275712
0.197883 0.640741
0.136903 0.220267
0.403712 0.488503
-0.488083 -0.26937
0.0962343 0.144038
-0.0307898 -0.158164
-0.267195 0.840146
-0.232414 0.152306
0.563939 0.0550401
-0.0997553 0.508157
-0.451646 -0.678605
0.0975099 0.00129468
0.130679 -0.551531
0.490423 -0.0769958
0.0853805 -0.305228
0.164113 -0.0128671
-0.88424 0.457833
-0.102386 -0.108306
-0.152176 -0.543126
-0.0167578 -0.209061
-0.594021 0.625721
-0.016095 -0.456386
-0.0649565 -0.666715
0.0128929 0.151515
-0.361666 -0.657068
-0.474547 -0.206026
-0.245071 -0.215674
0.444426 -0.352587
0.370092 0.156666
-0.168996 -0.851873
0.838683 0.176931
0.42547 -0.563866
0.28108 -0.360404
0.47812 0.0637426
-0.200011 -0.525141
-0.675099 0.34548
0.0137185 0.0614338
-0.0182209 -0.168125
-0.410623 0.856203
-0.30183 -0.921117
-0.987604 0.0830457
-0.109038 0.2413
0.0500682 -0.0883003
-0.210759 -0.00449459
0.786963 0.428015
0.00414768 -0.222186
0.101253 -0.048736
-0.549121 -0.255971
0.666678 0.412589
-0.334868 0.486389
-0.454191 0.63447
0.426071 -0.642195
0.524042 -0.208278
-0.57398 -0.0487706
-0.250438 -0.0733663
-0.00274834 0.213076
-0.0316957 0.00443245
0.380663 0.423722
0.0588629 -0.304341
0.174579 0.612511
0.544356 -0.665387
0.944042 -0.167461
-0.72367 -0.311166
-0.487376 -0.235939
0.440879 0.481471
-0.837861 0.374425
-0.181511 -0.445309
0.26547 0.0767571
0.376836 -0.502612
0.428269 -0.358147
0.0532726 -0.394163
-0.127673 0.0603224
-0.0607653 -0.241747
-0.524681 -0.204877
0.1513 0.467332
-0.453187 0.616389
-0.00970358 -0.0584984
0.184923 -0.264776
0.190008 -0.217051
0.390622 -0.150981
-0.515303 0.852853
-0.370619 0.0531681
-0.014541 -0.0202153
-0.298628 -0.428286
0.440293 0.243516
0.440473 -0.316252
-0.345867 -0.778406
0.266206 0.196116
0.309863 -0.243774
0.496598 -0.435189
-0.08392 0.0425202
0.134852 0.194134
-0.13895 -0.0543433
-0.00037488 0.00015482
-0.370315 0.206042
-0.33234 0.182113
0.0160436 -0.755523
0.171476 -0.881008
-0.35373 0.195451
0.362155 -0.238596
0.494359 -0.0753275
-0.482609 0.648261
0.424046 0.504952
0.427418 0.149789
0.0247972 0.0213702
0.656454 0.671578
0.243008 0.480627
-0.10679 -0.259039
-0.140382 0.721297
0.0681346 0.105315
-0.699516 -0.0193404
-0.556324 0.159821
-0.254942 0.0381382
-0.124087 -0.200829
-0.432853 -0.784539
-0.452135 0.345775
-0.463342 0.449704
-0.253711 0.703597
0.156901 0.49178
-0.341902 -0.108574
-0.0930018 0.299968
0.406149 -0.540076
0.45532 -0.129378
0.140381 0.521836
-0.119351 -0.204211
0.337808 -0.142881
0.160377 -0.0570478
-0.352379 0.171259
-0.292966 -0.3037
-0.0372582 0.0818309
-0.160874 -0.250397
0.669276 -0.24899
-0.0354555 0.00862215
-0.234906 -0.0807426
-0.518314 -0.413233
0.100564 -0.014677
0.15492 -0.891612
-0.598677 0.574239
-0.501808 0.534738
0.575998 -0.110443
0.034237 -0.0103507
0.247402 0.871737
-0.266766 0.858385
-0.273023 0.572188
-0.151137 -0.913399
0.106117 0.629982
-0.230831 0.305641
-0.145877 0.0807916
-0.701881 0.414196
-0.962804 0.134793
0.0199195 0.00996473
0.408098 -0.20074
-0.18231 0.831451
-0.263474 -0.154752
0.509478 -0.410536
-0.203861 -0.515527
-0.81947 0.207468
-0.0326091 -0.895462
-0.745017 -0.14233
-0.0260987 -0.0595997
-0.0725006 -0.243376
-0.591881 -0.688249
0.0507507 0.0256604
0.0391261 -0.0407059
0.481741 0.0876838
-0.348731 -0.0261866
0.0344162 -0.0965266
0.420706 -0.126012
-0.00294075 -0.0888149
-0.0231134 -0.537708
0.532061 0.349863
-0.430495 0.0486022
-0.264284 0.485887
-0.0854261 0.209572
-0.220903 0.83045
0.754144 0.650467
0.818459 -0.566342
0.71029 0.24153
0.341114 -0.916762
-0.905198 0.185541
-0.124095 0.826079
0.90594 -0.373078
-0.0683068 0.0381552
0.443629 0.773293
-0.147955 0.069948
0.283678 -0.864935
-0.289478 0.434728
0.251427 0.128908
-0.67174 -0.037439
-0.379153 -0.0775526
-0.593285 0.537024
0.182148 -0.619147
-0.22712 0.174766
-0.0784217 0.84407
0.0275275 -0.200428
0.712157 0.171721
-0.0106611 -0.0441861
0.695404 0.684092
0.0880195 -0.0973533
-0.0809571 0.279303
0.089794 0.282793
0.0400493 -0.0865212
-0.391988 0.378015
0.182219 0.875639
-0.173821 0.869546
-0.289031 -0.691482
-0.524507 0.407686
0.459739 -0.14653
-0.381808 0.692133
0.215416 -0.00979467
0.0966019 -0.0325962
0.0182827 0.0243207
0.66007 0.0245234
0.0703367 -0.261819
-0.807708 -0.331011
0.0419402 0.0758482
0.316102 0.694406
-0.349635 0.924715
0.41531 -0.375507
-0.495664 0.17267
-0.0250403 0.162487
0.0634371 -0.117621
-0.498711 -0.44619
-0.754675 0.195611
0.945972 -0.0282255
0.431691 0.135322
-0.937974 0.101585
-0.155438 -0.118989
-0.47818 0.101048
-0.255399 0.302312
-0.0285818 0.00316894
0.137688 -0.513101
-0.659272 -0.0826976
0.0159349 0.0979701
-0.28641 -0.283317
-0.61194 -0.275233
0.302351 -0.84607
-0.360755 -0.163292
0.189608 0.375647
-0.0183217 0.0202168
-0.169468 0.0217468
0.312869 0.27345
-0.736677 -0.619473
-0.684877 0.216561
0.0589157 0.0513223
0.636351 0.505832
-0.332649 0.495109
-0.0615989 0.896503
0.863939 -0.0115382
-0.0513703 0.48253
0.34559 0.51717
-0.827251 -0.107052
0.119595 0.953397
-0.0648682 0.0596577
0.303654 0.269114
-0.663764 -0.346659
0.304983 0.51101
-0.646131 -0.244705
-0.652842 0.418827
0.0053867 -0.00705588
0.228076 -0.47095
0.701322 0.656529
0.105195 -0.128329
0.37395 0.0712133
0.570583 -0.639654
-0.294292 0.0387382
0.015077 0.0162547
0.99398 -0.106331
0.30757 0.189229
0.0385672 -0.36265
0.153654 0.132963
0.102635 -0.32777
0.271434 0.0595639
0.335971 0.117472
-0.292924 0.333128
0.887721 -0.187515
0.125979 -0.137617
-0.0520112 0.0692666
-0.711956 0.148419
-0.329902 -0.193488
-0.143226 -0.300865
-0.0390976 0.050152
0.747133 0.313566
0.160451 0.297972
-0.0438441 -0.14452
-0.571421 0.744168
-0.16164 0.800495
0.12639 0.0853655
-0.315648 -0.0167429
0.00900845 -0.147803
0.820882 0.29779
0.675871 0.266613
0.356981 -0.851567
-0.241034 -0.334513
0.0778463 -0.269447
-0.177591 -0.153976
-0.142627 0.452085
-0.20733 0.946632
-0.127909 0.338523
-0.454203 -0.0369132
-0.00834599 0.0065626
0.404638 -0.766927
0.670519 0.0831852
0.920574 -0.0477577
0.477977 0.22451
-0.611532 0.43668
-0.12408 0.0172649
0.43974 0.138734
0.203826 -0.207934
-0.629613 -0.304234
0.612068 -0.268012
0.116121 0.144431
0.131671 0.192169
-0.353037 -0.239379
0.341124 -0.311411
-0.106135 0.0185187
0.272753 -0.043437
0.286161 -0.0893157
0.176604 0.978703
-0.934113 -0.133473
-0.0986653 -0.274268
-0.800359 0.461526
-0.129796 0.11443
-0.453671 0.10378
0.132026 0.222141
0.0321014 -0.0159549
0.0178289 0.0973471
-0.0338751 0.0598981
-0.375404 0.0109604
0.483996 -0.790324
0.368766 0.0811828
-0.176173 -0.255027
-0.00721603 -0.0059495
0.605459 0.0146947
-0.791857 -0.253102
0.377371 0.367071
-0.232484 0.0749821
-0.468354 0.267875
0.834944 0.0259133
0.73293 0.489788
0.147244 -0.0841474
-0.00236727 0.0202093
0.117362 0.0736154
-0.598119 -0.0531407
-0.575985 -0.0994983
0.341643 -0.0829021
-0.296443 -0.477118
-0.555516 -0.265958
0.0482537 0.266928
0.459592 0.34542
0.619627 0.458426
0.224368 0.0212816
0.0516588 -0.549298
-0.328007 0.281691
-0.300791 0.708669
0.446451 -0.178537
-0.231247 -0.00170508
-0.142197 0.15182
0.212092 -0.550919
0.402022 0.787179
0.0306416 0.334311
0.109487 -0.0822871
0.0161257 -0.896826
0.230259 0.407998
0.938369 0.262514
-0.00821437 -0.270678
-0.144749 0.00347689
-0.250707 -0.717694
0.0921604 0.244296
0.082003 0.016158
-0.465564 -0.199407
-0.0747735 -0.967532
0.0285064 0.0590595
-0.0599221 -0.0892709
0.985482 -0.0532209
-0.366094 0.74575
0.222218 -0.0456902
0.156734 0.154461
-0.271391 -0.667528
-0.0989586 -0.274787
-0.675595 -0.281661
0.314637 -0.307801
0.0181116 0.056197
-0.244555 0.518479
-0.217107 -0.327546
0.28332 -0.207381
-0.0961171 0.199277
-0.146115 0.620181
-0.016714 -0.499676
-0.939534 0.0776668
0.108306 -0.72808
0.787677 -0.18671
0.728483 0.136866
-0.0843095 0.0206244
-0.519933 0.495314
-0.149144 0.0484015
-0.772311 -0.538869
0.326801 0.00157635
0.645251 -0.468399
0.117568 0.298601
-0.262071 -0.491388
0.0157905 -0.088339
-0.143698 -0.983101
-0.0649228 0.0026517
0.471024 0.0228539
0.257684 0.945905
0.193708 -0.756822
-0.168934 -0.0239862
-0.0382071 0.818545
-0.957017 -0.229988
0.402291 0.492968
-0.871326 -0.464898
-0.290534 0.678431
-0.564548 -0.127534
0.173255 -0.126399
0.0971302 -0.719133
0.228378 -0.524112
-0.503972 -0.21905
-0.407922 -0.35734
0.0585353 0.0051183
0.603496 0.15146
-0.182004 0.126331
-0.645942 0.519638
-0.551482 -0.743719
0.548789 -0.347584
-0.0415801 0.181279
0.0236542 0.045417
0.210795 -0.837779
-0.456652 0.172014
-0.0955649 -0.310205
0.325426 0.106313
0.406392 -0.243591
0.856378 0.126403
-0.401373 0.261998
-0.619654 -0.151132
-0.0265675 0.421003
-0.358367 -0.452486
-0.551587 0.36869
-0.0301122 -0.0189348
-0.0216593 -0.0502016
0.0292902 0.498622
-0.922223 -0.304069
0.210751 -0.356622
0.277757 -0.195951
-0.14205 -0.238519
-0.440864 -0.413818
0.62966 0.338258
-0.467285 -0.25851
0.101424 0.0085215
-0.0645385 -0.986272
-0.465986 0.294814
0.690569 0.722755
-0.0278428 -0.0458166
0.45305 0.284266
-0.213539 -0.134619
0.0093016 -0.774301
-0.0239125 -0.829839
0.0105984 0.302415
-0.362808 -0.452982
0.0920293 -0.114167
0.00249827 -0.307022
0.473467 0.065256
0.827409 0.0623374
0.547353 -0.251145
-0.0213175 -0.0136419
-0.594652 -0.311147
-0.000393585 -0.000724161
0.664488 0.236581
0.0205549 0.333224
-0.123025 -0.0741069
0.721951 -0.408922
-0.181394 -0.285438
-0.420288 -0.513273
0.0354604 0.90363
0.268918 0.0891862
-0.0857766 -0.0547033
-0.703807 -0.385071
-0.413363 -0.45151
0.131338 0.576885
-0.418115 -0.377848
0.0773363 0.801252
0.0665209 -0.181897
0.729256 -0.536683
0.057742 0.858297
0.13918 0.00337472
0.809923 -0.160107
0.475243 0.78989
-0.540805 -0.320889
-0.78719 -0.166453
0.705691 0.434997
0.529663 -0.246306
-0.512687 0.444076
-0.128245 0.494027
0.0147528 0.0110114
-0.439328 -0.248615
-0.263721 0.668893
0.696794 -0.425897
-0.020158 -0.113799
0.802349 -0.12291
0.916072 -0.291742
0.225721 -0.953307
0.749261 -0.533635
-0.906618 -0.286464
0.0164944 -0.486454
-0.032856 0.0749917
-0.424686 -0.728571
-0.244182 -0.0333175
0.00225334 -0.0523508
0.732959 0.349462
-0.350009 0.784343
-0.576128 -0.306892
-0.615037 0.119676
-0.024208 -0.489983
-0.0617943 0.181267
0.411285 0.588471
-0.081847 -0.239628
0.436742 0.832289
0.463348 -0.379806
0.619305 0.370746
0.213776 -0.609722
-0.400687 0.0266647
-0.280779 -0.376508
-0.0109012 -0.00152178
0.179286 -0.363004
-0.0511906 0.590669
0.0038198 0.139762
0.0865048 -0.8372
-0.353262 0.62171
0.423404 -0.281659
0.0934274 0.627612
0.0452984 -0.0385668
0.924091 -0.00341408
-0.0601901 -0.00884284
0.181235 -0.871485
-0.593344 -0.137501
0.584993 0.0391728
0.0240955 0.00884274
0.64125 0.150434
0.532618 0.224642
0.409713 0.755775
0.327281 -0.00102738
0.203121 0.363714
0.518458 0.563724
-0.076588 0.495291
0.0251538 0.0287876
0.409409 0.288588
-0.0208966 0.0106482
0.0838265 0.049071
0.945176 -0.0758021
-0.811381 -0.305311
-0.50106 0.151649
-0.54103 -0.172687
0.0746594 0.503702
0.49998 0.305347
-0.273281 0.0973549
-0.191094 -0.173633
-0.202577 -0.396254
0.191144 0.76274
-0.188278 0.784152
0.271959 -0.401983
0.421628 -0.0365564
-0.889961 0.309944
0.398616 0.10107
-0.337003 0.410291
-0.0214567 0.0160314
-0.871335 -0.284871
-0.84714 0.0820048
-0.0635466 0.0765159
-0.281191 -0.653275
0.447548 0.00372807
-0.0359036 -0.12582
-0.549723 -0.283917
-0.314793 0.213822
0.303455 0.725922
-0.0959993 0.685856
0.0236415 0.021042
0.254938 -0.0419604
-0.272188 -0.492162
0.0112916 0.00750544
0.0281116 0.00728238
0.462988 -0.164193
-0.323775 0.493981
-0.158201 -0.400272
0.442338 0.545936
0.22026 0.303997
-0.142839 -0.00560954
0.0626591 -0.853671
0.00695113 0.0818277
0.113285 -0.122292
0.268388 -0.327591
-0.135486 0.039229
-0.786691 0.57596
-0.417382 -0.0999474
-0.0645992 0.0242986
0.514793 0.364503
0.347941 0.335121
0.0392008 0.019577
-0.458274 0.0748914
0.380528 0.662274
0.394884 0.472576
0.0175111 -0.316723
0.299613 0.571713
-0.0730539 -0.515299
-0.15761 -0.378156
0.297759 -0.516872
-0.0426801 -0.544723
-0.285727 -0.0386262
-0.02777 -0.13413
0.0160503 0.0565599
-0.0593972 -0.148834
-0.188863 -0.23828
-0.468195 0.662914
-0.116319 0.70755
-0.816148 0.0986321
-0.409669 0.168401
0.0394672 -0.618818
-0.0191758 0.195782
-0.191158 -0.913525
-0.547841 0.828352
-0.341884 -0.215849
0.167799 -0.0536907
-0.319081 0.0723648
-0.460179 0.105418
-0.178595 -0.0351079
-0.36709 0.560668
0.217569 -0.0355785
0.965691 0.197064
-0.0944292 -0.307916
0.190045 0.24234
0.00103948 -0.183497
0.192262 -0.549415
0.0919804 -0.502693
-0.0649316 0.023677
0.45853 0.189048
0.637831 -0.461614
0.634825 -0.148084
0.843647 -0.111688
-0.189772 0.383664
-0.341419 -0.282611
0.64637 0.55814
0.84998 0.429446
0.0809835 -0.0333057
-0.0897863 0.0572697
-0.550246 0.327907
0.248439 -0.494937
0.108677 0.124644
-0.279977 -0.561707
-0.300463 -0.86392
-0.102222 0.0642873
0.635928 -0.414281
-0.263411 0.165231
0.457983 0.741614
-0.119696 0.37106
0.24191 -0.42043
-0.48289 0.770965
0.612485 -0.721562
0.404101 0.0877349
-0.793602 -0.100314
-0.412974 0.162134
0.934359 -0.014963
0.214134 0.155263
0.10385 -0.0836122
0.741212 0.230598
0.469802 -0.355001
-0.26447 0.374726
0.0988949 -0.799018
-0.336988 -0.679698
0.554448 0.748581
-0.845418 0.488508
0.74087 -0.64399
0.679856 -0.329891
0.363778 0.653733
-0.918613 -0.286069
-0.571925 0.384565
-0.704785 -0.693125
-0.007616 0.403166
-0.70451 -0.164761
-0.145122 0.000206636
-0.0587849 -0.581605
0.382242 0.106437
0.0243427 0.0780759
0.437399 -0.685099
-0.0310625 -0.878094
0.606399 -0.781246
0.158245 -0.029559
0.641827 -0.370656
-0.896678 0.0603832
0.0550565 -0.0658464
0.00584811 -0.0368859
0.26311 0.0431194
-0.192387 -0.349209
0.200601 0.193705
-0.183319 0.0948886
0.158424 -0.601476
0.156852 0.0185889
0.053782 0.832476
-0.133014 -0.176079
0.0650571 0.0468412
0.355052 0.164731
-0.903133 -0.308494
-0.0133383 -0.0374427
0.434403 -0.176886
-0.173958 -0.062464
0.139005 0.78711
0.302006 0.132744
-0.033267 -0.245792
-0.725289 -0.12373
0.795291 -0.302296
-0.937017 0.161738
0.568365 0.463153
-0.44816 -0.201976
-0.0819145 -0.338793
-0.193275 0.0928534
-0.638664 -0.500738
0.0497406 -0.495367
-0.153818 -0.0370365
-0.321658 -0.330883
-0.28871 -0.378525
-0.0288867 0.17981
-0.866005 -0.0654605
0.253834 0.228096
0.212963 0.111952
0.540181 0.349525
-0.0159434 -0.010729
0.00848936 -0.564135
0.66037 0.241362
0.303091 0.101968
-0.750344 -0.163796
-0.421571 -0.230291
0.138725 -0.0190953
-0.103141 0.329747
0.180706 -0.483147
0.924298 -0.0470996
0.353535 0.283648
-0.116416 0.24056
-0.481102 -0.390475
0.279807 -0.337289
0.597304 0.33644
-0.266891 -0.913428
-0.672579 -0.0670715
-0.331298 0.315006
0.0962744 -0.563423
-0.229851 0.364195
0.263782 -0.165009
-0.876261 0.277581
-0.0818871 0.885484
-0.620091 0.420858
-0.032556 -0.0638149
-0.392146 -0.061853
-0.40154 -0.671657
-0.69161 0.488325
-0.0592884 0.266232
0.253413 -0.067971
0.0822195 0.357175
0.639625 0.174682
0.531378 0.50026
-0.13375 0.399655
0.53687 -0.718765
0.16612 0.619101
-0.709235 -0.281716
-0.37953 -0.53929
-0.693304 0.446892
0.0457598 -0.0348126
-0.0803917 0.0236349
0.281296 -0.313756
-0.013417 0.117974
-0.208458 0.169194
-0.542542 -0.106504
0.305891 -0.169639
0.742422 0.0599811
-0.949669 0.152546
-0.0988344 0.0890454
0.762151 0.146219
-0.204136 0.117202
0.238435 -0.00220959
0.782936 -0.584795
0.209221 -0.616384
-0.0792351 -0.296363
-0.539839 0.443371
0.118783 0.111494
-0.0507454 0.251831
-0.383067 -0.0615913
0.627231 -0.244318
0.0556414 0.00806739
0.271314 -0.816394
0.0156535 -0.0321368
0.134679 0.240585
0.194654 0.0656437
-0.185346 0.072291
-0.433007 0.179708
-0.414332 0.146104
0.282796 0.180122
-0.155674 -0.193214
0.754309 -0.262512
0.0316798 -0.00779629
-0.0163823 0.0646174
-0.233434 0.0683781
0.704974 -0.408726
0.272771 -0.28643
-0.0343907 0.938664
0.663929 -0.104985
0.0738266 -0.0250725
-0.0299534 0.140664
-0.550215 0.834616
-0.710047 0.142502
0.403261 0.667847
0.684317 0.60668
0.132413 0.216527
0.716677 0.245315
0.0272758 -0.105888
0.00631458 0.0125892
-0.00366499 0.0795577
0.497176 -0.387996
0.171358 0.0284523
0.580643 0.499065
-0.260767 0.107393
-0.0561103 0.06784
0.0438789 0.383213
-0.483611 0.424326
-0.386941 0.424809
-0.522363 0.675429
0.0611898 -0.527587
0.102368 -0.458933
0.12996 0.921908
0.810624 0.210134
0.0106191 -0.0143297
0.177044 0.124392
0.0623134 -0.0892222
-0.201364 0.971358
0.0419831 -0.872207
0.221843 0.32746
-0.194437 0.0201468
-0.44961 -0.251592
0.388671 0.600637
-0.24062 0.936144
0.225313 -0.475491
0.603477 0.227154
0.44161 0.38945
-0.835698 -0.104658
-0.146625 -0.309788
-0.358627 0.430357
0.088265 -0.523759
-0.292031 -0.352882
-0.593149 0.192489
-0.922321 0.0184425
-0.0861124 0.189021
-0.535097 0.372614
0.398181 0.695715
-0.978759 -0.105104
0.310511 -0.0988263
0.482679 -0.646822
-0.736396 0.229692
-0.580473 0.69995
0.00553588 -0.566876
0.741952 -0.473227
-0.401133 0.158187
0.26268 -0.0633403
-0.0295254 -0.214769
0.32398 -0.507759
-0.17615 -0.0276943
-0.254376 0.221364
0.840935 -0.0568426
-0.485842 -0.621949
0.0231278 -0.154807
-0.160494 0.0178371
0.710461 -0.142251
-0.334308 0.00851041
0.0165205 0.420104
0.853431 -0.0680727
-0.0864308 -0.991539
-0.802998 0.399687
0.0876976 0.153032
-0.304478 0.241843
0.894052 -0.0497559
0.208928 0.104394
-0.465803 -0.221931
-0.290449 0.356417
0.00354698 0.560012
-0.000684745 -0.00320975
0.0115305 0.0194313
-0.00355354 -0.198901
-0.130398 -0.0277299
-0.229377 -0.0805396
0.630834 0.453786
0.0758733 -0.535728
-0.772907 0.317053
0.198342 0.0147175
-0.51559 -0.316958
-0.404952 -0.00167582
-0.373142 -0.442565
0.47539 0.322411
0.204469 0.0446033
0.0548833 -0.450341
-0.272881 0.0756571
-0.166784 0.456325
-0.247696 -0.570247
0.00167351 -0.0529
-0.0622143 0.20907
0.308637 -0.00926555
0.232039 -0.320007
0.0929081 0.761972
0.281542 -0.0601471
0.189825 -0.150871
-0.332956 -0.443067
0.263909 0.292254
0.280252 -0.0567807
-0.22785 0.00683973
-0.000986204 -0.00215257
-0.058584 0.257956
0.000326083 -0.13858
0.0382393 -0.590074
-0.268352 -0.342561
-0.29423 -0.42308
0.422175 -0.840166
-0.332051 0.557053
-0.582517 0.338962
0.550055 -0.134419
0.137985 -0.356881
0.788561 -0.330378
0.00358214 0.456137
-0.00347232 -0.0698739
-0.0643245 0.207179
0.0454904 0.232921
-0.979472 -0.0113624
0.372078 0.341213
0.20757 0.143282
-0.336781 -0.811292
-0.581445 0.458376
-0.143754 -0.308848
0.217355 -0.0148064
0.0126141 -0.010195
-0.352108 -0.200721
0.201521 -0.829545
-0.100506 -0.378046
0.41612 -0.593428
0.265629 -0.919807
0.269804 0.524051
0.0429697 -0.0820909
0.353825 0.172495
0.263979 -0.195677
-0.1663 -0.0925365
0.903326 0.416294
-0.0251868 -0.267007
-0.358454 -0.292228
-0.176199 -0.376509
-0.544144 0.248092
0.572029 0.0119783
-0.0128439 0.0064606
-0.655985 0.442468
-0.133787 -0.0135339
0.211916 0.137995
0.170324 -0.259962
-0.218694 0.151764
-0.359117 -0.564515
0.47559 -0.00700831
-0.281316 -0.482249
-0.546763 -0.188885
0.419278 -0.603294
0.0938588 0.272245
-0.13074 -0.436354
0.828293 0.289713
-0.128858 0.0421802
0.0334457 0.0460119
0.5063 -0.714228
0.554434 0.0347001
0.130665 -0.339943
-0.0462333 -0.0907097
-0.439469 0.479894
-0.0332928 0.0710098
-0.026242 -0.00927456
-0.272065 -0.163533
0.174612 -0.133866
0.133481 -0.0390492
-0.665908 0.328585
0.048665 0.143856
0.128496 0.0239792
-0.0257276 0.250316
-0.172181 0.447
-0.254082 0.329725
0.154206 -0.0276294
-0.361318 -0.0476104
-0.762714 0.164192
-0.177664 0.0823741
-0.126666 0.824588
0.486064 -0.572067
0.753627 0.343761
0.427705 0.13408
-0.822572 -0.502686
-0.000822587 -0.00293966
0.00807231 0.0118648
0.55418 0.715047
0.10234 0.153251
-0.213183 -0.351816
0.217834 -0.410605
-0.0128538 -0.0122961
-0.590354 0.539022
-0.12489 -0.0682517
-0.446303 0.72162
-0.00430797 -0.00957989
0.042997 -0.610902
-0.507501 0.198209
0.828506 -0.0361316
0.131443 -0.471095
-0.579661 0.0286455
-0.413938 -0.280243
-0.534114 0.36525
0.361835 -0.645256
0.326363 0.456091
0.488229 0.0793463
-0.9758 -0.0763168
0.114033 -0.636987
0.219422 -0.867326
-0.0154323 -0.357461
-0.0863426 0.0939388
-0.0267286 -0.425036
0.127295 -0.023695
0.174715 -0.0462955
-0.465185 -0.844075
-0.723339 -0.205925
-0.00199566 0.161962
0.0503329 -0.129417
0.474721 -0.453466
0.130524 0.626929
0.0197018 0.0223492
0.24262 0.0130817
0.499076 -0.412417
-0.759427 -0.205602
0.417967 0.535775
0.100168 -0.267045
-0.124143 -0.497606
-0.342513 -0.426642
-0.0945251 -0.675214
-0.36672 -0.476293
-0.240171 0.316987
-0.176534 -0.0694738
-0.28677 0.532894
-0.0269776 0.367717
0.20688 0.0118125
0.0390496 0.477393
-0.0252539 -0.141854
0.0633327 -0.237277
0.599446 0.123549
-0.0861418 0.322279
-0.129867 -0.120132
-0.0364613 -0.0916998
-0.20088 -0.261683
0.331211 0.0243769
0.341253 -0.152223
0.0879521 -0.651353
0.16392 -0.234871
0.257137 -0.208479
-0.0545226 -0.166868
-0.113504 0.102934
-0.477983 -0.523404
0.373371 -0.49469
0.234821 -0.265138
0.629952 -0.13575
0.889152 -0.123663
0.22997 0.116485
-0.370134 0.468172
0.684757 -0.339702
0.0018676 0.00129504
-0.667445 0.659629
-0.0245083 -0.0168055
-0.0594601 0.134764
-0.438544 0.0600773
-0.153017 -0.140452
-0.114307 0.136538
0.000725086 -0.000624139
-0.720829 -0.683187
-0.424695 0.605737
-0.363002 0.323292
-0.233627 0.209107
-0.326434 -0.156949
0.44331 -0.116747
0.157714 0.914297
0.801598 -0.376758
0.143392 -0.285301
-0.178349 0.248663
-0.40185 0.121394
0.431749 -0.505993
0.649865 -0.667555
0.370877 0.305681
-0.232229 0.02701
0.143889 0.986154
-0.00874333 -0.101932
-0.487932 -0.302816
0.0918374 -0.0781376
-0.966524 0.104955
-0.416204 0.193837
-0.334915 0.288133
-0.305856 0.577445
0.312367 -0.0540027
-0.108563 -0.105882
-0.28991 -0.139623
0.0760618 -0.00625623
0.433316 0.0216872
0.738615 -0.440122
0.0979015 0.0652791
0.298284 0.260535
-0.32052 0.00332118
0.671478 -0.522223
0.0853378 -0.0155982
0.729512 0.283322
0.0235924 0.453399
0.38838 -0.298092
0.391411 0.491938
0.210444 -0.0747885
-0.0818675 0.0818825
-0.525471 0.217391
-0.580146 -0.747755
-0.309956 0.290058
-0.139667 0.63783
0.0380648 -0.292281
-0.137361 -0.352057
-0.281665 -0.838851
-0.0171808 -0.188363
-0.0961031 0.585404
-0.50237 0.497113
0.178068 0.283583
0.278442 -0.551229
0.00134466 0.0565598
-0.180774 0.950439
0.166205 0.0958663
0.0433218 -0.653465
-0.418816 -0.309617
0.38184 -0.136542
0.916114 0.352507
-0.0378375 0.226513
-0.646847 -0.518604
-0.217202 -0.942431
0.169953 0.254463
0.362364 -0.265929
0.240167 0.359302
0.0293829 -0.273502
0.247558 -0.197976
-0.414439 0.422001
-0.129438 -0.0502674
-0.317428 0.5712
-0.230307 0.599506
0.0474122 0.0779814
-0.909506 0.0183898
0.0840792 -0.0684202
-0.291755 0.472413
-0.125262 0.111394
0.626392 0.708386
-0.000993479 0.0982599
-0.278052 -0.085994
-0.0252581 -0.148719
-0.629079 0.315942
0.486018 0.0643338
0.277471 0.156502
-0.380472 0.104291
0.611794 0.19024
-0.161819 0.771357
0.258868 -0.244902
-0.0448918 0.443703
-0.354456 -0.126026
0.142958 -0.0657013
-0.404956 0.795252
0.165877 -0.268672
-0.394253 0.236457
0.000434738 -0.0896385
0.0574466 0.960038
-0.239448 -0.409069
0.649675 -0.148418
0.683604 -0.0647223
0.0401371 0.0224504
-0.171405 -0.407842
0.0157486 0.128185
-0.965571 0.0881848
-0.0948384 0.0556396
-0.748708 0.0653271
0.815278 -0.525432
0.270895 -0.317794
-0.0244369 -0.232567
-0.243146 -0.656817
0.0366613 -0.142722
0.343951 0.281318
0.0265772 -0.0149738
-0.253661 -0.732128
-0.85688 0.211499
0.61439 -0.295811
0.385421 0.381999
-0.290281 -0.542481
-0.305588 -0.180343
-0.153473 0.0345189
0.000345097 -0.000222489
0.934469 -0.176209
-0.554228 0.601281
0.789316 0.265224
-0.0996706 -0.0210081
0.00366996 0.745156
0.119859 0.300023
-0.217094 0.285076
0.0722569 0.0800664
0.0504109 -0.00302978
-0.0656394 -0.591005
0.597773 0.698058
-0.836875 -0.183171
0.19372 0.785562
0.116502 -0.0249661
0.494293 0.461594
-0.610105 -0.627578
-0.0315076 -0.0841923
0.880258 -0.465513
0.608844 0.428645
-0.454699 0.0292842
0.062251 -0.341214
-0.188803 -0.652507
0.0305815 -0.128722
0.343511 0.764715
-0.70961 0.317913
-0.301339 -0.86417
0.0781791 -0.564872
-0.16767 0.158743
-0.578243 0.795442
-0.185782 -0.2916
0.0850521 0.461833
-0.267147 -0.10479
-0.186664 0.894758
-0.261826 -0.404774
0.351606 -0.145085
-0.0211759 -0.146866
0.335868 -0.632828
0.251369 -0.351806
-0.079762 0.609585
-0.0246009 0.019747
0.664649 -0.231073
-0.0133231 0.0879477
-0.305351 0.650538
-0.193876 -0.623848
0.669876 -0.00407047
0.231492 0.277999
-0.130761 -0.176981
0.465305 0.5216
0.390998 0.845422
-0.300232 0.733633
0.110722 -0.0429763
0.0199124 -0.0335713
-0.756365 0.13733
-0.508784 0.457076
-0.159657 -0.724744
-0.731295 0.259173
0.437366 -0.497264
-0.527355 0.489791
-0.128924 0.132204
0.0506358 -0.0656636
-0.349787 0.126721
-0.832255 -0.543561
-0.0327333 -0.0874855
0.717303 0.113003
-0.867957 -0.103223
0.336351 -0.0151354
-0.326684 0.323724
0.110778 0.820604
-0.844735 -0.0637713
-0.51838 -0.325604
-0.17346 0.147173
0.0269699 -0.0223912
0.00758402 -0.252719
-0.249994 0.103563
-0.07737 0.101688
-0.292041 0.000349059
-0.179387 0.777779
0.0713911 -0.0578557
0.405943 -0.890974
0.553337 -0.730579
-0.00670398 0.336814
0.245167 -0.809707
-0.288822 -0.558647
-0.0251491 0.00381651
-0.120747 -0.141545
-0.0558897 0.0337522
0.0206884 0.0150994
-0.0539125 0.298423
-0.7647 -0.382703
0.711808 -0.0767985
0.926201 0.0464792
-0.0738188 -0.477027
-0.262345 -0.132833
-0.0894578 0.610654
-0.383895 -0.0823917
-0.016212 -0.125273
0.774952 -0.136115
-0.454202 0.2659
-0.61252 -0.206481
0.441509 -0.774768
0.182481 -0.0505037
0.0537272 0.24003
-0.0546495 -0.0174624
0.420676 -0.257825
0.0311029 0.119079
0.850792 0.279046
-0.156621 0.150655
-0.774025 -0.0554135
-0.746033 0.592489
-0.442279 0.647973
0.785165 -0.492465
-0.0169491 -0.0728942
-0.710734 -0.52426
-0.127122 -0.0238835
0.151557 0.0201952
-0.198242 0.302885
-0.761567 -0.613773
0.5434 0.123196
0.149312 0.0491262
-0.179155 0.93089
0.143875 -0.216476
-0.327327 0.0471206
0.173513 0.137595
0.453618 0.878408
0.07244 -0.494607
-0.465343 0.230844
-0.567416 -0.381942
-0.128038 -0.057482
-0.0241245 0.193947
-0.0560287 0.0788347
-0.281048 0.074594
-0.0817723 0.685717
0.000935973 0.0666662
0.0497685 0.300276
-0.00439799 0.298322
-0.470694 -0.180508
0.0486244 -0.0824319
-0.014549 0.0324111
0.930711 0.142299
-0.45837 0.176799
0.795477 0.0537574
-0.862122 0.101873
0.604176 0.0321788
0.015106 -0.0460242
0.170272 0.219961
-0.135068 -0.062466
0.321606 -0.511102
-0.401138 -0.735563
0.0546177 0.0679169
-0.672785 0.589329
-0.317026 0.234875
-0.942023 0.0577399
0.23137 -0.0302378
0.36717 0.719094
-0.00104331 0.00330295
0.19322 -0.585202
-0.307947 0.0302921
0.242277 -0.144382
-0.238729 0.431188
0.0941825 -0.708709
0.311735 -0.359231
0.298433 0.162844
0.308132 0.63203
0.187872 -0.726128
-0.19703 -0.252163
-0.0388211 -0.171463
0.0313876 0.0293245
-0.0336827 0.202032
0.0986191 0.00759277
0.360996 0.2706
0.283432 0.127827
-0.656967 -0.619709
0.218628 0.506669
0.513877 0.148207
0.000771432 0.515641
0.814491 -0.0446997
0.0633986 0.0941602
0.0287815 -0.0646567
0.143531 -0.301024
-0.345866 -0.498763
0.095071 -0.455432
-0.367576 -0.0189638
-0.809369 -0.398938
0.784472 0.0061999
0.0526741 0.582739
0.0822983 -0.0629817
0.302811 0.012875
0.316272 -0.40821
0.182077 0.0607031
-0.236993 -0.867821
-0.0650734 -0.29386
-0.600389 0.357655
0.107095 -0.864394
0.065193 0.221764
0.310389 -0.502262
0.806024 0.29408
0.0930301 0.613842
-0.557904 -0.0818999
-0.463004 0.65111
-0.391348 0.349143
-0.404882 -0.420909
0.212551 -0.182422
0.182834 -0.607954
0.344249 -0.657341
-0.533648 -0.65866
0.317632 0.429699
0.0376148 0.354955
0.0777922 0.557784
0.000774147 -0.00270705
-0.36032 -0.239111
-0.158958 0.612127
-0.0133747 0.648788
0.119599 0.50246
-0.310368 0.711752
-0.176548 0.532694
0.427965 0.553313
0.921407 -0.118718
-0.029768 -0.0126326
0.118347 -0.767024
-0.27829 -0.274164
0.370659 -0.18884
0.110928 -0.764495
-0.0811166 0.135826
0.000466152 0.000745044
-0.11877 0.0528926
0.0589145 -0.751961
-0.593942 0.413588
0.000962355 0.015695
0.161437 -0.59447
0.24545 0.498553
-0.00304545 0.0930879
0.319289 0.0447476
-0.143622 0.185766
0.584659 0.0401462
0.127729 -0.0188416
-0.609406 -0.177474
-0.752785 0.49636
0.295774 0.116894
-0.311723 0.674344
0.154162 -0.158241
0.74311 -0.116804
-0.628149 0.0954927
-0.220302 -0.307631
0.715795 -0.025296
-0.060918 0.439088
-0.167091 -0.0389306
-0.526768 0.0199492
0.041926 -0.557017
0.521754 0.669404
0.765384 -0.107294
-0.101437 0.0665488
0.517477 0.0753618
0.440791 -0.685293
-0.0775242 -0.0294177
-0.0530607 0.150825
0.366646 -0.225888
0.255368 0.112438
-0.213277 -0.324254
0.56841 0.4372
0.347873 0.551183
0.167342 -0.337034
0.572458 -0.397316
-0.0108035 0.317139
0.334944 0.574945
-0.370325 0.15132
-0.142584 -0.0192576
-0.422245 -0.732923
-0.289764 -0.460857
-0.353831 -0.364212
-0.107998 -0.189817
-0.551871 -0.749973
0.143604 0.561726
0.700551 -0.143242
-0.78991 0.358772
-0.0717171 -0.00876263
-0.561839 0.188262
-0.083909 0.332266
-0.188561 -0.29721
0.541547 0.0593472
0.776941 -0.280619
0.447534 -0.0855325
-0.148202 0.442019
0.635352 0.0423196
0.591879 0.758565
0.269621 0.578103
-0.737019 -0.341322
-0.645828 0.52068
-0.748764 -0.215621
-0.217432 -0.286807
-0.889372 0.403855
-0.150605 -0.0700769
-0.879353 -0.0487169
0.0932607 0.853603
-0.138717 0.0962333
0.249924 -0.00801906
-0.0957308 -0.334893
0.380454 -0.886663
-0.00576108 -0.00427479
0.809821 -0.158024
-0.726052 0.17199
-0.139909 -0.0537362
0.0317408 -0.00412066
0.356501 -0.880974
-0.193791 0.486931
-0.457953 -0.00244107
-0.528046 -0.521909
-0.0501866 -0.0490298
0.119817 -0.057449
-0.273179 0.811054
0.261453 0.205121
-0.125239 -0.268864
-0.0582952 0.809467
0.207256 -0.449666
-0.368573 0.780381
-0.609775 -0.499223
0.724415 -0.297718
0.0667489 -0.15368
0.67689 0.619217
-0.58453 0.225207
0.369432 0.216518
0.450599 0.827602
0.706265 0.0554959
0.430878 -0.666672
-0.555126 -0.760214
-0.0211643 0.141452
-0.70179 0.279753
-0.870802 -0.390274
-0.665922 0.219198
-0.354914 -0.151241
0.354294 0.683216
-0.163842 -0.0564667
-0.0604089 0.0940763
0.361862 0.067133
0.458493 -0.0159963
0.35689 -0.306847
-0.0673312 0.0409795
0.0133689 -0.0560529
0.253138 -0.341966
-0.42096 0.466807
0.0678195 -0.496424
-0.0262662 0.639887
-0.174946 -0.118387
0.701707 -0.431165
0.0111263 0.0426466
0.185603 -0.438781
-0.225809 -0.309655
-0.366334 0.0114075
-0.0960169 -0.985905
-0.497907 0.164062
0.728625 -0.0233314
0.119511 -0.314368
-0.320629 0.252133
0.297608 -0.515318
0.040414 0.24201
-0.00453136 -0.20009
0.536287 -0.838432
0.000789493 0.00281713
0.201278 -0.385916
-0.117821 0.0153916
-0.0296575 -0.0202216
-0.256004 0.142548
-0.131872 -0.206439
0.0829801 0.910411
-0.364949 0.148687
0.490104 0.478385
0.429494 0.0575321
0.504809 -0.782132
-0.409619 -0.0674556
-0.359672 -0.570689
0.529129 -0.531023
-0.0129951 -0.406687
-0.603499 0.383952
0.556647 0.771597
0.213681 0.100963
-0.0876823 0.623728
0.588875 -0.310015
0.584806 -0.36877
-0.458947 -0.358554
0.144401 -0.0214968
0.021396 -0.0384219
-0.0985435 0.0141459
0.836516 0.162013
-0.0343503 0.316671
0.555901 -0.0241069
-0.320081 0.870727
-0.439823 0.748107
-0.0441883 -0.0254263
0.744323 0.0112735
0.728271 -0.0885591
-0.0475347 0.0549555
-0.0188086 -0.252269
0.269036 -0.0981277
0.440357 -0.47622
0.152107 -0.528433
-0.70246 -0.470113
0.588241 -0.212578
-0.0704669 0.0100137
-0.750288 0.623051
-0.730025 -0.147263
-0.179286 -0.338226
-0.00328471 0.837739
0.0053682 -0.00451378
0.00744954 -0.833692
-0.812505 -0.366007
0.713304 -0.165106
0.926799 -0.0868319
0.143513 0.687127
-0.549009 0.75
-0.0852835 0.0111238
0.131844 -0.0607695
0.00947311 -0.0726087
0.53956 0.690198
0.147546 -0.19956
0.533573 -0.0237783
0.331984 -0.191
0.121581 0.654134
-0.078532 -0.147985
0.109476 0.0008648
0.42377 0.00164102
0.31684 0.472165
-0.96441 0.00317549
-0.0707625 -0.122036
0.647462 0.307344
0.0055076 -0.0160168
0.288462 0.46816
-0.525097 -0.512825
-0.718542 -0.594759
0.322679 0.696391
-0.147028 0.437315
0.0971562 -0.144173
0.116153 -0.185102
-0.0491394 0.0427443
0.233357 0.455213
0.355765 -0.15312
0.168551 -0.0478967
0.0583245 0.0701775
0.0504904 0.452603
0.378869 0.711412
0.133998 -0.271599
0.586529 -0.778637
-0.252149 -0.952238
0.413823 -0.234949
0.013248 0.31857
0.0186365 -0.096984
-0.0771711 0.539513
0.0530411 -0.622335
-0.0413398 -0.103879
-0.106872 -0.104671
-0.841192 -0.198645
0.541495 0.137411
-0.289915 -0.398552
0.169803 -0.0572399
0.878415 -0.0819235
0.0477477 0.110495
0.667831 0.455082
0.0101437 -0.0364468
-0.801024 -0.069123
0.509523 0.495917
0.277715 -0.70431
-0.290315 0.855124
-0.0811485 -0.0142431
0.022542 0.0616285
0.0471345 0.212202
0.71216 0.401488
-0.535804 0.527826
0.00383637 0.121194
-0.00813558 0.0248021
0.162043 -0.105238
-0.111113 0.263149
0.077656 0.0519165
0.277496 0.300171
0.205501 0.862858
-0.526468 -0.372538
-0.274028 0.193803
0.0289383 0.40676
-0.702778 0.0434317
0.094811 -0.760462
0.680792 -0.0698709
-0.984883 -0.0117808
-0.00530735 -0.0652087
0.340216 0.809511
0.809439 -0.556065
0.220452 0.434386
0.11585 -0.804228
0.405931 -0.272375
0.693402 -0.51973
0.000829826 -0.0371758
-0.0456736 -0.10053
-0.33156 0.116894
0.00494156 -0.0840131
0.163102 -0.665042
-0.237842 0.0754668
0.510573 -0.225165
-0.419069 -0.115982
-0.435799 -0.000675036
-0.109435 0.25778
-0.0521122 0.684946
0.100172 0.19373
0.42927 0.083637
0.846799 -0.423554
0.363185 -0.863281
0.812637 -0.135252
0.519216 -0.227654
0.571737 -0.321396
-0.0237859 -0.379545
0.622028 0.269359
0.474256 -0.232808
0.442044 0.266452
0.820706 -0.261195
-0.183403 0.601989
0.379983 -0.243313
0.394938 0.466154
0.0817022 -0.150719
-0.242058 -0.197144
-0.0485989 0.85831
0.153284 -0.512535
-0.0457095 0.0561225
-0.493374 -0.591173
-0.261814 0.131576
-0.258515 -0.494286
0.0149376 0.165248
-0.253428 -0.69349
-0.00459274 0.162959
0.771499 0.118676
-0.17338 0.110214
-0.17786 -0.267651
0.290803 -0.131696
-0.793422 0.046548
0.595791 0.474061
-0.072042 -0.0685649
-0.243019 -0.273635
-0.386399 0.157634
0.381127 0.917165
-0.0175221 0.0756627
-0.40415 -0.461171
0.174604 -0.943505
-0.280255 -0.824812
0.462507 0.100789
-0.023542 0.952063
0.031993 0.0489053
-0.483325 0.455024
0.809838 -0.0865836
-0.241441 -0.197801
0.424097 0.211078
-0.64183 -0.317818
0.604016 0.342908
0.158381 0.134209
0.158366 0.495855
-0.244036 -0.173109
0.415093 -0.254723
-0.22061 0.0770179
0.546964 0.423128
0.0736001 0.12425
0.114042 0.0793674
0.135958 0.39614
0.221017 0.126316
0.523752 0.24253
0.0504262 -0.0420911
-0.657575 -0.166225
-0.758779 0.592655
-0.0618899 -0.0940452
-0.203431 0.431052
0.769126 -0.0136547
0.473537 0.217211
0.594619 0.0298979
0.467323 -0.862365
-0.21301 -0.401536
-0.759088 -0.543897
0.751254 0.369626
-0.0265824 0.695209
0.257079 -0.0830237
0.194475 -0.277326
-0.0159247 0.0109099
-0.238336 -0.697012
-0.294843 -0.896574
0.0863119 0.03193
-0.324097 -0.149221
0.264519 0.268022
0.452606 -0.339605
0.102955 0.165009
0.409373 0.807729
-0.631614 0.762673
0.753098 -0.389186
-0.381006 -0.880103
-0.561606 -0.823604
-0.100392 0.935689
-0.112544 0.594475
-0.0811893 -0.0805171
0.405547 -0.551032
-0.2233 -0.231856
-0.471867 0.283364
0.571333 -0.376776
0.911412 0.3672
-0.0317299 -0.00996915
0.133547 0.949157
0.466131 -0.535118
-0.124746 -0.383307
-0.00114246 0.224132
0.254396 0.569799
-0.678657 -0.644301
0.599337 -0.585581
-0.831455 0.311467
0.156611 0.00218818
0.0363455 -0.056634
-0.654641 0.547173
-0.385426 0.266869
0.458975 0.659051
0.069187 -0.303029
-0.119345 0.177798
0.156102 0.295475
0.550278 0.155545
0.036242 -0.00575553
-0.0505778 0.742046
-0.152221 0.166703
0.234284 0.377157
-0.196958 0.968828
0.0273985 -0.0268785
0.245511 0.682033
0.230115 -0.848084
-0.00405307 -0.0355851
-0.181287 -0.00525756
0.134921 -0.0131933
-0.620834 0.2174
0.534039 -0.555003
0.62646 0.482083
-0.0289144 0.0339332
0.129319 0.0724516
0.262537 -0.211691
-0.315657 -0.131906
0.0584341 -0.25312
0.00717789 0.724495
0.00551312 -0.0678058
0.0332771 -0.120435
0.957661 0.0222452
0.584621 -0.0230263
0.0758407 -0.731727
0.343899 -0.360673
0.417596 0.624099
-0.314807 -0.0420531
0.0218527 0.0176389
0.561452 0.275773
0.0699491 -0.465169
0.0545508 -0.143953
-0.665549 0.0165161
0.330809 -0.167166
0.233192 0.158859
-0.102416 0.14061
-0.259532 0.817901
0.0576618 -0.130963
-0.0413768 -0.299757
0.786477 0.192718
-0.176554 0.462022
0.0255412 0.909099
0.0666799 0.459426
-0.765773 0.0369653
-0.261144 0.210057
0.19319 -0.530932
-0.0321894 -0.162791
0.30112 -0.534164
0.213874 -0.0217922
-0.757107 0.0135973
0.071745 -0.0331113
0.78203 -0.326191
0.22967 -0.0138312
-0.737291 -0.153581
-0.663271 -0.2765
0.13083 0.555739
-0.86435 0.107051
-0.233995 0.394565
0.108926 0.699013
0.798062 0.218819
-0.481995 0.386124
0.177352 -0.829383
-0.108162 0.0268135
-0.284177 0.545661
-0.309702 0.319774
-0.814072 -0.124646
-0.144786 -0.266894
-0.450972 -0.0970127
0.146674 0.644848
-0.0483853 0.0454859
-0.505389 -0.590529
-0.353969 -0.475913
0.111536 0.0376777
0.447435 -0.875732
0.103568 -0.257174
0.685105 -0.532591
-0.0432528 -0.198786
-0.268912 0.622782
-0.0479283 0.170623
-0.460834 -0.445966
-0.64986 0.145906
0.143919 -0.0277591
-0.105744 -0.0851104
0.146685 -0.481553
-0.744433 -0.349199
-0.14348 -0.1036
0.0260776 -0.205498
-0.112302 0.220837
0.0970417 0.816189
0.121845 0.0875735
0.0418337 0.00470359
0.0278863 0.993622
-0.343851 -0.648162
0.474948 -0.297457
0.288681 0.92181
-0.360198 -0.39333
-0.28414 -0.602951
0.194132 -0.569488
0.227311 0.176471
0.461718 0.382143
0.111097 -0.665665
0.523371 -0.479132
0.526878 -0.144784
-0.140054 0.152281
-0.117333 0.147509
0.0569031 0.464054
-0.363876 0.0896759
0.369725 0.299982
0.130405 0.0304619
0.0157314 0.0114101
-0.225244 -0.0775499
0.60471 -0.412252
-0.116594 0.201364
-0.701224 -0.0906213
-0.152201 0.411344
0.476921 0.41239
-0.0443503 0.0698287
-0.68541 -0.721952
0.0876494 0.284166
-0.993544 0.0885041
-0.545863 0.121986
0.655881 -0.288285
0.327205 0.866853
0.0395401 0.0157893
0.211911 0.0870125
-0.156966 0.0327119
0.479077 -0.385283
0.213876 -0.304453
0.19841 0.107658
-0.188609 -0.315899
0.385507 -0.00384743
-0.762379 0.154146
0.0493669 -0.33485
-0.0640095 -0.073387
0.807453 0.547695
-0.118773 -0.026554
0.294466 -0.476172
-0.46739 0.0399839
-0.0306206 -0.00224986
-0.0335932 0.545852
-0.152343 -0.553085
0.274163 0.673412
0.48682 0.349739
0.016345 -0.0319986
-0.14672 0.101265
-0.450691 -0.191008
-0.0436455 0.399889
-0.00186488 -0.0319937
0.0278979 0.0294951
0.374611 0.0384485
-0.224273 0.00241717
0.117393 -0.53864
0.333676 0.0429656
-0.181637 0.20054
0.218811 -0.484978
0.493577 0.386532
-0.318966 0.416591
0.209201 0.206858
-0.21864 0.396914
-0.643604 -0.697766
-0.680319 0.275502
0.127949 0.147448
0.100493 0.698875
-0.0183904 -0.876791
-0.00798397 0.356609
-0.666282 -0.371679
-0.295229 0.691458
0.310394 0.192305
-0.22016 -0.251974
0.304717 -0.33845
0.393872 0.224103
0.962988 -0.134947
-0.0454258 0.433958
0.0783368 -0.0652391
0.566109 0.188711
-0.253007 0.455331
-0.103504 -0.478914
0.15532 0.440382
-0.525122 0.783735
-0.291834 0.896388
-0.164402 -0.574454
-0.515027 0.714874
0.000472245 0.0198564
-0.267076 0.3467
0.690198 -0.549014
-0.112668 0.190272
0.338889 0.91462
-0.266005 0.16482
-0.395863 0.234537
0.282176 0.105327
0.203982 -0.419077
0.372897 -0.10566
0.328666 -0.426214
-0.151077 0.0175314
0.164324 0.111354
0.222873 -0.749261
-0.417001 -0.683221
0.0621363 -0.13143
-0.788111 -0.452948
0.0444414 -0.16901
-0.377786 0.289698
-0.120196 0.037839
-0.54656 0.220622
0.821706 0.264326
0.437548 0.733177
-0.0452369 0.0962948
-0.985753 0.0373749
-0.272641 -0.0426203
-0.313497 0.152257
-0.00602078 -0.00183217
0.123648 -0.507999
-0.152373 0.307331
-0.449589 0.0328028
-0.0913473 0.110725
-0.0297196 0.0649517
-0.144045 -0.0443166
-0.119333 0.70414
-0.330039 0.942868
0.463536 -0.545253
-0.320012 -0.14929
-0.0256493 0.00666934
0.88642 0.0723599
0.483705 0.821679
-0.172543 0.509205
-0.570897 -0.161733
0.632623 0.566223
0.118224 0.310169
0.0897113 -0.430195
-0.590016 -0.33896
0.00168183 -0.142495
-0.241714 0.868272
-0.223983 -0.198647
-0.170466 0.54384
-0.203805 0.896177
-0.0222929 0.158923
0.329792 0.788902
-0.0256054 -0.731246
-0.0792055 -0.183587
-0.0708785 -0.906985
-0.986983 -0.0193135
0.145106 -0.241247
-0.468489 -0.405044
0.0263239 0.0101853
-0.101715 -0.382902
-0.622884 -0.15446
-0.443817 -0.12303
0.0518985 -0.830278
-0.129299 0.0916887
0.0514931 0.0272921
0.134077 0.674216
-0.337364 -0.0922453
0.353766 0.198679
-0.225946 -0.17682
0.25215 0.723963
0.00817097 -0.343173
-0.495451 -0.494177
-0.248111 0.535265
-0.175516 -0.161121
-0.250869 -0.282536
0.324402 0.0401268
0.0403393 -0.168359
0.562346 0.0177518
-0.098732 -0.538386
-0.320467 -0.250658
0.662641 0.445905
0.491045 0.662201
0.0792559 0.631798
0.203947 -0.106091
0.83562 -0.0183381
0.0518489 0.108573
0.319847 -0.678707
-0.431891 0.678015
0.134321 0.0364226
-0.952999 -0.102239
-0.149008 0.659968
0.314597 -0.4347
0.0590804 0.0424848
-0.622578 -0.585624
-0.0596312 0.818186
-0.165496 -0.153577
0.338311 0.110338
0.766677 -0.0356739
0.280277 -0.0045828
0.682952 0.610824
0.967775 0.226408
-0.0107522 -0.295033
0.695845 0.499677
0.0844426 -0.00220877
0.136149 0.0376499
0.212041 -0.466959
0.312566 0.100353
-0.542632 0.388801
-0.147213 -0.0207359
0.0207838 -0.00409719
0.0149715 0.783708
0.375709 0.452417
-0.182981 0.23411
-0.116941 -0.0618711
0.336683 0.106034
-0.39664 0.568981
0.0849245 -0.00597783
0.0850701 -0.0325728
0.0396419 0.0784883
0.122249 0.929636
-0.208014 0.0668856
-0.0450126 -0.0136261
-0.110361 -0.487597
-0.563863 -0.76187
0.232372 -0.0458164
0.612404 0.0800884
0.0593446 0.207664
-0.159853 -0.0132006
-0.148778 0.541208
0.0777402 -0.0464577
0.0726655 -0.333429
-0.233723 0.116527
-0.463148 0.618847
0.236291 -0.282368
-0.181381 0.495674
-0.0020822 -0.0900641
0.492568 0.573928
-0.0115028 0.292879
0.0484689 0.850312
0.768407 0.477801
-0.207867 -0.0295343
-0.0976172 0.0490206
-0.0895879 0.722629
-0.230369 0.910349
0.552625 0.104013
0.167465 -0.116001
-0.794027 0.178124
-0.282183 -0.171043
-0.261449 -0.774176
-0.251487 0.370301
-0.00388428 -0.000938048
0.00591019 -0.0910797
-0.504444 0.448256
-0.0163312 -0.00274715
0.550604 -0.296399
0.313984 -0.528881
-0.0713744 -0.438091
0.122906 0.230477
0.305682 0.945754
-0.432948 -0.159739
-0.116765 -0.197988
0.44268 0.124444
0.0321991 -0.126023
0.595977 -0.205289
0.430584 0.229607
-0.291782 0.0147272
-0.457778 0.411708
-0.0635291 0.244157
-0.0907127 0.762423
-0.639608 0.508381
-0.173199 0.0787281
-0.151977 -0.170474
-0.15606 0.010229
0.472521 0.653146
-0.0762342 0.685603
0.6185 -0.341627
0.46768 0.807109
0.889067 0.370815
-0.795437 -0.530711
-0.00947925 0.00346622
-0.216535 0.635745
-0.217355 0.910599
0.258541 0.635061
-0.55329 0.166519
-0.361071 0.28065
-0.508024 -0.677216
0.736881 0.375284
0.280144 -0.0294391
0.480738 0.295991
-0.00367931 0.133608
0.19091 -0.299842
-0.041461 0.169055
0.00432458 0.00505469
0.341659 -0.0811608
-0.470405 0.559543
-0.333228 0.233836
-0.366951 0.552801
-0.402633 0.560231
-0.0590535 0.528445
0.800753 -0.0551833
-0.391998 -0.53415
-0.63523 0.0419879
0.630872 -0.355639
-0.114023 0.458877
-0.00481432 -0.0038071
-0.350396 0.415004
-0.0913898 -0.437278
-0.622191 0.187658
0.854555 0.00559325
-0.357519 -0.213195
0.161119 -0.324504
0.97523 0.159544
-0.0727343 -0.1499
-0.119571 -0.355413
0.415356 0.849731
-0.534116 -0.432709
-0.370824 0.739065
-0.0928643 -0.0308766
-0.218803 -0.104129
0.00815523 0.83981
-0.13142 0.118841
-0.434314 -0.42841
-0.0062457 0.100008
0.07419 -0.0216676
-0.260754 0.0105755
-0.386219 -0.377913
-0.311811 -0.0565398
-0.645598 0.0671322
0.204292 0.0311292
0.104604 0.148764
0.137389 -0.14768
0.748594 0.135911
0.121969 -0.149924
-0.532843 0.228249
-0.375652 0.20799
-0.536328 -0.424577
-0.219504 0.771912
0.188752 -0.132272
-0.196723 0.517918
0.340498 -0.786992
-0.641855 0.479728
0.322817 0.296412
0.790376 0.483236
0.403437 0.446446
0.0233348 -0.108933
-0.11027 0.263357
0.625362 0.187417
0.194032 -0.281258
0.796801 -0.429185
-0.14252 0.242988
0.333021 -0.0728085
0.584183 0.737705
0.123051 0.228853
0.0180119 -0.0424563
0.39402 -0.272827
-0.120077 0.617276
0.275058 0.123375
0.0553047 0.394942
0.154443 0.000506978
-0.0358783 0.359116
-0.475058 -0.623815
-0.534119 0.223404
0.608429 -0.33125
-0.231288 -0.163189
-0.77326 -0.333258
0.381465 0.850597
0.370898 -0.379305
0.0818313 -0.315878
-0.0310912 0.0321142
-0.597371 -0.0905965
0.0293451 0.274472
-0.711026 -0.376451
0.0867636 0.287341
-0.772807 0.226636
0.102378 0.176278
0.718386 -0.054456
-0.248237 0.773833
-0.424661 -0.0144958
-0.0574374 -0.212428
0.0954722 0.0392462
0.266001 0.0602349
0.0804325 -0.231396
-0.819036 -0.393499
0.568278 -0.171479
0.304069 0.893378
0.0901962 0.468713
-0.0856309 0.422241
-0.0949955 -0.79156
-0.387813 -0.291537
-0.0693773 -0.172134
0.638702 -0.428011
-0.59009 -0.331811
0.164759 0.122721
-0.0776016 0.0392354
0.297276 0.753329
0.423369 0.241832
-0.0246928 -0.224268
0.58881 0.661828
-0.301294 0.0391654
0.0013572 0.0876286
-0.621599 -0.268764
0.363666 0.293422
-0.0771381 0.843276
-0.413278 0.7302
0.856749 0.133656
-0.0137871 -0.0158308
-0.29883 -0.881385
0.142691 0.164138
-0.268328 0.753515
-0.433333 -0.35724
0.471206 0.150403
-0.128659 -0.680267
-0.689318 -0.368683
0.734027 0.437526
0.0538335 -0.0204692
-0.0317458 -0.331568
0.157807 -0.481944
-0.512057 0.669483
-0.0269222 -0.0590311
0.624218 -0.284244
-0.189084 -0.680758
-0.369683 -0.431173
0.0894277 -0.394856
0.217043 0.742219
-0.0457145 0.077403
-0.702273 -0.412482
-0.383732 -0.0163481
0.153822 0.263107
0.045828 0.0715205
0.157108 0.196197
-0.0875278 -0.0513434
-0.680907 -0.553264
-0.0716195 -0.378071
-0.914799 0.299301
-0.239599 -0.322923
0.296159 0.240749
0.337637 -0.110585
0.0474916 -0.744315
-0.729768 -0.0881496
0.437863 -0.859789
0.156407 -0.839594
0.0305433 0.408349
-0.0637025 -0.278907
-0.278405 0.292643
-0.489809 -0.723329
0.507268 -0.0802069
-0.185566 0.151725
-0.414008 -0.411379
-0.106479 -0.0317755
-0.0739126 -0.00615449
-0.187118 0.0532982
-0.591604 -0.191592
-0.273227 0.299576
0.196791 0.239511
-0.137904 0.876028
-0.0554539 -0.963908
-0.0382969 0.0383011
-0.525868 0.825741
-0.0661611 0.0599069
0.691964 -0.164657
0.00600324 0.0376799
-0.163298 0.923535
-0.610159 -0.0829342
-0.130576 -0.892849
0.066922 -0.00994725
-0.0184147 0.239403
0.279683 -0.329705
0.425663 -0.691563
0.165366 0.15935
0.727885 0.653717
0.372455 -0.137143
-0.817113 0.259464
0.164522 -0.273115
-0.663004 0.431982
-0.21915 -0.00358297
-0.0170859 0.370519
-0.262578 0.678414
-0.295867 0.445969
-0.767143 0.317567
0.0561831 -0.0419452
-0.152963 0.384759
0.0911805 -0.13166
0.169571 -0.0299082
-0.558146 0.395755
-0.0492231 -0.0803943
-0.517504 0.0287459
-0.430463 0.427124
0.840209 -0.426443
-0.0218628 -0.210779
-0.302582 0.139865
-0.0669425 -0.226466
0.670504 -0.156042
0.00215087 0.0128525
0.169756 -0.255598
-0.473187 0.461742
0.660038 0.337319
0.559438 -0.399041
0.584588 -0.712456
-0.687552 -0.53894
0.255893 -0.0523718
0.0494575 -0.263774
0.324142 -0.325037
-0.126219 0.0901701
-0.536673 0.593322
0.090188 0.100217
-0.549904 0.578441
-0.834638 0.0707637
0.19779 -0.269863
-0.44777 -0.551192
-0.479147 0.502008
-0.0168659 0.00727229
-0.123114 -0.429177
-0.227442 0.248129
0.13979 0.54733
0.448106 -0.864675
0.00865594 0.177862
-0.394425 -0.459537
0.00787316 -0.116776
0.0332904 -0.0191073
0.059272 0.113159
0.0450719 -0.0226599
0.415084 -0.351909
0.298429 -0.284625
0.530365 0.51425
-0.474385 0.213431
-0.479419 -0.118459
0.807621 -0.317861
0.0688078 0.234193
0.111711 -0.287462
-0.0835776 0.406212
-0.530167 -0.349656
0.0306896 0.523657
-0.144762 -0.178606
-0.00016022 0.00138811
0.384632 0.405179
-0.341735 -0.279528
0.0547752 -0.00494195
-0.486799 0.101148
0.0762724 0.861075
-0.441619 0.391153
0.578135 0.335938
-0.898919 -0.210278
0.0119701 0.0209179
-0.367203 0.643722
0.544617 0.810243
-0.470355 -0.395912
0.479506 0.574877
0.844285 -0.114695
0.472568 -0.621746
-0.131748 0.208692
-0.37147 -0.909652
0.922423 0.221908
-0.635463 0.224567
-0.490325 -0.120726
0.564188 0.382944
-0.545027 0.744968
0.101585 -0.146999
0.259322 0.84835
-0.00936591 -0.00974916
0.534189 -0.0343232
0.460459 0.634538
-0.588571 -0.122304
-0.277016 0.0839204
0.461922 0.218793
0.015249 -0.306241
-0.0999637 0.397654
-0.281753 0.34601
0.237938 0.223974
0.395351 -0.700887
-0.656272 0.0554806
-0.807304 -0.4549
0.660371 0.514444
-0.0690552 -0.4223
-0.287486 0.11085
0.195149 -0.293424
0.28232 0.325949
0.973034 0.200615
-0.137512 0.654719
0.206395 0.439493
0.0925212 -0.341023
0.0787498 -0.93473
-0.0607778 0.0540899
-0.102353 0.0666531
0.452089 -0.22379
0.124614 0.204962
0.207045 0.357841
-0.00245827 0.744722
0.127002 0.24036
-0.854259 -0.469401
-0.286049 0.543369
0.406356 0.118832
-0.401721 0.231234
0.0522445 0.0574322
-0.645396 -0.270586
0.295357 0.102525
-0.00153381 0.355345
-0.752834 0.316224
0.588418 -0.238572
0.541017 0.64889
0.7458 0.43925
-0.0547315 0.297454
0.240276 0.0733803
-0.523928 -0.076518
-0.219733 -0.00581969
0.0518263 -0.0890667
-0.819906 -0.137384
-0.244503 0.844469
0.908749 -0.252952
-0.26591 -0.334578
-0.0325771 -0.518955
0.493359 -0.49135
-0.987483 -0.0798911
-0.219735 -0.221544
0.249385 0.376428
-0.312992 0.698086
0.220191 0.0994022
-0.595436 0.0268813
0.0808097 0.0813479
-0.00804869 0.013713
0.461901 0.428046
-0.163337 0.0407598
0.616842 0.18976
-0.641622 -0.399695
0.00174604 0.00392012
-0.2291 -0.0352063
0.830668 -0.403154
0.342715 -0.205477
-0.105285 -0.42818
0.421145 -0.3375
-0.292833 0.817646
0.161391 0.13367
0.127409 -0.34974
-0.600866 0.0496168
-0.683505 -0.632316
-0.762013 -0.306543
0.736217 -0.0476823
-0.0162939 0.0147087
0.00648502 -0.0366357
0.938954 0.250517
0.276336 0.920615
0.423269 -0.37541
0.128568 -0.0284359
-0.716893 -0.351814
-0.356477 0.575526
-0.446221 -0.131119
-0.293189 -0.572262
0.652582 0.062596
-0.0256011 0.479564
-0.426254 0.265366
-0.390741 0.785479
-0.729053 -0.643233
0.312966 -0.0114117
-0.588644 0.806153
0.758398 -0.144722
-0.0411009 -0.389714
0.167467 -0.0456554
-0.210202 0.580943
-0.798475 0.462991
-0.71027 -0.515909
-0.416093 0.62955
-0.116396 0.0872494
0.00554721 -0.016699
-0.412807 0.00559436
0.0512328 -0.0303197
0.838542 -0.351465
0.175299 -0.161599
-0.523146 -0.175791
-0.832669 -0.271027
-0.540427 -0.722146
-0.141479 0.500459
-0.132101 -0.357395
0.251482 -0.00184939
0.456367 0.888562
0.296836 -0.290307
0.373831 0.678269
0.192498 -0.105932
0.0451734 0.565654
0.715461 -0.0890158
0.140065 -0.721694
-0.551459 -0.705244
0.478861 0.534107
-0.0633919 0.522013
-0.558202 0.397491
-0.699285 -0.426941
-0.0262379 0.041698
-0.797921 0.373678
0.0222243 0.0244475
0.420508 0.0855555
0.171511 -0.254697
0.792074 0.445401
0.00978795 0.0102199
-0.00127294 -0.000716617
-0.0630243 -0.360281
0.45269 0.332879
-0.484834 0.13376
0.138327 0.732343
-0.0782468 0.585624
-0.0798989 0.482957
-0.243045 0.627212
-0.151522 -0.849931
-0.0227281 -0.647827
-0.0637137 -0.138239
-0.764937 -0.428941
0.287129 0.652859
-0.306746 -0.295115
-0.246817 0.0980609
-0.0802032 0.746062
0.0159653 0.0142749
-0.856953 -0.494677
-0.216779 0.0103202
0.039349 -0.00949485
-0.483606 -0.523537
0.0690118 0.223023
0.754038 -0.504779
0.0663876 -0.506746
0.338843 0.528783
0.0973197 -0.505875
-0.654829 0.527019
-0.341142 -0.119861
0.133619 -0.560494
0.0958015 -0.147284
0.202992 -0.101732
0.00104352 0.108823
0.0343797 0.0244247
-0.0480407 0.830407
0.410499 -0.424809
-0.0730093 0.209136
-0.483559 0.140585
-0.428634 0.268327
0.359079 0.0379772
0.181289 -0.0124175
-0.0576971 -0.166349
0.765165 0.0802763
0.0605427 0.0652481
-0.289714 -0.491361
-0.0224299 -0.917923
0.310099 0.401101
-0.501901 -0.447114
-0.0874712 -0.383889
0.109393 0.705704
-0.329029 0.916255
0.0330957 0.0920273
-0.489032 -0.361813
0.490228 0.426861
0.012329 0.000861855
0.0450201 0.122798
-7.80625e-05 0.000209117
0.109372 -0.884199
0.320934 -0.040652
0.70777 -0.556803
0.270046 -0.585921
0.369162 0.522827
-0.367191 0.891317
-0.480991 0.598692
-0.0263712 0.00297758
0.583242 0.000294573
-0.330421 -0.71425
-0.154414 0.119307
0.158979 -0.233421
-0.141409 0.489298
-0.545337 -0.660155
0.303227 -0.383441
-0.689444 0.649175
-0.0803186 0.620906
-0.354714 -0.0598824
0.164307 0.00505061
0.115773 -0.325369
-0.057207 0.146252
0.103898 -0.0529255
0.414977 0.522267
-0.000772488 0.407121
0.0492777 0.134476
-0.49089 0.791469
0.133056 0.574184
0.14933 0.106673
0.492728 0.125806
0.738735 -0.0121432
-0.351762 -0.824365
-0.373455 -0.0528102
-0.0786003 -0.953049
0.0355601 0.0336756
-0.584207 0.457123
0.744408 -0.549202
0.67968 0.182171
-0.566714 0.597971
0.022041 0.183499
-0.292454 0.54786
-0.402264 -0.137367
0.663642 0.0605075
0.449979 -0.620062
-0.017473 0.111836
0.532079 -0.713061
0.0609747 -0.26513
-0.318259 -0.433568
-0.308125 0.0113842
-0.241062 0.301632
0.426677 0.442624
-0.728178 -0.186321
-0.0257079 0.00741506
0.343621 -0.46917
0.0847809 -0.821675
-0.0771125 0.0266351
-0.0943198 -0.00394595
0.0677498 -0.997143
0.0509118 -0.518633
-0.405828 -0.456365
-0.0402401 -0.000103111
-0.185526 0.449569
0.283085 0.0433491
-0.796199 -0.539049
-0.298394 0.423795
0.638079 0.706552
-0.136495 -0.455547
-0.672895 -0.00977642
-0.00450603 0.158911
0.351357 -0.0331868
-0.0191327 0.00835038
0.323609 0.286305
-0.85538 0.392561
-0.85159 0.205673
-0.196417 0.0163477
0.00767829 0.0962962
-0.856127 -0.491522
-0.0811229 0.543608
-0.605645 -0.0424594
0.612289 0.615663
0.367241 -0.776293
-0.130671 0.223082
0.476206 -0.218625
-0.342046 -0.763531
0.0689474 0.172763
0.178737 0.643623
0.504743 0.367011
-0.295486 -0.128371
0.169846 0.503719
-0.0036745 -0.0272651
0.487077 0.48168
-0.453545 -0.852926
-0.703648 -0.0693837
-0.371209 0.869902
0.0104959 -0.0246402
0.33079 -0.289572
-0.202991 -0.601065
0.119673 0.184474
0.590353 0.219002
0.337438 -0.770748
-0.245677 -0.0144625
0.0154655 -0.0164334
-0.341696 0.504614
0.275417 0.337222
-0.528297 0.125389
0.119843 0.861384
0.30103 -0.503964
-0.246182 0.865899
0.19932 -0.289329
-0.438473 0.421597
0.630419 0.19571
-0.0727936 0.253435
-0.742101 0.0768667
-0.321747 0.31878
-0.148416 0.519318
0.0431781 -0.186482
0.180329 0.78317
-0.560909 0.340914
0.468351 0.304645
0.444785 0.330415
-0.492268 0.255656
0.20739 0.256285
0.0326801 0.257395
-0.334392 -0.279481
0.0730157 0.0207586
-0.0868269 -0.985105
-0.00150592 0.09198
0.0160408 -0.0259691
-0.732202 0.0764185
-0.035155 0.210891
-0.643859 0.436287
-0.0545007 -0.0305963
-0.120279 -0.607404
0.435205 0.894215
-0.773199 -0.243621
-0.185386 0.209303
-0.751983 -0.616421
0.0578427 0.503779
0.785746 -0.294676
0.725521 -0.428493
0.483781 -0.860283
0.572576 0.309985
-0.035044 -0.0764913
0.392101 -0.828984
0.112366 0.120929
0.0904385 -0.0339608
0.28977 0.450987
0.293978 0.434061
-0.871913 -0.103143
-0.125242 -0.308729
-0.0511178 -0.0438058
0.0523625 0.0133268
-0.205875 -0.0831934
0.251624 0.101888
0.379994 0.331116
-0.974767 0.0551918
-0.658359 -0.678778
0.560046 0.105908
-0.308027 0.0251978
-0.838858 0.137558
0.583481 -0.203192
0.236736 0.343237
0.0986364 -0.0381925
0.30755 -0.0314813
-0.287976 -0.358634
-0.662587 -0.114628
-0.03759 -0.252302
-0.561088 0.0811646
0.151643 -0.244351
0.139118 -0.520085
-0.948418 -0.0878327
0.226611 -0.168845
0.0853852 -0.11362
-0.884528 0.280145
0.059208 -0.334377
0.892407 -0.244578
-0.396944 0.606152
0.0538365 -0.0974477
-0.248832 0.135805
-0.0336323 -0.813401
-0.0625853 0.00531142
-0.112007 0.246426
0.111417 -0.18152
-0.795028 -0.00283751
-0.338263 0.585297
-0.202013 -0.211074
-0.756234 -0.383907
0.525583 -0.0323118
-0.409917 0.120751
0.0468121 -0.438922
-0.155504 0.172573
0.697887 -0.193952
0.363466 -0.60875
0.78631 -0.0371741
-0.206012 -0.152231
-0.308995 0.66789
0.0877344 0.00363558
-0.199828 0.6047
-0.768088 0.350323
-0.794905 -0.101541
0.636908 0.4243
-0.112534 -0.0972171
-0.302327 -0.596
0.497908 0.341251
0.124535 0.036213
-0.558076 0.657663
-0.351931 -0.213763
0.231377 0.219385
0.332177 0.261149
-0.0490573 -0.102071
0.412701 -0.574441
0.279131 -0.957816
-0.567838 -0.640201
-0.0296715 -0.0912235
0.053061 -0.039948
0.108143 -0.191783
-0.673177 0.727022
-0.240587 -0.374494
0.0421141 0.0133164
0.347444 0.670015
-0.0694493 -0.0630189
-0.535529 -0.0186632
0.124827 -0.161546
-0.438129 -0.447559
-0.0629785 -0.958675
-0.150368 -0.265805
-0.192616 0.55631
-0.435273 0.15839
-0.873621 -0.340333
0.144362 0.00361926
-0.300924 0.34316
-0.7902 0.272007
-0.141149 0.719751
0.0183711 -0.104755
0.211816 -0.252478
-0.843238 0.440781
-0.476866 0.0379914
-0.382085 -0.846664
-0.321685 -0.116264
-0.1007 0.292369
-0.221571 -0.194391
0.722038 -0.649016
-0.840002 0.369466
0.201372 -0.258813
-0.978203 0.17179
-0.816481 0.267632
-0.283835 -0.78731
-0.810578 -0.383741
0.975557 0.0194829
-0.118525 0.327195
-0.264463 0.822819
-0.40063 0.608632
-0.431828 -0.657757
0.0173666 0.0182374
-0.107611 0.183513
-0.431206 -0.0203173
-0.776579 0.545501
0.261645 -0.290506
-0.162505 -0.820655
0.346849 -0.633144
-0.166896 -0.0933287
0.274999 0.049115
0.123518 0.246909
-0.00689077 0.59846
0.169316 -0.0591593
0.536343 0.150823
-0.0548686 0.239798
0.378088 0.0791337
-0.801105 0.498118
0.0899978 0.134375
-0.621046 -0.413072
-0.225181 -0.624195
0.938059 0.334614
0.278374 -0.487736
-0.161643 0.756339
0.646025 -0.145947
0.807211 -0.309915
0.629243 0.767879
-0.0989838 -0.0639275
-0.114692 0.375446
0.511154 -0.167081
0.0717599 -0.333174
-0.0337775 -0.233085
0.352976 0.736373
0.137277 -0.0188079
0.250449 -0.222392
0.571718 -0.00536046
-0.52771 -0.239051
0.0335737 0.0410622
0.184968 -0.354933
0.392072 0.162531
-0.192333 0.767362
0.00088735 -0.00410717
0.309544 0.298218
0.164825 -0.336981
0.357992 -0.218146
0.0486529 -0.770586
0.69586 0.0334297
-0.48544 -0.040547
-0.131302 -0.132446
-0.48714 -0.0660142
0.470261 0.197686
0.439959 0.27709
-0.565834 -0.279342
0.225936 0.0449702
-0.22495 -0.330082
0.0342372 0.0873437
0.77047 0.545237
-0.683387 0.694589
-0.128827 0.178398
-0.125694 -0.150529
0.257226 -0.0520438
0.386194 -0.101487
0.737808 -0.638715
0.247144 0.402551
0.499051 -0.114994
0.677133 0.0952906
0.00781961 0.0261468
-0.0608452 -0.0936786
-0.424699 0.650344
0.308502 0.616736
0.207703 -0.974988
0.3416 -0.133402
-0.477573 0.740829
0.252676 0.187176
-0.689153 -0.0457867
0.708828 -0.215092
0.305073 0.369008
-0.875435 0.256403
-0.0198221 0.0175699
-0.598948 -0.148244
-0.109421 0.330908
-0.398634 0.394541
-0.235906 -0.446033
-0.0066738 0.0334845
-0.00240573 -0.0144449
0.456296 0.0330559
0.228007 -0.452994
-0.72821 0.613595
-0.0173245 0.164438
0.302821 -0.38527
0.0936454 0.771603
-0.0307554 0.808546
-0.0664139 -0.364833
-0.567848 0.427375
-0.0496942 0.0935342
-0.897856 0.264244
-0.628425 0.0126362
0.556352 0.616292
0.111536 -0.127462
0.166943 0.379328
0.407784 -0.423824
0.161518 0.110191
0.417 0.557432
0.311902 -0.369898
0.408917 -0.0677165
0.256779 0.669994
-0.201798 -0.0341032
-0.398369 -0.20452
0.134836 0.208126
-0.590922 0.772762
0.408461 -0.263784
0.60707 0.533753
-0.261209 -0.310211
-0.220957 -0.112425
-0.263226 -0.428657
0.637775 0.411352
0.512551 -0.150831
0.0228695 0.185047
-0.04908 -0.0896783
-0.0914174 -0.00963739
0.235025 -0.599779
0.412246 -0.576177
0.186683 0.279466
-0.366495 -0.213863
-0.251288 0.189575
0.295504 -0.890207
-0.00707224 -0.305791
-0.219878 -0.889008
0.198628 0.32973
0.218256 -0.18532
0.792906 0.231687
-0.625758 0.753076
0.505718 0.862346
0.47371 0.353008
-0.343025 -0.762261
-0.613799 0.0772672
-0.229221 0.435497
0.155224 -0.28998
0.00984587 -0.48328
0.122856 -0.393561
-0.0885902 0.121511
-0.576671 0.162639
-0.0961561 -0.0090665
-0.166531 0.0194265
-0.650498 0.193513
-0.369314 -0.010988
-0.289895 0.406433
-0.86506 0.0058604
-0.49454 0.140801
-0.353416 0.485917
0.0263979 0.136016
-0.56564 -0.607619
0.295598 0.459777
0.450795 0.0859393
0.629531 -0.660296
0.764739 0.317786
-0.198765 0.0976752
-0.215181 0.472215
-0.365555 -0.868469
-0.579618 -0.550773
0.0684588 0.122776
-0.08023 -0.0967313
0.51678 -0.0300593
0.135952 0.0275731
-0.029253 -0.445649
-0.328543 -0.194752
0.226359 0.931963
-0.215718 -0.00767428
-0.168977 -0.330442
-0.111733 0.523858
-0.357907 0.412296
0.0378513 -0.34405
0.523366 -0.593215
-0.00892562 -0.0850224
0.413928 -0.364663
-0.125816 -0.3312
-0.0536744 0.00679235
-0.298841 -0.144673
-0.462785 0.0860581
0.523983 -0.299631
0.209438 -0.0190932
0.243832 0.439364
-0.0390471 -0.193713
-0.61302 -0.282603
0.09617 0.381166
0.790529 -0.318274
0.183271 0.544425
-0.468994 0.528411
0.016536 -0.0611815
-0.074163 -0.0654042
-0.647977 0.196337
-0.0362624 -0.305098
-0.598127 -0.716238
-0.24932 0.172061
0.0915711 -0.0609522
-0.137317 0.290353
0.398361 -0.798175
0.413986 0.261524
0.276798 0.466012
0.604481 -0.260998
-0.374528 -0.0250142
0.831098 -0.271153
-0.619659 -0.344398
0.0440598 -0.312244
-0.319906 0.191313
0.368515 0.11927
-0.295969 -0.81534
0.243846 -0.741945
0.288504 0.167981
-0.191807 0.0706293
-0.977678 -0.158534
0.565225 -0.51425
-0.00839809 0.34916
0.754036 -0.613649
-0.285346 -0.306171
0.225004 -0.795189
-0.0431127 -0.134473
0.437694 -0.601253
0.262225 0.101981
-0.352765 -0.512847
0.472356 0.0291064
-0.379597 0.5928
-0.701212 0.0666822
0.137134 0.0335798
-0.321451 0.469291
-0.449017 -0.175418
0.0206833 0.870923
0.0816122 0.434182
-0.42875 0.257336
0.0974044 -0.0546918
0.0412405 -0.0168951
0.279736 0.655245
-0.614653 0.173753
0.0314966 -0.0172905
-0.280437 -0.43217
0.572686 -0.0416813
-0.117455 0.65778
-0.229103 0.236238
-0.74976 0.141704
-0.202089 0.357631
0.637825 -0.50872
-0.343493 -0.822275
-0.0692216 0.120615
-0.582308 -0.695978
0.741482 0.089697
0.143622 -0.538877
-0.120858 0.949618
-0.804726 -0.554443
0.723816 0.0600187
0.0275986 0.515375
0.5663 0.36096
-0.122882 0.19433
-0.343404 -0.133491
0.482784 0.523729
0.0209504 0.020451
0.260747 -0.382998
-0.0097194 0.0126171
0.299132 0.440122
-0.638488 0.254631
-0.727356 0.318689
-0.273829 0.368079
-0.195045 0.113632
0.18113 0.594985
-0.00698042 0.00983393
-0.212757 -0.0380603
0.448894 -0.382461
0.262117 -0.560199
0.226665 -0.0186613
0.351834 -0.139985
-0.0991354 0.0647309
-0.0547116 -0.0308566
0.222724 0.120157
0.205498 -0.913364
-0.166737 -0.163799
0.221395 0.0391314
-0.0234487 -0.0528971
-0.0795361 0.371215
0.0996285 0.000992268
0.371581 0.314115
-0.102456 -0.334491
0.594281 -0.237191
-0.0309784 0.589572
0.313807 -0.691325
0.15886 0.186886
-0.496242 0.572387
0.233521 -0.493332
0.285802 -0.901173
0.661586 -0.608843
0.392192 0.432849
0.1828 -0.470956
-0.148235 -0.0620021
-0.476797 -0.123443
-0.708647 -0.463274
-0.270567 0.469526
0.547181 -0.442707
-0.0199359 0.0298521
-0.58306 -0.592532
-0.507305 -0.32423
0.25501 -0.363586
0.217889 0.695029
-0.0319543 0.208592
0.0122088 0.0183173
0.0642781 -0.0347524
-0.0209484 -0.0317478
-0.0519751 -0.0144736
0.102727 0.454636
0.102702 -0.0273241
0.722158 -0.220093
-0.15982 0.527069
-0.00828752 0.286
-0.0824548 0.169612
0.593656 0.0745747
0.290849 0.902595
-0.476132 0.381949
-0.0252675 0.0404973
-0.0326754 0.59315
-0.457083 -0.408427
-0.162385 -0.382119
-0.514148 0.155603
-0.288473 -0.18596
0.362825 -0.928049
0.643665 0.484717
-0.712725 -0.285901
-0.0232793 0.0505415
-0.467512 0.718932
0.549357 0.163974
0.313812 0.584917
-0.0503405 -0.0427663
-0.165859 -0.332995
-0.0039227 0.00216461
-0.0124068 -0.0088401
-0.470008 -0.489351
0.178465 0.119163
0.00349475 -0.314235
-0.300358 -0.45707
-0.330243 -0.0923058
0.277529 0.375322
0.0619535 0.643128
-0.211777 -0.677031
-0.505162 -0.226001
0.030436 0.0311006
-0.162538 -0.591181
-0.128433 -0.269288
-0.153225 -0.280223
-0.159174 0.318013
-0.0620378 0.0653537
0.107648 -0.916085
0.651321 0.757572
-0.3341 0.794962
-0.748116 0.479791
0.111676 0.964348
-0.880283 0.36412
-0.309463 -0.22107
0.568325 0.359145
0.045689 0.296981
-0.365638 0.545431
-0.043655 0.34971
-0.0299449 -0.0416383
-0.652483 0.689019
-0.107947 0.302446
-0.589295 0.367555
-0.501233 -0.452722
-0.0821711 -0.159992
0.727579 0.197444
-0.616925 -0.771471
0.436229 -0.116104
-0.720115 0.495807
-0.0114724 0.396012
0.00250688 0.00115037
-0.113026 0.325224
0.294171 0.00175994
-0.391524 -0.515371
-0.0860608 -0.256674
0.0563558 0.291983
-0.0508711 -0.0468796
0.0450788 -0.522274
0.00925723 0.0282704
0.0955656 0.368424
0.580083 0.653906
0.162832 -0.192041
-0.225261 -0.743791
-0.476237 -0.668181
0.0222677 0.104893
0.69817 0.577493
-0.000647803 0.285178
-0.362913 -0.197602
0.233406 0.0931681
-0.223794 -0.0311784
-0.750819 -0.110844
0.349667 -0.654088
-0.0141473 0.141125
0.279958 0.521436
0.458582 -0.0801714
-0.20356 0.322283
-0.0717553 -0.0793256
0.150473 -0.134149
0.332924 0.0465675
-0.502048 0.186488
-0.222939 0.0856496
-0.547102 -0.0831461
0.676807 -0.144132
0.0968685 -0.0360499
-0.0129296 0.0237606
0.104381 -0.45347
0.227497 0.821733
0.613772 -0.0213154
0.129142 0.454942
0.153793 -0.0626263
-0.170631 -0.0521896
-0.0613468 0.271262
-0.178746 0.0229219
-0.168619 -0.0174095
-0.139758 -0.481965
-0.0563828 -0.958112
-0.146203 -0.0121103
0.139958 -0.224613
-0.324014 0.353812
-0.781269 -0.0334463
0.0117708 0.697224
-0.278505 -0.0904252
0.37888 -0.250727
0.488537 -0.240307
-0.0277459 -0.109477
-0.222508 0.836614
0.159487 0.202465
-0.533483 0.219224
-0.0145524 -0.623341
0.673404 0.676207
0.38719 -0.231981
-0.706712 -0.500472
0.291244 0.312592
0.364292 -0.24093
0.097306 0.489046
0.137834 0.390181
-0.12544 -0.448856
0.654516 -0.35778
-0.153942 0.593961
-0.124574 -0.838422
-0.0001957 -0.000834144
-0.000965826 0.0178697
-0.70993 -0.480288
-0.691396 0.0845003
-0.19891 -0.276915
0.159226 -0.584682
-0.5562 0.0990526
0.389916 -0.0191369
0.280764 -0.533168
0.723436 0.534037
-0.017694 0.042334
-0.296327 -0.0222675
0.0189213 0.00525086
-0.289501 -0.321075
-0.0623694 0.32756
-0.181765 0.31045
-0.713913 0.690588
0.349708 -0.478779
-0.23846 0.942613
-0.128142 0.305241
0.867637 -0.362442
-0.105517 -0.00348057
-0.408841 0.0103795
0.496134 0.0360606
-0.257328 0.19539
-0.0766602 0.082685
-0.598977 0.380562
-0.114335 -0.873471
-0.175305 0.417705
0.0822862 -0.353045
-0.102887 -0.584197
-0.103364 -0.0624133
-0.0226238 -0.0973021
0.392667 0.191466
0.000345366 -0.00305664
0.361322 -0.134273
-0.703812 0.0396699
0.338554 0.294349
0.930862 -0.328122
-0.0462553 0.116611
0.0253765 0.341763
0.642678 0.21937
-0.602594 -0.238624
0.629106 0.463877
0.538924 0.687116
-0.867905 0.185779
0.865218 0.0452239
0.0517137 -0.0111178
-0.720457 0.0464417
-0.00601636 -0.0380294
-0.228814 0.118464
0.650022 -0.155665
0.678616 0.613771
0.0624452 -0.0441783
0.0187606 0.0602304
-0.176017 0.118351
0.341231 -0.278011
0.38947 0.241258
0.0289631 0.450271
-0.0853995 0.169041
0.339911 0.178482
-0.00158997 0.79089
0.0473868 -0.0708843
0.076208 -0.202769
-0.010726 0.333369
-0.447221 -0.288579
0.207226 0.646695
-0.459803 -0.308657
-0.217041 -0.23196
-0.363237 0.337889
-0.216064 -0.803692
-0.11021 0.77878
0.0200338 0.599059
0.342571 0.112726
-0.460717 -0.149791
0.253937 -0.276002
0.315971 0.541544
-0.0278919 -0.115373
-0.0049671 0.00836126
-0.287286 0.432794
0.559542 0.188477
-0.114312 0.927451
-0.25167 0.0185933
-0.781363 -0.36782
-0.0753962 0.091484
0.905665 -0.289385
-0.00540683 -0.0676897
-0.110807 -0.193697
-0.849008 -0.493454
-0.702002 0.150215
0.111646 0.0737823
0.0227174 -0.334055
-0.247921 0.0745278
-0.0551769 0.469826
0.787967 -0.0370607
-0.444111 0.420896
-0.0423683 -0.0126976
-0.187206 0.621193
-0.0345004 -0.00269285
0.495385 0.711059
0.358302 -0.795098
0.0966352 -0.0382558
-0.258277 0.4909
-0.591238 -0.138771
-0.414549 0.811078
0.00301837 0.000870773
-0.219527 0.35588
-0.356543 -0.722302
-0.141283 0.778781
-0.827714 -0.457278
-0.253582 -0.0958231
-0.382832 0.879928
-0.0806789 -0.0653791
0.394615 0.467653
-0.119687 0.0162613
0.291312 -0.0130267
-0.234409 0.180566
0.551134 -0.752691
-0.69969 -0.180589
-0.258846 -0.288072
-0.668265 0.549854
-0.141875 0.663192
-0.724577 0.0744425
-0.953078 -0.119693
0.633652 -0.423719
0.0980214 0.0208462
0.431332 0.170193
-0.317738 -0.143557
0.647793 -0.16389
0.171225 -0.684909
0.439019 -0.00664603
-0.0737705 -0.778389
-0.0863091 -0.383535
0.437409 0.389285
0.251266 -0.043313
0.544974 0.514167
-0.326153 0.159932
0.33878 0.219943
-0.60031 0.685431
-0.283043 -0.542084
-0.0644385 -0.26289
-0.0693117 -0.703358
0.725237 0.263308
-0.280536 0.111562
0.0159704 0.000792625
-0.21969 0.0637364
0.00547113 0.000365801
-0.152749 0.11303
0.11605 -0.716053
0.510447 -0.0632847
-0.0638645 0.745674
0.0769484 0.0650196
-0.690743 -0.0202059
-0.162821 -0.121746
0.34434 -0.798012
0.175934 0.212138
0.523347 -0.058229
-0.260363 0.834498
0.0169294 0.033789
0.69616 0.244636
0.179943 -0.038278
0.188943 0.472463
-0.30862 -0.927256
-0.172337 -0.562243
0.379546 0.284664
0.115998 0.67311
0.0770852 -0.357806
0.313234 0.117359
-0.280329 -0.0678638
0.361732 0.551132
0.32349 -0.140377
0.215758 -0.204631
0.434088 0.807978
0.170302 -0.0494822
0.299469 -0.176503
-0.00860639 -0.00173061
-0.876479 -0.0974406
0.456616 -0.558026
-0.0785506 0.201731
-0.203791 -0.523544
0.0133378 0.411299
0.157274 -0.900123
0.000313246 0.0286109
-0.341238 0.761635
-0.785468 0.0304983
0.305508 0.363191
0.0589656 -0.424587
-0.0101454 0.0147554
0.318195 0.888224
-0.0768545 0.290879
-0.0404406 0.102822
0.821748 -0.0394355
-0.796231 -0.224447
0.819551 0.231111
-0.729448 0.441836
-0.0661105 0.731685
-0.392107 -0.528612
-0.0161994 -0.0386111
0.639825 -0.628223
-0.00156453 -0.00347919
-0.366879 0.0500691
0.248636 -0.782905
0.133286 -0.21195
0.0500137 0.135895
-0.0325995 0.0115826
0.297046 0.383373
-0.26778 0.706244
-0.119368 -0.0681515
0.849364 -0.0589751
-0.177623 -0.600596
-0.258326 0.30839
0.899541 0.359118
0.00938204 0.000616805
0.620869 -0.41578
0.00581561 -0.886885
-0.0265703 0.588228
-0.193942 0.122625
-0.0556755 0.00709309
0.0757432 0.237841
-0.143684 0.658206
0.350938 0.543075
-0.350296 0.248161
-0.425959 -0.1899
-0.406707 0.896531
-0.426444 -0.356316
0.0212543 -0.00574262
0.970059 -0.057403
0.0183251 -0.00217962
0.000102445 -0.00103626
0.676277 -0.574327
-0.510898 0.0773945
-0.00347995 -0.145088
0.267235 0.845092
0.148454 0.170424
0.324963 -0.236967
0.400571 0.12678
0.0341705 -0.0473774
-0.445233 -0.0699063
-0.382123 0.164915
0.829472 -0.147975
0.0302875 -0.0345359
0.924165 0.103154
0.810553 -0.272639
0.618227 -0.784536
0.538842 -0.468513
0.0897035 0.738738
0.278027 -0.232088
0.0091858 0.976909
0.0263711 0.0866247
-0.384052 0.0175387
0.0345459 -0.0967041
0.286984 0.459223
0.65327 -0.0320043
0.620163 0.29299
-0.420551 -0.0760098
-0.0415553 0.00703737
0.386998 -0.0686671
0.00549261 0.490961
-0.918535 0.0587063
-0.0693359 -0.0781015
0.21829 -0.306067
-0.064627 -0.862802
0.403847 -0.617575
0.46684 -0.869166
-0.0311171 0.0326987
0.192316 0.257242
0.114256 -0.133428
0.148345 -0.270984
0.854462 -0.0278103
-0.181278 0.881514
0.489041 -0.186174
0.653532 -0.379205
0.0196903 0.913946
0.0833738 -0.141855
-0.0876123 0.731183
0.356934 0.304265
-0.0593693 0.101493
0.523267 -0.670415
0.091752 -0.150671
0.121615 0.673026
0.208003 0.00667958
-0.275182 0.2464
-0.377829 -0.781247
-0.0364035 -0.210363
0.509234 0.440209
0.0016544 0.00472613
0.00369293 -0.0554339
0.110696 -0.0213218
-0.00122072 0.00705383
-0.0324742 -0.803627
-0.0796922 0.540408
-0.44108 -0.733518
-0.164468 -0.584855
0.109939 -0.507544
0.157373 0.520139
5.30401e-05 -0.00549775
-0.147208 0.147442
0.120109 0.0623084
-0.0309331 0.0432588
-0.118478 -0.790057
0.153568 -0.435993
-0.91695 -0.10301
0.550541 0.124694
-0.438953 -0.212122
-0.0811974 0.301997
0.199359 -0.244167
0.268696 0.497138
0.244215 0.462266
0.846951 0.229553
-0.840958 0.455922
0.238438 -0.0578879
-0.165226 0.0494545
-0.119658 0.315006
-0.408591 0.337376
-0.311844 0.577793
0.085481 0.0790911
0.128668 0.0323271
-0.207531 -0.601853
0.0530498 0.0524851
-0.204227 0.174765
-0.359333 -0.209512
0.24458 -0.0292493
0.0905649 -0.7497
-0.103331 -0.113786
0.624115 0.518286
0.0502352 0.0186663
0.0108485 0.0715747
-0.429787 0.275183
0.516888 0.133449
0.292393 0.744123
0.31873 -0.185896
-0.309219 -0.00319864
0.900417 -0.31866
0.195331 0.0369652
-0.0685661 0.0141568
-0.415494 0.0367385
-0.0267052 -0.044161
0.163041 -0.437636
-0.313983 -0.297545
0.0170326 0.439086
-0.730316 0.0321084
0.0989513 -0.28369
0.268009 -0.667254
-0.00388084 0.212738
0.848467 0.0656007
0.0831262 0.435452
0.014875 -0.928127
0.536438 -0.482678
0.612919 -0.334833
0.105488 -0.907041
-0.187505 0.339706
-0.236306 0.0942026
-0.17754 -0.977719
-0.220422 0.110088
-0.134297 -0.314675
0.600557 0.297283
0.175757 -0.032887
0.702214 -0.52466
0.661438 0.415936
-0.101583 -0.111422
-0.0843748 -0.0566402
0.837359 0.159022
-0.309892 -0.155333
0.876903 0.255107
0.228341 -0.438482
0.60131 -0.547889
0.142648 0.064813
0.18864 0.260982
-0.717502 -0.328881
0.39099 0.423879
0.00514705 0.254152
-0.186721 0.0835861
0.189696 0.10607
0.330874 -0.00273523
-0.169356 0.0195992
-0.08738 0.624952
-0.0753414 0.00790779
-0.266788 0.141476
0.0124181 0.0559453
-0.443026 -0.14914
-0.00804549 0.0408639
0.13846 0.411399
0.0133523 -0.348559
0.225474 0.266021
0.289488 -0.146612
-0.237234 -0.127911
-0.169891 0.0278978
-0.00900148 0.0074941
-0.305127 0.463886
-0.0589728 -0.383682
0.818259 0.0992905
0.807329 -0.586429
-0.154751 0.478156
-0.299862 -0.118466
0.127681 -0.498975
-0.104558 -0.0389098
-0.0679184 -0.0200274
-0.660777 0.365301
0.239859 0.183056
-0.391315 -0.397403
0.0135941 -0.0257745
0.0617254 0.195413
0.0626971 0.294747
0.366734 -0.463208
0.554378 -0.0735862
-0.433154 0.389181
-0.874299 -0.481701
-0.283516 -0.00140762
-0.692131 -0.543405
-0.0479435 0.0371817
0.185791 0.349489
-0.930852 0.198184
-0.192706 -0.691523
0.879523 0.108883
-0.760774 0.279514
0.344807 -0.546083
0.160459 -0.218646
-0.0367618 -0.0180233
-0.0455977 -0.0496403
-0.300289 -0.306561
0.609172 0.0438641
-0.00786061 -0.00641716
-0.160282 0.56946
-0.108006 0.0195151
0.431273 0.789483
-0.243875 0.83154
0.142538 -0.311608
0.707563 0.282888
-0.313241 -0.421345
-0.0410186 0.0688424
-0.0138717 -0.0911676
-0.114528 0.132529
0.121914 0.563697
-0.577682 -0.736429
-0.561106 0.635621
-0.261669 0.0696426
-0.0727077 0.369457
0.0662153 -0.0134392
0.253369 0.515713
-0.433913 0.0709838
-0.12035 0.326256
-0.281477 -0.716275
-0.122076 -0.0245727
-0.443108 -0.606272
0.0877161 -0.157031
-0.136259 0.975602
0.297799 0.470759
0.423932 0.47345
-0.339008 -0.163398
0.125633 0.767695
0.893105 0.282053
-0.263778 0.629774
0.000723738 -0.32961
0.23183 -0.159253
-0.168449 -0.912247
-0.0601695 0.373582
0.0162544 0.0217888
0.559277 0.787415
-0.140899 -0.66484
0.508702 -0.619061
0.12397 -0.533627
0.104013 0.0805575
0.101331 -0.941121
-0.10552 0.214061
0.336721 0.0351675
-0.0860475 0.540264
0.00823543 0.0647258
-0.464501 0.360964
0.668859 -0.716543
0.250347 -0.1636
-0.259906 -0.530184
-0.135455 -0.123483
0.488895 0.665094
-0.768967 -0.0244419
-0.782042 -0.371688
-0.31226 0.188089
-0.356835 0.00876136
-0.171071 0.489569
0.0119876 -0.26289
-0.502764 -0.373628
0.357926 0.68606
0.465471 -0.743107
-0.393678 0.0876884
-0.174034 0.156305
-0.327483 -0.0688568
0.259737 -0.132124
-0.207789 0.0333091
0.52901 0.121368
-0.237307 0.576917
-0.539816 0.0350055
0.731582 -0.493949
0.0586235 0.901505
-0.354313 0.189011
-0.277262 -0.467073
0.0867903 0.156846
0.254956 -0.077432
0.213114 0.268796
-0.0181386 -0.791927
0.600292 0.0991632
0.121667 -0.0454764
-0.492071 0.265313
0.106004 -0.861681
-0.759313 0.47567
-0.799139 -0.100026
-0.41137 0.59461
-0.00748773 -0.00586566
0.215047 -0.131001
-0.482285 -0.694368
-0.256169 0.215761
-0.316858 -0.028313
-0.481185 -0.282842
0.380053 -0.271823
-0.042923 0.726617
-0.334205 0.554631
0.0489517 -0.281218
0.156289 -0.231577
0.119262 0.158964
0.508387 0.344236
-0.488291 0.271077
-0.120948 0.602528
-0.5446 -0.538196
0.881949 0.0972127
-0.0581999 -0.533816
0.465051 -0.4835
0.121019 -0.00839708
-0.165559 -0.34879
0.3468 -0.456825
-0.184398 0.550594
0.0153987 0.111679
-0.511631 0.380726
0.00487681 -0.00279688
0.0686534 0.232754
0.0401689 -0.0507012
-0.213893 -0.209041
0.236323 -0.142529
0.873912 0.234022
0.140228 -0.519077
0.0527282 0.0267262
-0.0658656 -0.520559
-0.575355 -0.751638
-0.356823 0.624145
-0.0858736 0.313954
0.154582 -0.103446
-0.179046 0.566296
0.0154356 0.133441
0.444394 0.536852
0.138206 -0.055135
0.0783072 0.335279
-0.494384 -0.624143
0.752037 0.366654
-0.0302228 -0.556187
0.0942793 0.0638058
0.248221 0.472072
0.15821 0.0604227
0.673814 0.601038
-0.507562 -0.487968
0.440862 0.0828604
-0.606472 -0.684287
-0.934438 -0.048704
0.844403 0.397582
-0.505725 -0.540168
0.160749 -0.135112
-0.536993 -0.190631
-0.0681158 0.076244
0.183282 -0.0740405
0.0128829 -0.438057
-0.644149 -0.218679
0.192517 0.827266
0.72003 0.0851156
-0.188486 -0.19565
0.133092 -0.0204331
-0.216443 -0.124781
0.0027328 0.00456816
0.203035 -0.078872
0.391382 0.54686
-0.00943305 0.00578514
0.141327 0.768489
-0.178877 0.242332
-0.636971 0.442072
0.706967 -0.121019
0.191537 0.28374
0.720376 0.102956
-0.626236 -0.3294
-0.215355 0.0970277
-0.595065 -0.0294712
-0.00742621 -0.0601395
-0.179257 0.449183
-0.312924 0.0217533
-0.465366 -0.0933116
0.259004 0.343224
-0.636337 0.247105
-0.54531 0.125468
0.424468 -0.508141
-0.753054 0.312211
-0.258723 -0.0535103
-0.321889 -0.254696
0.444611 0.524981
-0.498418 0.383905
0.47411 -0.535512
-0.30982 0.768034
0.285708 -0.240115
