-0.661877 0.517527
0.23468 -0.747108
0.29502 0.862592
0.0383125 -0.333026
-0.261956 -0.0923994
-0.329261 -0.34568
-0.363492 -0.0306787
0.823241 -0.478556
-0.129708 -0.622338
-0.110806 -0.0881667
0.000728291 0.0162843
0.045817 -0.129357
-0.1273 0.0913399
0.100622 0.0819807
0.197915 0.979122
0.272423 -0.43461
-0.174731 0.587194
-0.630143 -0.0969138
0.486379 -0.0840209
0.0391364 -0.289887
0.0657358 -0.522627
0.310819 -0.25214
-0.170049 0.226607
0.705421 -0.393446
0.0662495 -0.0218359
0.45096 0.270751
-0.0996819 -0.164346
-0.518243 0.723836
0.0636641 0.00805202
0.422203 0.176737
0.234235 -0.0437163
0.534514 -0.726825
-0.258388 -0.0659281
0.0241446 -0.374429
-0.253314 -0.445561
0.515498 0.129876
0.398108 -0.181759
-0.168942 -0.91535
-0.020463 -0.283556
-0.389218 0.508018
0.346519 0.594203
0.320965 -0.301121
-0.401009 0.725787
0.179476 -0.142179
-0.135763 -0.322987
-0.811922 -0.505583
0.414755 -0.509929
0.390351 -0.202087
0.157703 -0.365898
0.579933 -0.363087
0.10281 0.47141
0.833081 -0.457117
0.108312 -0.10036
-0.583374 0.265819
-0.120149 0.607835
-0.277637 0.735335
0.0668598 0.442005
-0.0307727 0.184991
-0.481605 0.278722
0.14135 -0.0937373
0.0724585 0.0734443
0.0325855 -0.494371
0.90377 -0.391069
-0.508224 0.458446
-0.508646 0.55085
0.0327175 0.292335
0.0205147 0.584128
-0.0170568 -0.151432
0.0338467 -0.120824
-0.00508097 -0.164023
0.0708971 -0.0229846
-0.0520479 -0.00709525
0.0109954 0.175867
-0.0867765 -0.793065
0.642843 -0.133526
0.0390887 -0.638263
0.0618627 0.0700828
0.458619 0.245534
0.0196487 0.0670882
0.195616 -0.417903
0.0200996 -0.572966
0.0284318 0.0434658
0.283038 0.959102
0.627439 0.631143
0.940795 0.332427
0.78218 0.382143
0.00368483 -0.00193418
0.251609 0.53796
-0.126792 0.102643
0.387165 -0.826874
-0.339746 -0.116285
-0.553896 0.170112
0.55702 0.402777
0.0243176 -0.530251
0.303932 -0.0148529
0.414625 -0.401225
-0.515632 -0.541611
-0.000488973 -0.0354175
0.743314 -0.376525
0.425681 -0.762495
-0.0380761 -0.978694
0.898572 -0.0929462
-0.666781 0.0114866
0.0790029 -0.14368
0.786939 0.413469
0.00798416 0.649658
0.08228 0.624079
-0.285774 0.639689
0.0382785 0.326541
-0.0497137 -0.0550308
-0.130172 -0.181872
0.5025 -0.0910693
-0.268373 -0.0799976
0.544639 0.469804
-0.394004 -0.258954
-0.899767 0.286628
0.193722 -0.274961
0.434424 0.00882169
-0.280987 -0.20008
0.0841898 0.828979
-0.671604 0.0722231
-0.163124 0.45349
0.292807 0.649101
0.601438 0.15791
-0.137822 -0.390369
-0.437235 -0.512851
0.138612 0.318239
-0.424824 -0.436503
-0.345473 0.643905
0.218996 0.707312
-0.367032 -0.844613
-0.0298053 0.65245
0.453729 0.278609
0.186937 -0.18142
0.570515 0.381156
-0.0717886 0.0850216
-0.480582 -0.318768
-0.160803 0.646869
-0.185265 0.753321
0.121829 0.306303
0.984114 0.0221314
-0.405319 0.721313
-0.173418 0.0731157
0.836937 -0.467462
-0.24058 -0.726051
-0.0475623 -0.111416
0.0583134 -0.379376
0.815537 -0.473545
0.248007 0.825466
-0.757772 -0.235949
0.245811 -0.167205
0.639075 -0.647328
-0.442132 -0.229491
-0.0243604 0.160923
-0.863593 0.0412762
0.270035 -0.376914
-0.126521 0.479569
-0.0725077 -0.16521
0.467067 0.557833
-0.602425 0.0287066
-0.135002 -0.827189
0.0312284 0.17545
0.360699 0.344128
-0.0884124 0.106269
0.29552 -0.134786
-0.654012 -0.630566
0.347372 -0.761324
-0.252446 0.427037
-0.21373 -0.331381
-0.0340546 0.60793
0.13579 0.0665704
-0.0649127 -0.0861254
-0.0865888 0.353138
0.27851 0.17958
0.391641 -0.170957
-0.0566026 0.580819
0.0487042 -0.656944
0.268192 0.407011
-0.621786 -0.627006
0.135533 0.499659
-0.498684 0.249376
-0.653821 0.511192
-0.112306 0.216986
-0.469647 -0.55803
-0.518494 0.837307
0.589008 0.677262
0.410551 0.0139571
0.119548 -0.774105
0.220696 0.193753
-0.156809 -0.851212
-0.0466701 0.0154547
-0.257855 -0.95217
-0.208052 0.034436
0.71886 0.481435
-0.0738036 0.0668213
-0.166277 -0.251819
0.547524 0.595695
0.0486337 0.0169665
0.0882191 -0.449134
-0.647491 0.244387
-0.100714 -0.0635933
-0.568454 -0.108065
-0.38479 0.453889
0.232893 -0.195833
0.230068 0.417375
-0.601768 -0.0982086
-0.509272 -0.351725
0.112318 -0.20489
0.0570036 0.0407827
0.446791 0.808487
0.0738917 0.476033
-0.209776 0.799714
0.257721 -0.247319
0.136537 -0.316016
0.64205 0.149148
0.0454728 -0.253422
0.32237 -0.536571
0.0558219 0.303058
-0.150623 -0.128549
-0.0500599 -0.0976487
-0.149179 -0.767906
-0.162963 0.116551
-0.28891 0.127165
-0.173989 0.151944
0.300268 0.440186
0.553069 0.0508059
-0.280683 0.256477
-0.0241385 -0.304453
-0.153537 -0.210376
0.483313 -0.267324
0.251668 -0.638154
-0.264827 0.645646
0.645429 0.024363
0.296541 -0.442843
-0.386095 -0.483122
-0.420841 0.302904
-0.0703911 -0.355248
-0.351372 -0.720816
0.149623 0.0313705
-0.0249781 -0.0584469
-0.137604 -0.127534
-0.637656 -0.289511
0.00112476 4.03641e-05
-0.0221709 0.304433
0.409941 -0.511327
-0.0983692 0.152128
0.483618 -0.459845
-0.252773 0.602423
0.345016 0.814993
-0.157102 -0.0034169
-0.3733 -0.740147
0.326967 0.84298
-0.107526 -0.379586
-0.830677 -0.254962
0.673461 -0.304157
0.208748 -0.103772
0.50389 -0.224018
-0.467682 -0.160348
0.288218 -0.893809
-0.6748 -0.455485
0.656914 -0.0194052
-0.422463 0.835071
-0.740676 -0.46456
0.0373405 -0.636677
0.215915 -0.744754
-0.208268 -0.160251
0.234544 0.407946
0.526388 -0.596424
-0.447166 -0.749806
-0.314527 -0.266861
-0.364058 -0.473022
0.321077 0.43238
0.566647 0.119069
-0.696357 -0.0797615
-0.82889 -0.0786112
-0.112417 0.00720744
0.486836 0.153124
-0.609697 0.53985
-0.609021 0.188942
-0.123037 0.0747842
-0.205844 0.136577
-0.00352958 -0.0170961
0.221042 -0.52943
-0.550363 0.191362
0.477141 -0.0145
0.0524461 0.0264164
-0.524752 -0.367718
0.042003 0.218604
0.558852 -0.29136
-0.717929 0.17068
0.259086 -0.353852
0.904 -0.300582
0.0959294 -0.893954
-0.32472 -0.0763256
-0.21696 0.0308067
-0.928442 0.200385
0.865692 -0.180542
-0.177415 0.0478902
0.0804875 -0.776061
-0.0431059 0.903754
0.741677 -0.173116
-0.271354 0.19102
-0.528287 -0.188128
0.225295 0.579943
-0.304907 0.368074
0.565981 -0.327452
-0.16522 -0.130741
0.667598 0.550716
0.117659 0.354542
-0.539938 -0.355606
-0.556342 -0.384979
-0.0546076 -0.0219674
0.0261049 0.563013
-0.0105153 0.0157177
0.00805037 -0.00418554
0.0779494 -0.596354
0.810357 -0.361165
-0.163903 0.055563
0.13675 -0.468157
0.624211 -0.136724
-0.0413553 0.14973
-0.587674 0.657969
-0.0133493 -0.899332
-0.0684831 0.470851
0.680528 0.658035
-0.619032 -0.605144
0.63939 -0.328119
-0.0370814 0.180292
0.0486743 0.159922
0.279904 0.560077
0.017807 0.125411
0.943333 0.0823958
0.117243 0.110084
-0.274871 -0.371146
0.737522 0.541932
0.55485 0.263468
-0.393647 0.00882898
-0.116994 0.420617
0.208015 -0.127669
0.206071 0.52733
-0.0315814 0.0144167
0.0172974 -0.81372
0.356354 -0.0045458
-0.0352768 -0.00525793
-0.105756 -0.170866
-0.327902 0.618209
-0.537495 -0.708541
0.324658 0.105866
0.252128 -0.724059
-0.289842 -0.63576
-0.348324 0.834401
-0.223216 0.718609
0.302372 0.750768
0.558101 0.194769
0.0558204 0.0847173
0.160107 0.184321
0.550362 0.21015
0.837909 -0.298686
0.0499512 -0.0253646
-0.0205322 0.4686
0.286546 0.512322
-0.578145 0.0865315
0.729127 -0.365369
-0.457763 -0.260152
0.113037 0.720586
-0.176455 -0.196597
0.535233 0.0562005
-0.535848 0.761967
-0.203638 -0.02915
-0.140956 0.375394
-0.416265 -0.53758
-0.0528622 0.440176
-0.349903 0.60995
0.0124051 -0.214165
-0.104627 -0.235955
0.00910342 -0.0133731
-0.687206 -0.504334
-0.158471 -0.279705
0.304283 -0.430072
-0.00978846 0.250019
-0.0729368 -0.006609
-0.680557 -0.573244
0.230112 -0.478585
-0.0797613 -0.955634
-0.219152 0.265105
0.0434226 0.00655988
-0.00505993 0.00040609
-0.0759304 -0.282872
-0.819258 -0.0381687
0.412088 0.220708
-0.189976 0.0195872
0.88927 0.248658
0.00272652 0.0843669
-0.544556 -0.457695
0.0901638 -0.0222073
0.436435 0.749685
0.0217683 -0.475449
0.776757 0.0340884
-0.0491589 -0.576521
0.657438 -0.347715
0.0225889 -0.0937203
0.760475 0.563398
0.0184316 0.274278
0.6696 0.455323
-0.127061 0.735841
0.160198 -0.0661041
0.624741 0.434292
0.552856 -0.810509
-0.120799 -0.319464
-0.418279 0.182887
-0.293194 0.584629
0.411131 0.437678
-0.0585349 0.0563708
-0.0734737 -0.115579
0.0837726 -0.0779937
0.141788 0.564928
-0.657349 -0.120629
0.292678 -0.109079
0.553057 0.533168
-0.0380965 -0.00358571
0.0954929 0.387713
0.242153 0.382431
-0.281931 0.124623
-0.00320044 -0.00439263
-0.122632 0.0298906
0.0159048 -0.0826686
-0.313595 -0.720658
0.611312 -0.674396
0.05994 0.0183092
0.232972 0.472792
0.716696 0.589306
-0.319263 -0.220482
-0.195983 -0.607583
-0.449192 0.298653
-0.7264 -0.385651
0.162856 0.907047
-0.55527 0.560875
0.312454 0.219569
-0.613792 0.525412
0.684281 -0.300304
0.415958 -0.740433
-0.471775 -0.536508
-0.365748 -0.36418
-0.442051 -0.238742
0.660351 0.123718
-0.612391 -0.443205
0.0859231 0.109263
0.0335717 -0.193
-0.0778098 -0.840688
-0.0919722 -0.159394
0.246614 0.192728
0.711359 0.532242
-0.0610904 0.475872
-0.046913 0.194136
0.621515 -0.214972
-0.221708 -0.00963844
0.717033 -0.303097
-0.0393078 0.136574
-0.345181 -0.442243
0.0939443 0.868347
-0.463356 -0.489461
0.321005 -0.768182
0.760977 0.13751
-0.436478 -0.397577
0.116788 -0.754782
0.251866 0.131847
0.410696 0.778295
-0.113905 0.138065
-0.320496 0.30589
0.522212 0.382857
0.222128 -0.238217
0.482024 0.369906
-0.00142316 -0.805788
-0.267074 0.29613
-0.0547866 0.390413
0.545373 0.249283
-0.820972 0.372553
-0.400813 -0.784805
-0.453357 0.0816538
0.0468069 0.288661
-0.21803 -0.114078
0.211509 0.214399
-0.743625 0.0932036
0.171782 0.454485
0.574474 0.638459
0.117146 0.268749
0.00229577 -0.00165102
0.103959 -0.269388
-0.24883 -0.601017
0.168531 0.0486523
0.150475 -0.947846
0.0726957 -0.0864654
0.207119 -0.00755648
-0.264427 -0.466366
0.22068 -0.410247
-0.211546 -0.866885
0.140885 0.379991
0.472278 0.692224
-0.301491 0.602416
-0.339976 -0.0704372
