-0.661877 0.517527
0.23468 -0.747108
0.29502 0.862592
0.0383125 -0.333026
-0.261956 -0.0923994
-0.329261 -0.34568
-0.363492 -0.0306787
0.823241 -0.478556
-0.129708 -0.622338
-0.110806 -0.0881667
0.000728291 0.0162843
0.045817 -0.129357
-0.1273 0.0913399
0.100622 0.0819807
0.197915 0.979122
0.272423 -0.43461
-0.174731 0.587194
-0.630143 -0.0969138
0.486379 -0.0840209
0.0391364 -0.289887
0.0657358 -0.522627
0.310819 -0.25214
-0.170049 0.226607
0.705421 -0.393446
0.0662495 -0.0218359
0.45096 0.270751
-0.0996819 -0.164346
-0.518243 0.723836
0.0636641 0.00805202
0.422203 0.176737
0.234235 -0.0437163
0.534514 -0.726825
-0.258388 -0.0659281
0.0241446 -0.374429
-0.253314 -0.445561
0.515498 0.129876
0.398108 -0.181759
-0.168942 -0.91535
-0.020463 -0.283556
-0.389218 0.508018
0.346519 0.594203
0.320965 -0.301121
-0.401009 0.725787
0.179476 -0.142179
-0.135763 -0.322987
-0.811922 -0.505583
0.414755 -0.509929
0.390351 -0.202087
0.157703 -0.365898
0.579933 -0.363087
0.10281 0.47141
0.833081 -0.457117
0.108312 -0.10036
-0.583374 0.265819
-0.120149 0.607835
-0.277637 0.735335
0.0668598 0.442005
-0.0307727 0.184991
-0.481605 0.278722
0.14135 -0.0937373
0.0724585 0.0734443
0.0325855 -0.494371
0.90377 -0.391069
-0.508224 0.458446
-0.508646 0.55085
0.0327175 0.292335
0.0205147 0.584128
-0.0170568 -0.151432
0.0338467 -0.120824
-0.00508097 -0.164023
0.0708971 -0.0229846
-0.0520479 -0.00709525
0.0109954 0.175867
-0.0867765 -0.793065
0.642843 -0.133526
0.0390887 -0.638263
0.0618627 0.0700828
0.458619 0.245534
0.0196487 0.0670882
0.195616 -0.417903
0.0200996 -0.572966
0.0284318 0.0434658
0.283038 0.959102
0.627439 0.631143
0.940795 0.332427
0.78218 0.382143
0.00368483 -0.00193418
0.251609 0.53796
-0.126792 0.102643
0.387165 -0.826874
-0.339746 -0.116285
-0.553896 0.170112
0.55702 0.402777
0.0243176 -0.530251
0.303932 -0.0148529
0.414625 -0.401225
-0.515632 -0.541611
-0.000488973 -0.0354175
0.743314 -0.376525
0.425681 -0.762495
