-0.722086 0.564605
0.265196 -0.844257
0.308986 0.903424
0.0661719 -0.57519
-0.49703 -0.175317
-0.476542 -0.500305
-0.601834 -0.0507948
0.843638 -0.490413
-0.162681 -0.780542
-0.29446 -0.234298
0.00570432 0.127546
0.12368 -0.349192
-0.321606 0.230757
0.279299 0.227557
0.198021 0.979649
0.380376 -0.606833
-0.223237 0.750203
-0.78919 -0.121375
0.692301 -0.119593
0.0723612 -0.535986
0.0905736 -0.720098
0.491307 -0.398555
-0.319476 0.425734
0.784904 -0.437778
0.250838 -0.0826765
0.621795 0.373318
-0.227365 -0.374859
-0.549265 0.767164
0.251318 0.0317859
0.624065 0.261238
0.479854 -0.0895571
0.562737 -0.765202
-0.500366 -0.127669
0.0394171 -0.611272
-0.353832 -0.622365
0.70702 0.178128
0.601789 -0.274751
-0.175109 -0.948761
-0.0383784 -0.531809
-0.48653 0.635033
0.417808 0.716448
0.483815 -0.453903
-0.440377 0.797038
0.375075 -0.297131
-0.229364 -0.545667
-0.830193 -0.51696
0.511574 -0.628965
0.588771 -0.30481
0.249838 -0.57967
0.701101 -0.438949
0.14801 0.678663
0.85461 -0.468929
0.281867 -0.261173
-0.728602 0.331993
-0.15264 0.772203
-0.31316 0.829417
0.0999988 0.661085
-0.0710602 0.427181
-0.645625 0.373647
0.343222 -0.227609
0.225585 0.228654
0.0462942 -0.702354
0.910741 -0.394085
-0.614308 0.55414
-0.587423 0.636164
0.0603238 0.539
0.0268335 0.764047
-0.0436939 -0.387918
0.0955517 -0.341093
-0.0125427 -0.404901
0.259695 -0.0841923
-0.227092 -0.0309576
0.0261937 0.418956
-0.0971529 -0.887896
0.793353 -0.164789
0.0488816 -0.798166
0.202334 0.229219
0.635862 0.340426
0.0743148 0.253739
0.287976 -0.615216
0.0265454 -0.756713
0.124755 0.190722
0.283039 0.959105
0.6651 0.669027
0.941832 0.332794
0.838325 0.409574
0.0571198 -0.0299823
0.326492 0.698065
-0.313923 0.254133
0.405186 -0.865362
-0.566956 -0.194053
-0.727659 0.223478
0.671847 0.485808
0.0333773 -0.727801
0.550972 -0.0269254
0.545857 -0.528216
-0.596272 -0.626314
-0.00259809 -0.188186
0.814306 -0.412486
0.455523 -0.815948
-0.0384738 -0.988916
0.945412 -0.0977911
-0.816506 0.0140659
0.195103 -0.354828
0.834647 0.438536
0.00990536 0.805983
0.103706 0.786591
-0.341414 0.764236
0.0667582 0.569491
-0.182553 -0.202078
-0.275249 -0.384571
0.703168 -0.127437
-0.507139 -0.15117
0.642189 0.553951
-0.57381 -0.377128
-0.925915 0.294957
0.334028 -0.474106
0.65904 0.0133829
-0.478423 -0.340667
0.0922303 0.90815
-0.817162 0.0878762
-0.234975 0.65324
0.346988 0.769212
0.762707 0.200251
-0.214203 -0.606713
-0.532605 -0.624714
0.235268 0.540153
-0.54433 -0.559295
-0.404144 0.753258
0.254502 0.82199
-0.382467 -0.880133
-0.0368802 0.807323
0.621815 0.381821
0.366265 -0.355453
0.688757 0.460151
-0.215206 0.254876
-0.632843 -0.419762
-0.196959 0.792315
-0.210342 0.855291
0.212192 0.533495
0.9919 0.0223065
-0.445597 0.792991
-0.399745 0.168539
0.854803 -0.47744
-0.275084 -0.830181
-0.136651 -0.320109
0.0941235 -0.61235
0.839801 -0.487633
0.267135 0.889132
-0.850594 -0.264851
0.450829 -0.306662
0.670064 -0.678717
-0.626433 -0.325154
-0.0603831 0.398887
-0.928767 0.0443913
0.396569 -0.55353
-0.179652 0.680957
-0.170703 -0.38895
0.54758 0.653992
-0.775721 0.0369645
-0.147463 -0.903542
0.0739753 0.415614
0.510859 0.487389
-0.237793 0.28582
0.518531 -0.236501
-0.686162 -0.661564
0.379731 -0.832245
-0.358423 0.606306
-0.34036 -0.527714
-0.0436424 0.779088
0.349179 0.171184
-0.197662 -0.262256
-0.143599 0.585643
0.483808 0.311954
0.599112 -0.26152
-0.0740952 0.760316
0.0600078 -0.809411
0.384141 0.582978
-0.661685 -0.66724
0.188364 0.69443
-0.66785 0.333971
-0.717688 0.561127
-0.227205 0.438982
-0.549921 -0.653411
-0.522468 0.843725
0.621712 0.714867
0.640557 0.0217764
0.135077 -0.874663
0.407248 0.357529
-0.16855 -0.914946
-0.210485 0.0697017
-0.259618 -0.958679
-0.453056 0.0749881
0.772842 0.517588
-0.233904 0.211775
-0.30269 -0.458412
0.6087 0.662253
0.214289 0.0747575
0.130396 -0.663862
-0.778318 0.293765
-0.29182 -0.184262
-0.747297 -0.142064
-0.498826 0.588403
0.422197 -0.355014
0.333262 0.604583
-0.770656 -0.125771
-0.647337 -0.447079
0.23236 -0.423869
0.215315 0.154045
0.464871 0.841203
0.106461 0.685857
-0.230708 0.879513
0.43122 -0.413814
0.232709 -0.538607
0.790821 0.183708
0.0896167 -0.499437
0.407456 -0.678192
0.100559 0.545935
-0.338482 -0.288878
-0.15112 -0.29478
-0.168667 -0.868224
-0.364075 0.260387
-0.514226 0.226339
-0.362009 0.316142
0.411347 0.603025
0.742125 0.068173
-0.455199 0.415943
-0.0436788 -0.550908
-0.300853 -0.412228
0.650331 -0.359703
0.303857 -0.770491
-0.317017 0.772883
0.8031 0.0303146
0.406198 -0.6066
-0.490957 -0.614336
-0.584437 0.420653
-0.116969 -0.590316
-0.392381 -0.804943
0.382673 0.0802328
-0.0990755 -0.231829
-0.317684 -0.294437
-0.761981 -0.345958
0.0335266 0.00120317
-0.0401294 0.551025
0.506383 -0.63162
-0.231114 0.357418
0.592009 -0.562908
-0.312732 0.745321
0.366745 0.866321
-0.396314 -0.00861966
-0.410008 -0.812927
0.343858 0.886528
-0.17119 -0.60433
-0.89113 -0.273517
0.783433 -0.353825
0.432348 -0.214927
0.678556 -0.30167
-0.665133 -0.228046
0.297412 -0.922321
-0.74787 -0.504806
0.810326 -0.023937
-0.436702 0.863217
-0.792128 -0.496832
0.0467571 -0.797236
0.245197 -0.845754
-0.406277 -0.312608
0.341913 0.594693
0.590185 -0.668709
-0.478582 -0.802484
-0.489728 -0.415511
-0.471217 -0.612253
0.437516 0.589183
0.744672 0.156477
-0.831765 -0.0952714
-0.908398 -0.0861517
-0.334943 0.0214743
0.681473 0.214343
-0.675628 0.598229
-0.762674 0.236611
-0.324252 0.197086
-0.414154 0.274789
-0.0267143 -0.129395
0.291826 -0.69897
-0.720996 0.250692
0.690595 -0.0209867
0.216425 0.10901
-0.655548 -0.459373
0.0890257 0.463332
0.703952 -0.367008
-0.83574 0.198688
0.391226 -0.534325
0.926187 -0.30796
0.10117 -0.942789
-0.562232 -0.132153
-0.463471 0.0658095
-0.952651 0.20561
0.920575 -0.191988
-0.413866 0.111716
0.0911211 -0.87859
-0.0453173 0.95012
0.84986 -0.198368
-0.471051 0.331597
-0.705459 -0.251221
0.285626 0.735244
-0.441033 0.532401
0.699927 -0.404948
-0.359947 -0.284832
0.717626 0.591985
0.192507 0.580083
-0.671511 -0.44226
-0.67638 -0.468043
-0.225082 -0.0905456
0.034772 0.749939
-0.0764656 0.114297
0.0845143 -0.0439406
0.100513 -0.768976
0.860332 -0.383439
-0.393987 0.133562
0.195813 -0.670356
0.780868 -0.171037
-0.104929 0.379903
-0.62568 0.700521
-0.0140758 -0.948279
-0.0992815 0.682604
0.699445 0.676326
-0.665327 -0.6504
0.754227 -0.387051
-0.0864308 0.420233
0.119049 0.391143
0.353735 0.707811
0.0500328 0.352372
0.96941 0.0846735
0.292356 0.274504
-0.404464 -0.546129
0.770925 0.566477
0.707965 0.336174
-0.627334 0.0140703
-0.177064 0.636579
0.421055 -0.258421
0.273871 0.700827
-0.169498 0.0773745
0.0191732 -0.901962
0.59693 -0.00761467
-0.186792 -0.027841
-0.23592 -0.381167
-0.391978 0.739013
-0.569954 -0.751329
0.555573 0.181165
0.287944 -0.826916
-0.346747 -0.760579
-0.366315 0.877497
-0.257323 0.82841
0.336099 0.834511
0.725903 0.253329
0.17525 0.265973
0.324029 0.373033
0.717046 0.273796
0.888405 -0.316686
0.21104 -0.107164
-0.0299796 0.684216
0.373999 0.668682
-0.756159 0.113175
0.80738 -0.404582
-0.630859 -0.358524
0.132354 0.84373
-0.343313 -0.382502
0.729593 0.0766088
-0.555195 0.789478
-0.448981 -0.0642698
-0.222597 0.59282
-0.504832 -0.651958
-0.0793921 0.661087
-0.417266 0.727376
0.0267831 -0.462392
-0.205939 -0.464436
0.071573 -0.105142
-0.744325 -0.546252
-0.279495 -0.493315
0.41922 -0.592524
-0.0195687 0.499827
-0.269517 -0.0244216
-0.721465 -0.607701
0.315776 -0.656748
-0.0814503 -0.97587
-0.373673 0.452027
0.207209 0.0313032
-0.0710191 0.00569971
-0.140303 -0.522686
-0.904638 -0.0421465
0.602717 0.322806
-0.434712 0.0448203
0.925429 0.258769
0.00938447 0.290384
-0.645653 -0.542667
0.295884 -0.0728762
0.468589 0.804918
0.0315533 -0.689167
0.880915 0.0386594
-0.0646262 -0.757916
0.762339 -0.403196
0.0727525 -0.301846
0.781699 0.579122
0.0351543 0.523126
0.744118 0.505995
-0.147038 0.851534
0.384819 -0.158792
0.716221 0.497885
0.558153 -0.818275
-0.206701 -0.546639
-0.619069 0.270679
-0.362541 0.722906
0.530551 0.564808
-0.205335 0.197744
-0.198537 -0.312313
0.247615 -0.230534
0.185784 0.740226
-0.804085 -0.147556
0.523689 -0.195175
0.631002 0.608311
-0.194753 -0.0183306
0.15112 0.613566
0.359922 0.568424
-0.507802 0.224465
-0.0434125 -0.0595839
-0.345172 0.0841331
0.0548164 -0.284921
-0.353734 -0.812899
0.64075 -0.706871
0.239427 0.073135
0.320898 0.651229
0.744034 0.611784
-0.512548 -0.353965
-0.245284 -0.760424
-0.611605 0.406636
-0.800991 -0.425252
0.169646 0.944866
-0.625027 0.631336
0.505614 0.355306
-0.682851 0.584528
0.791578 -0.347392
0.451363 -0.803457
-0.558155 -0.63474
-0.509095 -0.506913
-0.623659 -0.336825
0.805642 0.150938
-0.704342 -0.509753
0.230463 0.293066
0.0758506 -0.436056
-0.084682 -0.914937
-0.214396 -0.371564
0.440811 0.344492
0.754704 0.564672
-0.0881969 0.687021
-0.104973 0.434401
0.766402 -0.265086
-0.470637 -0.0204602
0.812681 -0.343529
-0.104269 0.36228
-0.460853 -0.590442
0.100522 0.929144
-0.564399 -0.596196
0.351807 -0.841894
0.86536 0.156372
-0.56805 -0.517423
0.133635 -0.863658
0.472378 0.247281
0.437802 0.829662
-0.269235 0.326342
-0.481504 0.459561
0.648962 0.475784
0.389212 -0.417403
0.618386 0.474551
-0.00158542 -0.897656
-0.422929 0.468942
-0.0872559 0.621792
0.704282 0.321918
-0.864636 0.392368
-0.426969 -0.83602
-0.667966 0.120307
0.086556 0.533798
-0.439528 -0.229971
0.38541 0.390676
-0.858983 0.107662
0.246445 0.652021
0.61988 0.688923
0.216356 0.496348
0.0431722 -0.0310477
0.193464 -0.501321
-0.308519 -0.745189
0.402392 0.116164
0.153601 -0.967535
0.216291 -0.25726
0.454952 -0.0165984
-0.361141 -0.636939
0.323331 -0.601076
-0.223946 -0.917699
0.221306 0.596901
0.515916 0.756185
-0.367331 0.733973
-0.57698 -0.11954
-0.429818 -0.522012
-0.820298 0.210246
0.735126 0.0270015
0.18587 0.483877
-0.781848 0.286502
-0.278081 -0.398786
-0.273555 0.379898
-0.641877 0.319914
0.556887 0.182749
0.111898 -0.286005
0.934257 -0.0785877
-0.154307 0.705302
-0.268988 0.328302
0.40208 -0.526614
0.186304 -0.805226
0.39516 0.479737
0.520082 0.395057
0.75895 -0.156206
0.224864 -0.242218
0.129539 -0.37755
-0.443666 0.341098
-0.661158 -0.136235
0.847893 -0.161512
0.831548 0.516993
0.135318 0.0468751
0.764918 -0.559271
-0.174121 0.0969473
0.0807221 0.421052
-0.632453 -0.615138
-0.263457 0.0650234
-0.619359 0.159288
0.397134 -0.666417
0.221898 0.716999
-0.419073 -0.792215
0.259703 -0.0622609
-0.515659 0.457449
0.542924 -0.25193
0.763022 0.578488
0.673698 -0.668601
0.385597 -0.207573
0.814779 0.5146
0.888243 -0.178745
0.712987 0.0211802
-0.100463 0.422084
-0.0591046 0.789952
0.842612 0.196679
-0.501563 0.685753
-0.204562 0.911144
-0.336463 -0.662971
-0.69607 -0.687893
-0.728641 0.326939
0.0925382 -0.00230206
0.538084 -0.272384
-0.0289116 0.313766
-0.22833 0.865384
-0.0548598 -0.427807
0.61643 0.0269517
0.642141 -0.534557
0.0816708 -0.0707855
-0.269574 -0.322538
0.343459 -0.173973
0.5629 -0.59903
-0.50181 -0.155146
0.186793 -0.346858
0.358274 0.3076
0.431418 -0.516294
-0.716983 0.178101
0.780026 -0.498382
0.598333 -0.169312
0.159224 0.385725
-0.317297 0.382741
-0.664907 -0.689415
-0.453256 -0.402091
-0.520616 0.496336
-0.243766 -0.665142
-0.0788098 -0.108567
-0.272685 -0.738317
0.570835 -0.440756
-0.222183 -0.438235
-0.829662 0.188777
0.394809 0.795209
-0.287236 0.492618
0.330945 0.726899
0.487614 0.0758978
-0.323004 0.183799
-0.346134 0.304072
0.605092 0.641632
0.0703454 0.0906255
-0.847367 -0.164693
0.0136873 0.723573
-0.457757 -0.122891
0.527992 -0.786308
-0.42098 0.241269
-0.850842 0.12464
-0.29614 0.0692457
0.710247 -0.660903
-0.0823958 0.795807
-0.0811193 0.456246
-0.646756 0.17358
-0.470745 -0.284568
-0.931842 -0.0871921
-0.560444 -0.811
0.799243 -0.0756539
-0.687416 0.571109
-0.315681 0.644885
-0.049225 -0.796388
-0.908844 -0.19544
0.619447 0.447854
-0.43589 0.872287
0.731234 0.204391
-0.881746 -0.0985922
-0.862732 0.424025
0.569387 0.678189
0.091816 0.834787
0.771784 0.0382439
-0.892094 0.152546
0.183847 -0.699235
0.176934 0.30903
0.786125 -0.397376
-0.192081 0.721119
0.172898 0.466978
0.135435 0.115168
-0.636519 -0.567556
-0.200743 -0.414111
0.230821 -0.941473
-0.12314 -0.840462
-0.337265 -0.438452
0.331319 0.21064
0.562177 -0.684432
-0.417994 0.384676
0.585497 0.724234
-0.712504 0.589055
0.959222 -0.11229
-0.191934 -0.721424
0.717526 0.626196
0.00385104 0.00566102
0.543829 0.109607
0.504327 0.11286
-0.797621 0.106526
-0.720903 -0.439884
-0.474006 0.206041
-0.502284 -0.248504
-0.277875 0.0562996
0.538087 -0.611322
0.570156 -0.0504772
0.168325 0.467057
0.287661 0.212117
0.710326 0.28361
0.179968 0.224028
0.875076 -0.0575877
0.0606998 -0.502796
-0.349535 -0.14931
-0.760193 0.472103
-0.733687 0.24697
-0.361057 0.871813
0.103418 0.157556
-0.506172 0.700729
0.400529 -0.755151
-0.710783 0.559048
0.508493 0.658728
0.571568 -0.230617
-0.582702 -0.0279093
0.178577 -0.0905397
0.540717 0.525073
-0.13537 0.221997
-0.150376 0.29932
-0.0136648 0.325707
0.786289 -0.519709
-0.814986 0.0634258
-0.556114 -0.214722
-0.692394 0.566321
-0.809093 -0.24813
-0.813002 0.281919
-0.571867 -0.218959
0.835804 0.377141
0.15366 0.824596
0.0771309 0.0218271
0.817217 0.24587
-0.2828 0.942992
0.400354 0.0943029
-0.155928 0.780518
-0.0384981 -0.599526
0.00340116 0.733515
0.218165 0.774109
0.858347 0.0119154
-0.851033 -0.20166
-0.62257 0.0741854
0.194091 0.216145
-0.932099 0.243292
0.0980388 -0.825914
-0.574399 0.443726
-0.973095 -0.206322
-0.133257 -0.649192
-0.638801 0.414365
-0.000790788 -0.118952
-0.400058 -0.53403
0.060168 -0.163413
-0.565895 -0.259285
0.229947 0.0503487
0.231241 -0.849227
-0.185212 -0.0470385
-0.51867 0.245608
-0.123276 0.0742372
0.711806 -0.237684
-0.0288009 0.933952
-0.685048 0.498219
-0.215243 -0.777105
0.817479 0.514688
-0.649593 -0.0529373
-0.654263 0.264172
0.479367 -0.179139
-0.0771286 0.283985
-0.854112 0.14044
0.312269 -0.873542
-0.470688 -0.535558
-0.742104 -0.215022
0.374084 -0.186791
0.331249 0.929932
-0.566869 -0.136695
0.0872176 0.369648
0.57502 -0.679646
-0.732927 0.275432
-0.722576 -0.215957
0.72893 -0.0296594
0.238908 0.0456755
-0.283904 0.593169
-0.979425 -0.117781
-0.135236 -0.77134
-0.983119 0.163059
-0.725928 -0.00674952
0.235053 0.232028
-0.0455409 0.210455
0.222271 0.029306
-0.534324 0.4404
-0.532747 -0.524123
-0.460882 0.625299
0.145761 0.681332
0.839804 0.297671
-0.40183 0.775378
0.0953143 -0.196614
-0.592178 0.0740786
-0.180665 0.332038
0.0385728 -0.998876
0.227081 -0.0109212
-0.422117 -0.227599
-0.373072 0.595524
-0.811662 -0.209468
0.0145558 -0.789162
0.599157 0.449524
0.276554 0.258345
-0.018014 -0.851951
0.163909 0.666189
-0.0896081 0.977273
-0.0781864 -0.509613
-0.298829 0.708061
0.699068 -0.242729
-0.32536 -0.829394
0.140232 -0.506414
-0.313856 0.590033
-0.394225 -0.793683
-0.173572 0.936152
-0.0969532 -0.0793683
-0.582726 -0.69268
-0.439787 0.410734
-0.860405 -0.0288728
-0.692224 0.144377
0.493484 -0.0919131
0.179403 0.804172
0.456033 -0.165164
0.445207 -0.861759
-0.506852 0.0368475
0.832516 0.282175
0.403276 0.127751
-0.647562 -0.652433
-0.41912 -0.448296
-0.113641 0.537876
-0.394772 0.868149
-0.124852 -0.936339
-0.0272356 0.977686
-0.106633 -0.312996
-0.67386 -0.552887
0.405115 0.029951
0.423699 -0.632873
0.189946 -0.436729
0.439261 0.771778
0.766303 0.23231
-0.694318 0.417158
0.160136 -0.270581
0.638357 -0.23499
0.36133 -0.574532
0.0612159 -0.755292
-0.34816 0.0356887
0.283016 0.0264065
0.448457 0.107386
-0.22676 0.466711
0.843203 0.155423
0.781328 -0.56645
-0.201365 -0.0144307
-0.0950183 0.857338
-0.559577 -0.11642
0.64631 -0.132286
0.63935 0.413189
-0.268852 -0.55631
0.5384 -0.797803
-0.598235 0.514129
0.273126 0.780535
0.134162 -0.363157
0.0998821 0.818654
0.708317 -0.565169
0.436523 0.278444
0.463367 0.00940823
0.209814 0.274512
0.508608 0.802939
-0.487072 -0.648292
0.65077 -0.0648109
0.276457 -0.321975
0.0587593 -0.97397
-0.491072 0.844441
0.484105 -0.451203
0.392467 0.155833
0.33509 -0.394109
-0.43998 0.250999
0.753887 -0.316421
-0.803369 0.0525845
0.787588 -0.457464
0.732157 0.209552
-0.30007 -0.910736
0.192941 -0.391504
0.535567 -0.756735
-0.15876 0.667173
-0.534261 -0.739453
0.0828376 -0.378466
0.507598 0.390327
0.198426 -0.280631
-0.285494 0.950484
-0.0151759 0.952826
0.203378 0.34238
0.381003 -0.724473
-0.132328 0.289715
0.51068 -0.236345
0.385584 -0.292859
0.560637 0.81306
0.389286 0.666648
-0.949849 0.273101
-0.111471 0.0384605
0.489425 -0.709285
0.244015 -0.194936
-0.793098 -0.0376763
-0.00909296 -0.998484
0.592427 -0.0673653
-0.018125 0.211335
0.139256 0.463813
0.540216 -0.369425
-0.171975 -0.0325306
-0.270851 0.386483
-0.654369 0.180471
-0.454653 0.192862
0.41832 -0.66038
-0.66057 -0.407035
-0.405509 -0.361762
0.181831 0.0441759
0.457301 0.502932
0.806342 0.52959
0.71894 -0.351053
0.916735 -0.0252324
0.719507 -0.626095
0.314082 0.400736
-0.114476 -0.276594
0.160702 0.151371
-0.0626874 0.46192
-0.298621 -0.615106
-0.204823 -0.828665
-0.180607 0.285653
-0.156289 -0.725862
0.549398 -0.791065
0.560543 -0.134065
0.258116 -0.904389
0.122885 -0.283009
-0.0868099 -0.937657
-0.119964 -0.853529
-0.491209 -0.699743
0.781963 -0.0483855
-0.257553 -0.854666
0.464975 -0.679344
0.717144 -0.556205
-0.087534 0.330654
0.427995 -0.624418
-0.0196589 -0.0472875
-0.406063 -0.1431
0.48178 0.41404
-0.0566977 -0.630334
-0.0601235 0.268347
0.347423 0.63974
-0.274279 0.158264
0.526008 -0.793374
-0.24767 -0.288344
0.0366568 -0.703153
-0.209245 0.763829
-0.229882 0.639422
-0.0818915 0.362458
-0.01426 0.446917
0.109422 -0.751385
-0.278882 -0.151441
-0.152468 0.661107
0.239282 -0.275398
-0.617658 -0.132517
-0.764548 0.122634
0.621292 0.657808
0.70159 -0.391507
-0.700533 -0.23559
-0.317651 -0.813184
-0.0216577 0.433841
0.269619 -0.613454
0.628259 -0.394696
-0.130851 -0.322043
-0.190486 0.399757
0.137743 -0.961602
0.294428 0.0842605
-0.559208 -0.197751
-0.572257 0.0543864
-0.0830471 -0.641132
0.135395 0.0149648
0.235548 -0.38562
0.224807 -0.310683
-0.303247 -0.815049
-0.629257 -0.073217
-0.523214 -0.332097
0.439257 -0.763824
-0.295887 0.564241
-0.850277 -0.144278
0.115512 -0.0458362
0.890373 -0.234006
0.787367 -0.304263
0.0540651 0.023131
-0.354072 0.60831
0.633981 -0.383834
-0.229266 -0.104067
-0.106347 0.95894
0.561667 0.299365
0.181029 0.290688
-0.872219 -0.102377
0.462195 0.682762
-0.317134 0.0896294
-0.990021 -0.0906035
-0.0991012 -0.879323
0.0609264 -0.193814
0.627681 -0.527289
-0.651216 0.577484
0.0630845 -0.908917
-0.306109 0.595968
0.308075 -0.0035969
0.266236 0.409868
0.363467 0.658673
0.641837 -0.118065
-0.479488 -0.133328
0.361297 0.0431834
0.0946538 -0.229785
0.200237 0.366234
0.270467 0.441813
0.784828 0.26256
-0.141104 -0.935308
-0.842032 -0.375284
-0.612239 -0.490032
-0.917831 0.329928
-0.491409 0.356332
-0.854699 0.200214
0.629985 0.0375301
0.768666 -0.175632
0.404558 0.124704
-0.866888 0.42872
0.700119 0.317154
-0.38389 -0.54632
-0.683553 -0.642371
0.541299 0.727926
-0.883609 -0.0431989
-0.196957 -0.40103
0.460497 0.147941
0.287647 -0.401657
0.272932 0.763156
0.535343 0.0860143
0.709001 0.304633
0.69856 -0.0273413
0.209218 0.174028
-0.0201459 0.978579
0.311503 -0.246943
-0.00638237 -0.824705
0.688746 0.697598
0.342444 -0.53293
0.139602 0.8524
-0.97842 -0.178408
0.321173 0.792961
0.443534 -0.0965632
-0.464305 0.150486
0.713674 -0.552688
0.622922 0.507367
0.0546019 0.957861
-0.350454 0.224844
0.00782125 0.484407
0.253816 0.674698
-0.310685 -0.635753
0.123421 0.266118
0.624665 0.190308
0.259858 -0.489261
0.890595 0.307903
0.163151 -0.158904
0.160791 -0.745539
0.0602646 -0.249437
-0.288557 0.816348
-0.448209 -0.192235
0.331615 -0.298717
0.599271 0.560486
0.201116 -0.289463
-0.459851 0.563409
0.292563 0.0920844
-0.614895 -0.416636
-0.552489 -0.648801
0.50592 0.720909
0.71864 0.410311
-0.888424 -0.437056
0.360662 0.0739428
-0.13714 -0.656547
-0.898924 -0.0890353
-0.650945 -0.285002
-0.0409355 -0.904496
0.358219 0.0429411
0.260695 -0.747087
0.000788781 -0.37238
-0.399213 -0.700504
-0.0121499 -0.330359
-0.449084 -0.717227
-0.544305 0.206544
0.410881 0.360382
0.767147 -0.079833
-0.395376 -0.202089
-0.370366 0.647371
0.778774 0.0299706
-0.198057 0.103471
-0.679845 -0.244224
-0.541419 0.834221
0.399549 0.371552
0.532972 -0.276679
-0.960541 0.00435977
-0.736794 -0.362302
0.0851241 -0.399488
0.417375 -0.377734
-0.371874 -0.553253
-0.0247957 -0.569729
0.769408 -0.422396
0.834757 -0.172496
-0.144165 0.688849
0.437827 0.329518
-0.316529 0.434472
0.270349 -0.673032
-0.947076 -0.090246
0.11412 0.37335
-0.793792 -0.0651012
-0.333203 -0.124718
0.0347421 -0.105329
0.155124 0.325075
-0.721695 0.25155
0.245148 0.0443747
-0.243074 0.208206
0.612637 -0.629487
-0.554369 0.00643511
0.297836 -0.867008
0.560382 0.683344
0.861083 0.404823
-0.636568 0.292699
-0.745097 0.570584
0.951871 0.201169
-0.67604 -0.376491
-0.113986 -0.730191
-0.346534 -0.133371
-0.0800947 0.720865
0.661119 0.548208
0.259531 -0.804287
0.151471 -0.340206
0.365449 -0.231079
-0.829837 0.0296431
-0.627815 -0.119427
0.202517 0.505932
0.241644 0.782439
0.268828 0.432524
0.507129 0.61364
-0.6537 -0.360774
0.231218 0.346073
-0.0767035 -0.394017
-0.28457 0.89478
-0.440899 0.288932
0.749181 0.0731196
-0.138622 0.706144
-0.500238 -0.751615
0.312252 0.00414591
0.173576 -0.732579
0.696052 -0.109279
0.151659 -0.542167
0.404488 -0.0317135
-0.886131 0.458812
-0.265209 -0.280543
-0.202623 -0.723177
-0.0365919 -0.456501
-0.639517 0.673644
-0.0238172 -0.675354
-0.0793647 -0.8146
0.0330628 0.388548
-0.417608 -0.758703
-0.659767 -0.28644
-0.428921 -0.377471
0.590055 -0.468121
0.583792 0.247129
-0.181342 -0.914106
0.905881 0.191108
0.506233 -0.670899
0.415764 -0.533097
0.688423 0.0917801
-0.266814 -0.700536
-0.775227 0.39672
0.054679 0.244861
-0.0443085 -0.408835
-0.421384 0.878642
-0.306572 -0.935586
-0.992034 0.0834182
-0.211897 0.468926
0.15715 -0.277149
-0.459032 -0.00978923
0.831461 0.452217
0.00879851 -0.471325
0.30205 -0.145386
-0.70548 -0.328858
0.752926 0.465966
-0.43577 0.632947
-0.514176 0.718266
0.485338 -0.731525
0.697846 -0.277355
-0.756253 -0.0642582
-0.490242 -0.143617
-0.00595366 0.461583
-0.177173 0.0247766
0.504377 0.56143
0.105724 -0.54663
0.218753 0.767497
0.5871 -0.717635
0.964122 -0.171023
-0.815363 -0.350593
-0.662327 -0.320633
0.545656 0.595895
-0.874616 0.39085
-0.261749 -0.642159
0.504999 0.146014
0.475452 -0.634142
0.573176 -0.479328
0.0844695 -0.62499
-0.339761 0.160528
-0.121709 -0.484205
-0.699101 -0.272984
0.215876 0.666792
-0.51812 0.704705
-0.0398486 -0.240229
0.3254 -0.465913
0.353771 -0.404122
0.603617 -0.233307
-0.516222 0.854375
-0.605692 0.0868912
-0.0921463 -0.128105
-0.413282 -0.59272
0.620717 0.343304
0.598164 -0.429472
-0.374752 -0.843414
0.462952 0.34106
0.493491 -0.388236
0.61113 -0.535558
-0.273605 0.138629
0.277367 0.399302
-0.359729 -0.14069
-0.0186143 0.00768747
-0.568857 0.316509
-0.539862 0.295829
0.0184557 -0.86911
0.180999 -0.929936
-0.556426 0.30745
0.549929 -0.362306
0.699084 -0.106522
-0.536836 0.721101
0.522207 0.621841
0.635111 0.222575
0.137056 0.118114
0.677397 0.693004
0.331131 0.65492
-0.201746 -0.489373
-0.163764 0.841435
0.192381 0.29736
-0.836211 -0.0231198
-0.73123 0.210069
-0.502131 0.0751169
-0.255391 -0.413337
-0.457277 -0.828808
-0.599289 0.458312
-0.576619 0.559646
-0.293362 0.81356
0.218381 0.68448
-0.570847 -0.181277
-0.165954 0.53527
0.494074 -0.656994
0.661802 -0.188049
0.190965 0.709874
-0.245405 -0.41989
0.557784 -0.235923
0.388719 -0.138271
-0.562966 0.273607
-0.450997 -0.467522
-0.124254 0.2729
-0.294885 -0.458982
0.792006 -0.294649
-0.185611 0.0451373
-0.471327 -0.162006
-0.636613 -0.507548
0.315452 -0.0460392
0.162851 -0.937257
-0.657309 0.630477
-0.585992 0.624445
0.752126 -0.144214
0.181031 -0.0547301
0.259896 0.915761
-0.28137 0.90538
-0.342893 0.718618
-0.157075 -0.949287
0.132765 0.788182
-0.372981 0.493861
-0.357229 0.197846
-0.77748 0.458809
-0.976476 0.136707
0.133472 0.0667694
0.605139 -0.297663
-0.197603 0.901198
-0.476639 -0.279955
0.62985 -0.507531
-0.273801 -0.69239
-0.891294 0.225652
-0.0344486 -0.945975
-0.855443 -0.163426
-0.102317 -0.233655
-0.14387 -0.482956
-0.621229 -0.722374
0.212816 0.107603
0.164662 -0.171311
0.688443 0.125307
-0.589705 -0.0442816
0.107509 -0.30153
0.634835 -0.190149
-0.00986499 -0.297937
-0.0315058 -0.732948
0.666754 0.438432
-0.654047 0.0738408
-0.355356 0.653325
-0.17957 0.440532
-0.238299 0.895847
0.75569 0.651801
0.82039 -0.567678
0.820045 0.278851
0.3449 -0.926937
-0.94168 0.193019
-0.135775 0.903832
0.915253 -0.376913
-0.244201 0.136407
0.469848 0.818994
-0.365733 0.172905
0.297332 -0.906566
-0.400553 0.601537
0.473006 0.242512
-0.818962 -0.0456444
-0.609477 -0.124663
-0.663214 0.600322
0.226733 -0.770699
-0.424261 0.326465
-0.0851754 0.916761
0.061201 -0.445606
0.832055 0.200631
-0.0500051 -0.207252
0.704088 0.692635
0.242962 -0.268726
-0.150127 0.51794
0.164848 0.519165
0.129705 -0.28021
-0.531188 0.512253
0.192676 0.925891
-0.184587 0.923405
-0.333865 -0.798744
-0.643523 0.500194
0.661837 -0.210944
-0.429443 0.778484
0.463889 -0.0210925
0.302542 -0.102086
0.104813 0.139429
0.812167 0.0301742
0.135088 -0.502845
-0.864512 -0.35429
0.14246 0.257637
0.361888 0.794988
-0.351644 0.930029
0.555031 -0.501837
-0.68416 0.238334
-0.0617564 0.400738
0.173532 -0.321751
-0.609647 -0.545443
-0.854713 0.221541
0.972394 -0.0290139
0.641815 0.201189
-0.965671 0.104585
-0.35132 -0.268938
-0.683995 0.14454
-0.405982 0.480555
-0.168546 0.0186871
0.188905 -0.703966
-0.808793 -0.101453
0.0505785 0.310965
-0.451242 -0.446369
-0.747054 -0.336003
0.318977 -0.892594
-0.573284 -0.259491
0.292297 0.579094
-0.110921 0.122394
-0.409987 0.0526112
0.48536 0.424208
-0.750884 -0.63142
-0.80809 0.255521
0.21077 0.183605
0.705794 0.561032
-0.430714 0.641066
-0.0649809 0.945724
0.929442 -0.012413
-0.073744 0.692689
0.43819 0.655744
-0.905765 -0.117212
0.122006 0.972617
-0.218509 0.200957
0.476709 0.422484
-0.767044 -0.400598
0.395348 0.662421
-0.777334 -0.294395
-0.741273 0.475559
0.0571727 -0.0748888
0.315294 -0.651046
0.715535 0.669834
0.258242 -0.315033
0.606092 0.115422
0.616294 -0.690898
-0.540162 0.0711027
0.101257 0.109167
0.994154 -0.10635
0.511821 0.314893
0.0638637 -0.600513
0.340867 0.294966
0.175128 -0.55928
0.514903 0.112991
0.563156 0.196906
-0.439805 0.500168
0.931963 -0.196861
0.291658 -0.318603
-0.176721 0.23535
-0.834849 0.174038
-0.53345 -0.31287
-0.248119 -0.521204
-0.155043 0.198879
0.830011 0.34835
0.275811 0.512206
-0.11282 -0.371882
-0.589926 0.768268
-0.178867 0.885809
0.323633 0.218586
-0.561431 -0.0297801
0.0234103 -0.384095
0.87845 0.318674
0.79292 0.312786
0.371499 -0.886201
-0.375377 -0.520959
0.146993 -0.508783
-0.366306 -0.317596
-0.207153 0.656611
-0.210613 0.96162
-0.212626 0.562736
-0.672838 -0.0546817
-0.0809981 0.0636901
0.434535 -0.823593
0.815732 0.1012
0.958821 -0.0497419
0.657746 0.308949
-0.70546 0.503752
-0.350565 0.0487789
0.647584 0.204307
0.377733 -0.385345
-0.752927 -0.363821
0.748781 -0.327876
0.269742 0.335503
0.272809 0.398153
-0.540554 -0.366527
0.50193 -0.45821
-0.32335 0.0564189
0.518998 -0.0826525
0.522651 -0.163128
0.177091 0.981401
-0.961624 -0.137404
-0.182753 -0.508013
-0.832671 0.480159
-0.312029 0.275088
-0.665016 0.152126
0.259718 0.436989
0.169548 -0.0842683
0.0566737 0.309442
-0.129135 0.228337
-0.612572 0.0178848
0.50276 -0.820964
0.600119 0.132114
-0.316435 -0.458072
-0.0746168 -0.0615203
0.777998 0.0188823
-0.868484 -0.277595
0.520103 0.505908
-0.470384 0.151711
-0.637616 0.364684
0.913533 0.0283523
0.780632 0.521665
0.357548 -0.204333
-0.0165956 0.141676
0.315313 0.19778
-0.771863 -0.0685772
-0.753378 -0.130142
0.576201 -0.139819
-0.395534 -0.636604
-0.707851 -0.338889
0.0926494 0.512514
0.606131 0.455556
0.705776 0.522162
0.472616 0.0448282
0.069548 -0.739516
-0.498837 0.428399
-0.342813 0.807676
0.643842 -0.257474
-0.480875 -0.0035457
-0.311777 0.332877
0.276042 -0.717032
0.427612 0.837284
0.0528844 0.576988
0.295845 -0.222347
0.0170267 -0.946933
0.336409 0.596085
0.950617 0.265941
-0.0157851 -0.520147
-0.380405 0.00913734
-0.287538 -0.823131
0.18036 0.478092
0.283648 0.0558903
-0.654187 -0.280197
-0.0759046 -0.982169
0.111316 0.230625
-0.182746 -0.272252
0.991992 -0.0535725
-0.401656 0.818191
0.466545 -0.0959264
0.334117 0.329272
-0.319707 -0.786368
-0.183111 -0.508462
-0.789666 -0.329218
0.474249 -0.463944
0.0745369 0.231274
-0.322999 0.684786
-0.346334 -0.522511
0.478142 -0.349984
-0.204344 0.423662
-0.18305 0.776952
-0.0236382 -0.70668
-0.967647 0.0799907
0.126237 -0.84862
0.875465 -0.207519
0.846142 0.158971
-0.286172 0.0700056
-0.613557 0.584506
-0.376644 0.122232
-0.795849 -0.555292
0.571661 0.00275746
0.722616 -0.52456
0.207538 0.527106
-0.351179 -0.658467
0.0527115 -0.294891
-0.144163 -0.986288
-0.254693 0.0104027
0.685909 0.0332799
0.26025 0.955325
0.21916 -0.856264
-0.40897 -0.058068
-0.0422072 0.904243
-0.964637 -0.231819
0.50433 0.618007
-0.876782 -0.467809
-0.338191 0.789715
-0.742072 -0.167638
0.374119 -0.27294
0.114022 -0.844193
0.302042 -0.693166
-0.679853 -0.295496
-0.553932 -0.485245
0.241481 0.0211149
0.765077 0.192012
-0.386673 0.268394
-0.709435 0.570716
-0.573131 -0.772916
0.680897 -0.431256
-0.0964149 0.420346
0.10453 0.200702
0.226794 -0.901363
-0.653712 0.246244
-0.167737 -0.544477
0.556181 0.181698
0.590398 -0.353885
0.920434 0.135858
-0.579745 0.378432
-0.775892 -0.189238
-0.040905 0.648203
-0.471695 -0.595578
-0.677183 0.452641
-0.15966 -0.100396
-0.0926299 -0.214696
0.0414441 0.705524
-0.935865 -0.308567
0.327449 -0.554092
0.476405 -0.336093
-0.2696 -0.452691
-0.566958 -0.532177
0.744773 0.400098
-0.639442 -0.35375
0.317912 0.0267105
-0.0649167 -0.992052
-0.627529 0.397016
0.690697 0.722889
-0.120248 -0.197873
0.619486 0.388696
-0.425017 -0.267938
0.0105703 -0.879912
-0.0262445 -0.910766
0.0192665 0.549754
-0.476241 -0.594607
0.240325 -0.298136
0.00450866 -0.554087
0.68486 0.0943914
0.908334 0.0684344
0.705326 -0.323629
-0.133998 -0.0857511
-0.725868 -0.379805
-0.0137094 -0.0252242
0.791199 0.281694
0.0355741 0.576708
-0.324628 -0.195546
0.79258 -0.448926
-0.311915 -0.490824
-0.516013 -0.630178
0.037289 0.950229
0.505219 0.167555
-0.268926 -0.171505
-0.78577 -0.429915
-0.528326 -0.577082
0.170749 0.749994
-0.556967 -0.503327
0.086197 0.893054
0.151153 -0.413318
0.766386 -0.564007
0.0622562 0.925398
0.373014 0.0090445
0.891374 -0.176208
0.494982 0.822697
-0.681978 -0.404655
-0.877588 -0.185568
0.775069 0.477762
0.693018 -0.32227
-0.622516 0.539207
-0.179509 0.691504
0.108732 0.0811569
-0.618346 -0.349921
-0.311014 0.788844
0.771059 -0.47129
-0.0592957 -0.334746
0.89056 -0.136423
0.934278 -0.29754
0.228051 -0.96315
0.781214 -0.556393
-0.92978 -0.293782
0.0236423 -0.697262
-0.114827 0.262084
-0.46246 -0.793374
-0.491874 -0.0671139
0.00984385 -0.228697
0.813393 0.387812
-0.377667 0.846323
-0.713082 -0.379845
-0.776991 0.151189
-0.0345624 -0.699562
-0.141205 0.414212
0.485395 0.694508
-0.16265 -0.476198
0.450484 0.858478
0.598619 -0.490688
0.728949 0.436384
0.265953 -0.758539
-0.6323 0.042078
-0.4097 -0.549383
-0.103906 -0.0145051
0.281767 -0.570501
-0.0664822 0.767114
0.0102156 0.373778
0.0942915 -0.91256
-0.417758 0.735216
0.59374 -0.394971
0.117287 0.787891
0.185717 -0.158118
0.961293 -0.00355153
-0.24403 -0.0358518
0.192095 -0.923704
-0.760281 -0.176187
0.763993 0.0511592
0.150401 0.0551951
0.790127 0.18536
0.700538 0.295465
0.441885 0.815122
0.572083 -0.00179584
0.314703 0.563516
0.592422 0.644146
-0.108184 0.699624
0.128649 0.147235
0.578472 0.407759
-0.13645 0.0695304
0.268966 0.157449
0.970645 -0.0778447
-0.871435 -0.327908
-0.692515 0.209594
-0.717922 -0.229148
0.104626 0.705874
0.653221 0.398934
-0.507379 0.180751
-0.376073 -0.34171
-0.303664 -0.593988
0.215555 0.860152
-0.20966 0.873202
0.390375 -0.577014
0.648114 -0.0561935
-0.916761 0.319277
0.621603 0.157608
-0.462494 0.563073
-0.131106 0.0979561
-0.910053 -0.297529
-0.918259 0.0888892
-0.201494 0.242617
-0.333426 -0.774628
0.668979 0.00557258
-0.0992578 -0.347836
-0.698876 -0.36095
-0.510296 0.346616
0.342108 0.818387
-0.115357 0.824157
0.13289 0.118278
0.501551 -0.0825505
-0.362945 -0.656266
0.0969728 0.0644571
0.164964 0.0427345
0.660576 -0.234265
-0.421293 0.642764
-0.241141 -0.610125
0.5277 0.651289
0.359489 0.496158
-0.377794 -0.0148367
0.067726 -0.922703
0.0242563 0.285542
0.277463 -0.299522
0.412419 -0.503394
-0.36075 0.104453
-0.796715 0.583299
-0.637108 -0.152564
-0.245893 0.0924911
0.648181 0.458949
0.500605 0.48216
0.187272 0.0935241
-0.672514 0.109902
0.435405 0.757782
0.503193 0.602195
0.0310916 -0.562352
0.372927 0.71161
-0.101264 -0.714281
-0.24624 -0.590807
0.385531 -0.669231
-0.0577395 -0.736925
-0.53212 -0.0719349
-0.0750334 -0.362415
0.066194 0.233263
-0.148378 -0.371796
-0.342511 -0.43213
-0.51971 0.735854
-0.137366 0.83557
-0.90014 0.108783
-0.615553 0.253033
0.0501203 -0.785852
-0.0432346 0.441417
-0.19787 -0.9456
-0.549734 0.831214
-0.537669 -0.339459
0.399771 -0.127915
-0.557834 0.126512
-0.669746 0.153426
-0.418619 -0.0822912
-0.448422 0.684887
0.463376 -0.0757747
0.972724 0.198499
-0.166392 -0.542571
0.342454 0.436688
0.00242661 -0.428362
0.252 -0.720125
0.128667 -0.703195
-0.246987 0.0900626
0.651087 0.268437
0.718823 -0.520231
0.786274 -0.183412
0.914521 -0.121071
-0.290064 0.586426
-0.512841 -0.424506
0.699443 0.603969
0.871004 0.440068
0.273673 -0.112552
-0.275133 0.175492
-0.687517 0.409711
0.333847 -0.665084
0.267245 0.30651
-0.353407 -0.709027
-0.314165 -0.903315
-0.294163 0.184999
0.729955 -0.475536
-0.472381 0.296312
0.49055 0.79435
-0.191694 0.594257
0.347341 -0.603666
-0.506287 0.80832
0.629569 -0.74169
0.628411 0.136435
-0.88732 -0.11216
-0.620008 0.243415
0.96656 -0.0154787
0.416364 0.301895
0.284414 -0.228987
0.841279 0.261731
0.612229 -0.462625
-0.390511 0.553313
0.110216 -0.890487
-0.386895 -0.780361
0.574457 0.775596
-0.855571 0.494375
0.747767 -0.649986
0.782081 -0.379495
0.420579 0.755808
-0.936519 -0.291645
-0.68892 0.463232
-0.708871 -0.697143
-0.0119935 0.634897
-0.828251 -0.1937
-0.380949 0.000542424
-0.0768862 -0.760695
0.606822 0.168972
0.0851211 0.273015
0.485155 -0.759899
-0.0331383 -0.936774
0.609771 -0.78559
0.394403 -0.0736718
0.745521 -0.43054
-0.94586 0.0636952
0.187926 -0.224755
0.0302614 -0.190869
0.509555 0.0835077
-0.304687 -0.553049
0.379875 0.366817
-0.403488 0.208851
0.200876 -0.762653
0.394667 0.046773
0.0588842 0.911452
-0.283153 -0.374829
0.229774 0.165437
0.567516 0.263307
-0.924472 -0.315783
-0.0669029 -0.187807
0.634293 -0.258279
-0.404628 -0.145291
0.155482 0.880406
0.525811 0.231116
-0.0667974 -0.493529
-0.845553 -0.144246
0.862206 -0.327731
-0.960918 0.165864
0.663777 0.540904
-0.639205 -0.288076
-0.138748 -0.57385
-0.417388 0.200522
-0.708944 -0.55584
0.070495 -0.70206
-0.38671 -0.0931124
-0.473508 -0.487086
-0.418437 -0.548609
-0.06769 0.421348
-0.929269 -0.0702426
0.434517 0.390457
0.43417 0.228238
0.67344 0.435751
-0.11501 -0.0773953
0.0113021 -0.751047
0.787553 0.287847
0.535976 0.180316
-0.856201 -0.186904
-0.608251 -0.332268
0.370715 -0.0510283
-0.175472 0.560991
0.251604 -0.672704
0.960781 -0.0489587
0.525121 0.421315
-0.225194 0.465335
-0.611187 -0.496056
0.42267 -0.509502
0.721405 0.406342
-0.273591 -0.936359
-0.818083 -0.0815815
-0.489992 0.465896
0.127341 -0.745234
-0.350249 0.554966
0.472897 -0.295821
-0.913974 0.289528
-0.0868361 0.939001
-0.716295 0.486152
-0.121634 -0.238422
-0.622381 -0.0981677
-0.453918 -0.75927
-0.751647 0.530716
-0.113523 0.509771
0.494734 -0.132699
0.135809 0.589976
0.785512 0.214524
0.622012 0.585587
-0.206028 0.615625
0.566813 -0.758854
0.207488 0.773272
-0.811874 -0.322485
-0.467363 -0.664096
-0.76337 0.492056
0.190837 -0.145182
-0.277719 0.0816482
0.433332 -0.483337
-0.0389374 0.342372
-0.402313 0.326534
-0.729644 -0.143233
0.517213 -0.286831
0.860239 0.0694996
-0.968323 0.155543
-0.270976 0.244138
0.865159 0.165981
-0.420753 0.241569
0.488287 -0.00452499
0.792006 -0.591569
0.259323 -0.763987
-0.143057 -0.535076
-0.64589 0.53047
0.294292 0.276233
-0.10012 0.496859
-0.614987 -0.0988805
0.764499 -0.297787
0.234661 0.0340232
0.292515 -0.880188
0.0827932 -0.169976
0.256489 0.458181
0.429474 0.144833
-0.415544 0.162076
-0.632401 0.262461
-0.6251 0.220426
0.488388 0.31107
-0.312522 -0.387885
0.844038 -0.29374
0.175391 -0.0431631
-0.0634507 0.250271
-0.473308 0.138643
0.780951 -0.452776
0.433717 -0.455436
-0.0354846 0.968522
0.809803 -0.128052
0.264396 -0.0897923
-0.0789842 0.370917
-0.550309 0.834758
-0.834365 0.167452
0.456559 0.756113
0.715584 0.634399
0.262834 0.429795
0.823441 0.28186
0.0824856 -0.32022
0.0532083 0.10608
-0.0129868 0.28191
0.626058 -0.488576
0.411149 0.0682673
0.663584 0.570353
-0.491039 0.202228
-0.189107 0.22864
0.0706515 0.61703
-0.602926 0.529014
-0.510452 0.560408
-0.565302 0.730951
0.0839617 -0.72393
0.149286 -0.669272
0.134689 0.955449
0.885826 0.229628
0.0795143 -0.107298
0.380609 0.267416
0.188891 -0.27046
-0.202173 0.975262
0.0449276 -0.93338
0.35274 0.520677
-0.439775 0.0455676
-0.626385 -0.350511
0.459516 0.710118
-0.244745 0.952194
0.310615 -0.655508
0.751525 0.282881
0.575511 0.507535
-0.910615 -0.11404
-0.250454 -0.529157
-0.479152 0.574987
0.121111 -0.718663
-0.431493 -0.521403
-0.751122 0.243755
-0.960279 0.0192015
-0.188945 0.414744
-0.662661 0.461444
0.444734 0.777055
-0.986491 -0.105935
0.543955 -0.173124
0.537284 -0.719995
-0.838447 0.261523
-0.608725 0.734018
0.00735245 -0.752894
0.790914 -0.504455
-0.610873 0.240898
0.505332 -0.121851
-0.0634129 -0.461267
0.417453 -0.654253
-0.417148 -0.0655841
-0.438053 0.381205
0.915981 -0.0619152
-0.546886 -0.700094
0.0584579 -0.39129
-0.39939 0.0443875
0.834646 -0.167116
-0.5781 0.0147166
0.0254786 0.647904
0.92235 -0.0735699
-0.0866347 -0.993878
-0.847863 0.422018
0.208816 0.364383
-0.488283 0.387837
0.944812 -0.0525809
0.432315 0.216012
-0.64847 -0.308962
-0.428348 0.525636
0.00473975 0.748332
-0.0119526 -0.0560278
0.0767083 0.12927
-0.00796724 -0.445947
-0.357136 -0.075947
-0.465214 -0.163347
0.715614 0.514772
0.103148 -0.72831
-0.845625 0.346883
0.444745 0.0330013
-0.662746 -0.407421
-0.636356 -0.00263345
-0.490434 -0.58168
0.627249 0.425402
0.446958 0.0975002
0.0814833 -0.668606
-0.512797 0.142175
-0.239279 0.654672
-0.314138 -0.723213
0.00727433 -0.229943
-0.133209 0.447645
0.555426 -0.0166744
0.36907 -0.508987
0.106043 0.869695
0.524718 -0.112098
0.385493 -0.306386
-0.447242 -0.595149
0.420561 0.465731
0.524091 -0.106184
-0.477228 0.0143257
-0.0202675 -0.0442376
-0.113906 0.501548
0.000875946 -0.372262
0.049728 -0.767359
-0.406802 -0.519297
-0.409868 -0.589357
0.435377 -0.86644
-0.412331 0.691732
-0.709564 0.412889
0.73098 -0.178633
0.223072 -0.576946
0.852824 -0.357302
0.00530381 0.675369
-0.0131279 -0.264174
-0.138106 0.444817
0.0933794 0.478123
-0.989649 -0.0114804
0.523667 0.480227
0.413309 0.2853
-0.359333 -0.865619
-0.675735 0.532708
-0.246296 -0.529153
0.465674 -0.0317222
0.099048 -0.0800524
-0.553079 -0.315285
0.21811 -0.89783
-0.160696 -0.604446
0.48878 -0.69705
0.271475 -0.940051
0.351426 0.682588
0.141164 -0.269684
0.563953 0.274936
0.46051 -0.341358
-0.381205 -0.212119
0.905759 0.417415
-0.0486351 -0.515584
-0.527094 -0.42971
-0.273284 -0.583964
-0.703642 0.320812
0.756243 0.0158358
-0.107117 0.0538808
-0.737452 0.497419
-0.36484 -0.0369071
0.421407 0.27441
0.305522 -0.466312
-0.423874 0.294151
-0.439039 -0.690149
0.689593 -0.0101619
-0.376495 -0.645411
-0.718884 -0.248346
0.489161 -0.703849
0.174905 0.507325
-0.193712 -0.646525
0.884221 0.309275
-0.349949 0.114551
0.140232 0.19292
0.54111 -0.763334
0.743876 0.0465566
0.216518 -0.563302
-0.144895 -0.284285
-0.544795 0.594907
-0.118882 0.253563
-0.157297 -0.0555924
-0.48289 -0.290255
0.372256 -0.28539
0.357927 -0.10471
-0.772764 0.381312
0.124879 0.369148
0.355409 0.0663242
-0.0512879 0.499003
-0.248777 0.645852
-0.393812 0.511054
0.389601 -0.0698055
-0.598516 -0.0788658
-0.8635 0.185888
-0.401475 0.186144
-0.138679 0.902789
0.561004 -0.660268
0.828048 0.377708
0.638844 0.200269
-0.837786 -0.511983
-0.0148884 -0.0532063
0.0673852 0.0990438
0.582651 0.751782
0.238399 0.356996
-0.332383 -0.548532
0.319513 -0.602264
-0.0963755 -0.0921944
-0.660278 0.602866
-0.331048 -0.180915
-0.484517 0.783407
-0.0420336 -0.0934726
0.0549434 -0.780637
-0.687551 0.268529
0.909791 -0.0396764
0.18795 -0.67362
-0.760891 0.0376014
-0.585466 -0.396371
-0.663991 0.454065
0.420686 -0.750205
0.435797 0.609026
0.694194 0.11282
-0.986321 -0.0771397
0.141756 -0.791845
0.231981 -0.916971
-0.0257996 -0.597602
-0.241721 0.262987
-0.0409577 -0.651305
0.353758 -0.0658496
0.410958 -0.108895
-0.473847 -0.859792
-0.834084 -0.237453
-0.00495863 0.40243
0.135071 -0.347298
0.585897 -0.559664
0.163107 0.783434
0.114142 0.12948
0.492208 0.026539
0.620255 -0.512555
-0.856176 -0.231796
0.507037 0.649951
0.187562 -0.500033
-0.173349 -0.694844
-0.463059 -0.576797
-0.114477 -0.817737
-0.472994 -0.614321
-0.380842 0.502649
-0.405304 -0.159504
-0.368638 0.685027
-0.0444287 0.605583
0.454471 0.0259495
0.0564229 0.689785
-0.0665303 -0.373708
0.127799 -0.478801
0.766228 0.157924
-0.149144 0.557987
-0.30876 -0.285617
-0.116068 -0.291909
-0.349742 -0.455604
0.574733 0.0422999
0.558258 -0.249023
0.108487 -0.803427
0.306289 -0.438865
0.446918 -0.362349
-0.13013 -0.398266
-0.289964 0.26296
-0.567735 -0.621685
0.474267 -0.628369
0.394574 -0.445517
0.78474 -0.169105
0.938443 -0.130518
0.452938 0.229424
-0.479116 0.60602
0.783212 -0.388545
0.0391756 0.0271652
-0.689004 0.680935
-0.142172 -0.0974882
-0.154927 0.351136
-0.659155 0.0902994
-0.335751 -0.308181
-0.270881 0.323564
0.0234422 -0.0201786
-0.723312 -0.68554
-0.49377 0.704257
-0.520653 0.463697
-0.41723 0.373442
-0.542398 -0.260785
0.654747 -0.172429
0.163736 0.949205
0.851741 -0.400326
0.253758 -0.504892
-0.322406 0.449515
-0.620226 0.187363
0.529381 -0.620414
0.673285 -0.691612
0.534973 0.44093
-0.480286 0.0558608
0.144134 0.987837
-0.0273355 -0.318683
-0.643879 -0.3996
0.264473 -0.22502
-0.980243 0.106444
-0.614242 0.286069
-0.503873 0.43349
-0.378367 0.714342
0.554798 -0.0959147
-0.278782 -0.271897
-0.511074 -0.246137
0.275328 -0.0226463
0.657856 0.0329253
0.79656 -0.47465
0.285402 0.190302
0.473977 0.413994
-0.566129 0.00586615
0.728044 -0.566215
0.289736 -0.0529584
0.824638 0.320266
0.0350138 0.672894
0.555061 -0.426024
0.49366 0.620447
0.445302 -0.158253
-0.24059 0.240635
-0.696821 0.28828
-0.596342 -0.768631
-0.475727 0.445187
-0.172845 0.789346
0.0701129 -0.538362
-0.223446 -0.572693
-0.299428 -0.891751
-0.0395043 -0.43311
-0.124773 0.760047
-0.597572 0.591319
0.307721 0.490064
0.354319 -0.701442
0.00565322 0.23779
-0.183787 0.966282
0.379438 0.218857
0.0535327 -0.807486
-0.580328 -0.429017
0.59962 -0.214418
0.924663 0.355797
-0.0789565 0.472671
-0.710404 -0.569561
-0.220862 -0.958309
0.307234 0.460007
0.540497 -0.396655
0.365327 0.546548
0.0560232 -0.521476
0.439701 -0.351636
-0.538879 0.548713
-0.34736 -0.134897
-0.392673 0.706599
-0.287385 0.748085
0.156943 0.258132
-0.953583 0.019281
0.255372 -0.207811
-0.39154 0.633987
-0.305947 0.272074
0.644154 0.728474
-0.00316927 0.313456
-0.515401 -0.1594
-0.0650326 -0.382909
-0.749776 0.376559
0.694129 0.0918813
0.491608 0.277283
-0.605753 0.166042
0.76433 0.237673
-0.182274 0.868863
0.433647 -0.410252
-0.0672225 0.664417
-0.577905 -0.205473
0.360412 -0.165639
-0.42867 0.841821
0.295197 -0.478133
-0.581468 0.348741
0.00145204 -0.299395
0.0585776 0.97894
-0.347795 -0.594168
0.795838 -0.181808
0.824961 -0.0781057
0.187162 0.104688
-0.257702 -0.613177
0.0438225 0.356691
-0.980596 0.0895571
-0.286007 0.167794
-0.86364 0.0753552
0.827821 -0.533516
0.419207 -0.491783
-0.0505337 -0.48093
-0.290536 -0.784835
0.0955047 -0.371799
0.515984 0.422025
0.152168 -0.0857324
-0.288172 -0.831735
-0.912093 0.225127
0.744022 -0.358224
0.523208 0.518562
-0.370074 -0.691599
-0.513007 -0.302751
-0.386953 0.0870327
0.0170306 -0.0109799
0.958272 -0.180698
-0.612885 0.664919
0.864989 0.290652
-0.312294 -0.0658239
0.00425143 0.863219
0.210871 0.527838
-0.362667 0.476235
0.220023 0.243803
0.224321 -0.0134821
-0.0851212 -0.766416
0.62355 0.728159
-0.904169 -0.1979
0.215364 0.873334
0.337514 -0.0723283
0.601051 0.56129
-0.652133 -0.670809
-0.105087 -0.280805
0.882126 -0.466501
0.705578 0.496749
-0.673616 0.0433832
0.105701 -0.579373
-0.22908 -0.791704
0.0840758 -0.353887
0.375175 0.835206
-0.80473 0.360527
-0.31499 -0.903318
0.103527 -0.748023
-0.348937 0.33036
-0.5831 0.802124
-0.315951 -0.495912
0.124114 0.67394
-0.498696 -0.195618
-0.195247 0.935895
-0.3771 -0.582983
0.570107 -0.235246
-0.0549728 -0.381264
0.396808 -0.747648
0.382277 -0.53502
-0.101727 0.777453
-0.138509 0.111181
0.792333 -0.275464
-0.0446713 0.294882
-0.360201 0.767393
-0.239869 -0.771844
0.818452 -0.00497328
0.384879 0.462201
-0.278753 -0.377285
0.556551 0.623885
0.405128 0.875974
-0.337214 0.824
0.321278 -0.124703
0.100788 -0.169924
-0.862669 0.156631
-0.615209 0.552686
-0.185332 -0.841293
-0.830233 0.294237
0.537449 -0.611054
-0.621614 0.577336
-0.300018 0.307651
0.175844 -0.228032
-0.573473 0.207757
-0.834748 -0.545189
-0.107102 -0.286248
0.841763 0.13261
-0.928377 -0.110408
0.579665 -0.0260843
-0.481715 0.477351
0.121738 0.901791
-0.91779 -0.0692864
-0.662547 -0.416158
-0.363685 0.30857
0.14405 -0.119595
0.0150828 -0.502599
-0.480583 0.199088
-0.216445 0.284477
-0.540408 0.000645917
-0.200787 0.870565
0.235509 -0.190858
0.410254 -0.900436
0.578002 -0.763144
-0.0115503 0.580299
0.266548 -0.880319
-0.364202 -0.704449
-0.157685 0.0239294
-0.279938 -0.328154
-0.218729 0.132092
0.129271 0.0943483
-0.0979007 0.541913
-0.826948 -0.413855
0.84125 -0.0907642
0.961789 0.048265
-0.106249 -0.686597
-0.48379 -0.244957
-0.113872 0.777306
-0.612656 -0.131489
-0.0456146 -0.352473
0.873652 -0.15345
-0.626078 0.36652
-0.761858 -0.256823
0.467542 -0.820452
0.419368 -0.116065
0.108331 0.483977
-0.228159 -0.0729046
0.598893 -0.367051
0.088658 0.339432
0.899122 0.294897
-0.335971 0.323174
-0.878663 -0.0629047
-0.764335 0.607023
-0.499336 0.731566
0.815571 -0.511536
-0.0619559 -0.266459
-0.756284 -0.557859
-0.353464 -0.0664079
0.387594 0.0516476
-0.329493 0.503416
-0.770041 -0.620603
0.727977 0.165042
0.376607 0.12391
-0.184005 0.956094
0.282202 -0.424604
-0.569198 0.0819395
0.368719 0.292393
0.456221 0.883449
0.102457 -0.699562
-0.645653 0.320291
-0.686083 -0.46182
-0.34177 -0.153436
-0.0545693 0.438707
-0.180161 0.253493
-0.521194 0.138332
-0.0984012 0.825162
0.00362484 0.258185
0.0902093 0.544275
-0.00805171 0.546159
-0.662937 -0.254231
0.157177 -0.266458
-0.0771889 0.171955
0.959177 0.146651
-0.653957 0.252239
0.89088 0.0602046
-0.925292 0.109337
0.776737 0.0413695
0.0686353 -0.209115
0.322845 0.417056
-0.350131 -0.161929
0.41386 -0.657713
-0.438243 -0.803602
0.185008 0.230056
-0.711395 0.62315
-0.504711 0.373925
-0.969669 0.0594344
0.478977 -0.0625976
0.40862 0.800274
-0.017727 0.0561209
0.24613 -0.745449
-0.553595 0.054456
0.456204 -0.271871
-0.340049 0.614191
0.111387 -0.838172
0.452012 -0.520881
0.51183 0.279287
0.367464 0.753731
0.21693 -0.838439
-0.348297 -0.445757
-0.0925879 -0.408939
0.151444 0.14149
-0.0744252 0.446409
0.313573 0.0241423
0.537451 0.402869
0.508302 0.229244
-0.691303 -0.652097
0.294309 0.682062
0.702675 0.202658
0.00107429 0.718081
0.901813 -0.049492
0.188172 0.279474
0.108188 -0.243041
0.248545 -0.521265
-0.443948 -0.640203
0.139382 -0.667699
-0.605878 -0.0312581
-0.85204 -0.419971
0.88569 0.00699986
0.0688615 0.761822
0.255648 -0.195644
0.550034 0.0233866
0.440119 -0.568058
0.415608 0.138561
-0.249868 -0.914967
-0.118614 -0.535639
-0.718195 0.427833
0.114751 -0.926194
0.135599 0.461261
0.403945 -0.653651
0.870172 0.317485
0.118067 0.779045
-0.742959 -0.109066
-0.517995 0.728442
-0.540392 0.482113
-0.529797 -0.550769
0.401612 -0.344685
0.229467 -0.763018
0.399634 -0.763099
-0.579604 -0.715381
0.434522 0.587829
0.0629593 0.59412
0.10366 0.743261
0.0145895 -0.0510168
-0.54793 -0.363611
-0.199884 0.769724
-0.016603 0.805388
0.166415 0.699145
-0.352219 0.807726
-0.235672 0.711089
0.511697 0.661568
0.955956 -0.12317
-0.165537 -0.0702489
0.134338 -0.870663
-0.445247 -0.438646
0.574688 -0.292787
0.12621 -0.869812
-0.203939 0.341486
0.0157242 0.0251318
-0.329389 0.146689
0.067836 -0.865831
-0.698149 0.486152
0.00767444 0.125162
0.20569 -0.757424
0.329263 0.668793
-0.00997904 0.305022
0.562315 0.0788072
-0.296389 0.38336
0.763731 0.0524425
0.355474 -0.0524368
-0.764918 -0.222762
-0.792758 0.522717
0.524472 0.207278
-0.361661 0.782374
0.327989 -0.336666
0.856794 -0.134673
-0.788045 0.1198
-0.358142 -0.500112
0.845783 -0.0298897
-0.0914955 0.659487
-0.403401 -0.0939887
-0.725528 0.0274765
0.0560966 -0.745282
0.566347 0.726617
0.870616 -0.122046
-0.291228 0.191063
0.715594 0.104214
0.488319 -0.759184
-0.269223 -0.102161
-0.132699 0.377196
0.558711 -0.344219
0.483442 0.212859
-0.342348 -0.520486
0.671231 0.516286
0.430894 0.682724
0.2728 -0.549428
0.685774 -0.475964
-0.0191784 0.562988
0.410613 0.704834
-0.5855 0.239244
-0.375901 -0.0507696
-0.45911 -0.796913
-0.392728 -0.624618
-0.496541 -0.511109
-0.231099 -0.406181
-0.571913 -0.77721
0.188596 0.737715
0.828462 -0.169396
-0.848059 0.385183
-0.26681 -0.0325998
-0.729882 0.24457
-0.143335 0.567585
-0.317829 -0.500962
0.733705 0.0804055
0.854832 -0.308752
0.663007 -0.126713
-0.217053 0.647372
0.796208 0.0530339
0.603407 0.77334
0.337584 0.723825
-0.817792 -0.378728
-0.709068 0.571666
-0.848248 -0.244269
-0.362432 -0.478072
-0.899885 0.408629
-0.369523 -0.17194
-0.93702 -0.0519117
0.100643 0.921169
-0.337603 0.234208
0.499795 -0.0160364
-0.162207 -0.567447
0.387324 -0.902674
-0.0680187 -0.0504706
0.891532 -0.173969
-0.840536 0.199109
-0.361396 -0.138805
0.177417 -0.0230326
0.36569 -0.903683
-0.267692 0.672621
-0.676717 -0.00360718
-0.61283 -0.605708
-0.189469 -0.185102
0.328695 -0.1576
-0.295294 0.876713
0.453544 0.355825
-0.229959 -0.493681
-0.06471 0.898541
0.294542 -0.639043
-0.396741 0.840023
-0.686891 -0.562358
0.818557 -0.336409
0.163069 -0.375444
0.706709 0.646495
-0.738544 0.284545
0.564557 0.330878
0.464185 0.852556
0.839103 0.0659339
0.483616 -0.74827
-0.572166 -0.783549
-0.0559624 0.374025
-0.807406 0.321855
-0.891428 -0.399518
-0.795321 0.261792
-0.571406 -0.243495
0.403857 0.778791
-0.393574 -0.135642
-0.180666 0.281356
0.596482 0.11066
0.676915 -0.0236169
0.52021 -0.447266
-0.239825 0.145963
0.0556915 -0.233503
0.388084 -0.524266
-0.530957 0.588785
0.0958122 -0.701324
-0.0328218 0.799593
-0.380643 -0.257583
0.773216 -0.475104
0.0529981 0.203139
0.2689 -0.6357
-0.364757 -0.500196
-0.605109 0.0188429
-0.0964729 -0.990587
-0.687675 0.22659
0.853376 -0.0273261
0.206079 -0.542079
-0.502032 0.394782
0.385794 -0.668016
0.0815884 0.488574
-0.0101288 -0.447257
0.537558 -0.84042
0.0145961 0.0520828
0.305088 -0.584956
-0.341801 0.0446513
-0.156536 -0.106732
-0.472936 0.263339
-0.266441 -0.417101
0.0867874 0.952183
-0.581357 0.236856
0.592219 0.578058
0.652451 0.0873979
0.523211 -0.810644
-0.635748 -0.104694
-0.437917 -0.69484
0.611131 -0.613319
-0.0203723 -0.637557
-0.713572 0.453981
0.570678 0.791047
0.439546 0.207682
-0.110482 0.78591
0.721857 -0.380023
0.703327 -0.443508
-0.601382 -0.469832
0.377924 -0.0562613
0.102028 -0.183216
-0.31232 0.0448336
0.906231 0.175515
-0.0608634 0.561092
0.745238 -0.0323176
-0.33232 0.904023
-0.472132 0.803062
-0.195705 -0.11261
0.862692 0.0130663
0.850262 -0.103393
-0.176344 0.203873
-0.0373958 -0.501568
0.502741 -0.183369
0.546779 -0.591309
0.205122 -0.71261
-0.76406 -0.511338
0.743791 -0.26879
-0.264132 0.0375347
-0.759746 0.630906
-0.845938 -0.170646
-0.289772 -0.546661
-0.00358873 0.915277
0.0640997 -0.0538973
0.00815864 -0.913049
-0.860704 -0.387719
0.833625 -0.192956
0.960603 -0.089999
0.171292 0.82013
-0.569459 0.777937
-0.290804 0.0379304
0.34603 -0.159493
0.0350079 -0.268325
0.576462 0.737402
0.296171 -0.40058
0.730098 -0.0325364
0.53643 -0.308625
0.149055 0.801947
-0.191866 -0.361551
0.330866 0.00261367
0.650974 0.00252085
0.420174 0.626157
-0.982041 0.00323354
-0.188403 -0.324919
0.764793 0.36304
0.0423195 -0.12307
0.388999 0.631327
-0.612914 -0.59859
-0.743991 -0.615823
0.368321 0.794894
-0.216459 0.643829
0.233012 -0.345773
0.248472 -0.395966
-0.19255 0.167491
0.326273 0.636465
0.571649 -0.246036
0.402656 -0.114422
0.193078 0.232317
0.0748181 0.670681
0.422006 0.792413
0.24349 -0.493526
0.594053 -0.788625
-0.254055 -0.959434
0.599889 -0.340589
0.0234618 0.564176
0.059303 -0.308612
-0.104533 0.730806
0.0671141 -0.787456
-0.123635 -0.310672
-0.276319 -0.270627
-0.904806 -0.213668
0.724472 0.183843
-0.412968 -0.567715
0.401132 -0.13522
0.935211 -0.0872204
0.137623 0.318481
0.742886 0.506226
0.0521514 -0.187383
-0.893341 -0.0770894
0.604259 0.588124
0.319174 -0.809452
-0.305499 0.899851
-0.282713 -0.0496214
0.0879969 0.240579
0.101096 0.455141
0.787633 0.444037
-0.61782 0.608621
0.0110172 0.348042
-0.0503557 0.153514
0.368644 -0.239413
-0.207898 0.492365
0.254082 0.169865
0.434019 0.469483
0.218199 0.916177
-0.655558 -0.463884
-0.473 0.334524
0.0453164 0.636973
-0.83752 0.0517588
0.108304 -0.868688
0.822943 -0.0844601
-0.992377 -0.0118704
-0.0207495 -0.254939
0.363064 0.863876
0.816808 -0.561127
0.31586 0.62238
0.128522 -0.892195
0.580586 -0.389568
0.744879 -0.558314
0.00430332 -0.192786
-0.137449 -0.302534
-0.559192 0.197148
0.0170339 -0.2896
0.197103 -0.803679
-0.476134 0.151077
0.683493 -0.301423
-0.63552 -0.175887
-0.66015 -0.00102255
-0.206796 0.487117
-0.062876 0.826421
0.214498 0.414833
0.649112 0.12647
0.870256 -0.435287
0.375282 -0.892037
0.895327 -0.149015
0.689577 -0.30235
0.705967 -0.396852
-0.0385711 -0.615468
0.755519 0.327164
0.652477 -0.320296
0.615293 0.370882
0.884339 -0.281446
-0.231193 0.758852
0.565686 -0.362225
0.505268 0.596378
0.197323 -0.36401
-0.433226 -0.352842
-0.0524152 0.925709
0.209573 -0.700746
-0.1699 0.208604
-0.562251 -0.673703
-0.483667 0.24307
-0.346134 -0.661815
0.0366716 0.405681
-0.294934 -0.807068
-0.0113748 0.403602
0.87323 0.134325
-0.382517 0.243158
-0.313749 -0.472144
0.514688 -0.233087
-0.889977 0.0522127
0.682799 0.543292
-0.228441 -0.217415
-0.401714 -0.452323
-0.598141 0.244015
0.38243 0.920299
-0.0628742 0.271499
-0.516109 -0.588926
0.178249 -0.963199
-0.300271 -0.88372
0.672236 0.146492
-0.0241237 0.975588
0.132342 0.202302
-0.59322 0.558485
0.897356 -0.0959407
-0.432166 -0.354052
0.616174 0.306677
-0.758403 -0.375542
0.724756 0.411453
0.34761 0.294558
0.219502 0.687276
-0.446143 -0.316475
0.594803 -0.365002
-0.45638 0.159328
0.657741 0.508824
0.193676 0.326959
0.305948 0.212925
0.210083 0.612117
0.43805 0.250357
0.689398 0.319234
0.196755 -0.164232
-0.798449 -0.201836
-0.773298 0.603995
-0.184452 -0.280286
-0.294659 0.624356
0.876929 -0.0155686
0.656061 0.300935
0.770629 0.0387478
0.471863 -0.870743
-0.315948 -0.595579
-0.785522 -0.562837
0.821025 0.403955
-0.0318696 0.833488
0.494609 -0.159734
0.334153 -0.476509
-0.114618 0.0785243
-0.277692 -0.812109
-0.303493 -0.922877
0.284518 0.105254
-0.542579 -0.249815
0.431056 0.436764
0.601687 -0.451465
0.233451 0.374158
0.430194 0.84881
-0.634714 0.766417
0.817949 -0.422699
-0.389058 -0.898703
-0.56249 -0.824902
-0.103489 0.964546
-0.144688 0.764264
-0.240099 -0.238111
0.490293 -0.666179
-0.393575 -0.408656
-0.636027 0.381945
0.690621 -0.455442
0.919445 0.370437
-0.173986 -0.0546641
0.136407 0.969484
0.553325 -0.635216
-0.196483 -0.60373
-0.00241317 0.473423
0.322044 0.721317
-0.701555 -0.66604
0.654742 -0.639713
-0.882393 0.330548
0.395721 0.00552906
0.140109 -0.218319
-0.708724 0.592378
-0.562922 0.389767
0.512151 0.735408
0.124098 -0.543532
-0.257903 0.38422
0.270036 0.511133
0.727688 0.205693
0.189192 -0.0300452
-0.0586464 0.860423
-0.32038 0.35086
0.351601 0.566018
-0.198086 0.974376
0.139851 -0.137197
0.288363 0.801076
0.245478 -0.904704
-0.0214166 -0.188033
-0.425688 -0.0123455
0.366444 -0.0358327
-0.765472 0.268048
0.60851 -0.632398
0.704609 0.542222
-0.136942 0.160712
0.335886 0.188182
0.452078 -0.364523
-0.539676 -0.225518
0.114648 -0.496622
0.00843274 0.851152
0.0211373 -0.259967
0.0941413 -0.340713
0.97847 0.0227286
0.764309 -0.0301036
0.0884235 -0.853128
0.487152 -0.510913
0.481902 0.720204
-0.558601 -0.0746201
0.130401 0.105256
0.70989 0.348683
0.101988 -0.678231
0.139034 -0.366895
-0.815686 0.0202419
0.543372 -0.27458
0.439001 0.299063
-0.245555 0.337131
-0.280172 0.882946
0.152432 -0.346207
-0.0752182 -0.544923
0.874001 0.214165
-0.251043 0.65695
0.0267824 0.953279
0.0978642 0.674287
-0.874576 0.0422174
-0.451093 0.362847
0.257019 -0.706349
-0.0790193 -0.399623
0.38454 -0.682144
0.461273 -0.0470002
-0.870049 0.0156257
0.25523 -0.117792
0.849565 -0.354361
0.478806 -0.0288347
-0.849587 -0.176973
-0.782435 -0.326176
0.173148 0.735494
-0.926173 0.114708
-0.345483 0.582557
0.129504 0.83107
0.8773 0.240545
-0.61333 0.491336
0.192577 -0.900582
-0.324012 0.0803232
-0.362303 0.695674
-0.464178 0.479273
-0.897047 -0.137351
-0.262754 -0.484353
-0.663992 -0.142837
0.180363 0.792961
-0.187759 0.176508
-0.573246 -0.669817
-0.459616 -0.617956
0.325068 0.109811
0.451192 -0.883085
0.196695 -0.488422
0.735454 -0.571731
-0.0958957 -0.440728
-0.326497 0.756147
-0.113849 0.405296
-0.575462 -0.556896
-0.796288 0.178782
0.375918 -0.072507
-0.287012 -0.231008
0.206743 -0.678716
-0.820955 -0.385094
-0.341066 -0.246266
0.0572967 -0.451512
-0.225621 0.443674
0.107038 0.900267
0.314549 0.226075
0.203892 0.0229246
0.0279701 0.99661
-0.401425 -0.75669
0.634446 -0.397349
0.293724 0.937914
-0.493218 -0.538586
-0.34803 -0.738527
0.250276 -0.734187
0.423737 0.328965
0.5964 0.493613
0.135236 -0.810299
0.621317 -0.568799
0.712773 -0.195868
-0.307908 0.334791
-0.270262 0.339768
0.0832207 0.678678
-0.594395 0.146486
0.535824 0.43475
0.356351 0.0832419
0.112847 0.0818489
-0.461492 -0.158888
0.706858 -0.481889
-0.24171 0.417445
-0.833931 -0.107771
-0.229818 0.621114
0.60063 0.51936
-0.1542 0.242785
-0.68696 -0.723585
0.16073 0.521097
-0.994799 0.0886159
-0.729879 0.163108
0.77488 -0.34059
0.339926 0.900556
0.191626 0.076521
0.442752 0.181798
-0.392 0.0816934
0.611004 -0.491382
0.350632 -0.499124
0.417602 0.226593
-0.310947 -0.5208
0.620877 -0.00619647
-0.864441 0.174782
0.0848547 -0.57556
-0.205121 -0.235171
0.817455 0.554479
-0.340458 -0.0761157
0.393544 -0.636388
-0.682414 0.0583786
-0.174752 -0.01284
-0.0454259 0.73812
-0.201135 -0.730224
0.321527 0.789749
0.628783 0.451727
0.0862279 -0.168808
-0.347493 0.239837
-0.644175 -0.273009
-0.0688151 0.630499
-0.0104172 -0.178716
0.138457 0.146384
0.610454 0.0626544
-0.473561 0.00510395
0.158109 -0.725456
0.575278 0.0740751
-0.349192 0.385533
0.29998 -0.664881
0.623375 0.48818
-0.44035 0.575126
0.385692 0.381371
-0.324795 0.589625
-0.660579 -0.71617
-0.794089 0.321573
0.289582 0.333714
0.119596 0.831721
-0.019638 -0.936268
-0.0133681 0.597093
-0.762804 -0.425523
-0.340482 0.797445
0.513671 0.318245
-0.380602 -0.435601
0.451537 -0.501525
0.585096 0.332905
0.97656 -0.136849
-0.0687694 0.656963
0.245348 -0.204327
0.732841 0.24429
-0.350554 0.630883
-0.147867 -0.684183
0.227291 0.644444
-0.540646 0.806905
-0.300572 0.92323
-0.212683 -0.743157
-0.548685 0.761592
0.00335085 0.140893
-0.403716 0.524076
0.734951 -0.584612
-0.239595 0.404626
0.343139 0.926089
-0.475518 0.294637
-0.583589 0.345759
0.51416 0.191918
0.298786 -0.613849
0.598976 -0.16972
0.447997 -0.580963
-0.387388 0.0449537
0.368826 0.249935
0.252078 -0.847445
-0.466098 -0.763661
0.162965 -0.344703
-0.826619 -0.47508
0.10631 -0.404294
-0.54753 0.419863
-0.338598 0.106595
-0.711918 0.287369
0.884438 0.284505
0.473527 0.793465
-0.138688 0.295223
-0.992494 0.0376305
-0.519008 -0.0811334
-0.531035 0.25791
-0.0758946 -0.0230953
0.171004 -0.702558
-0.26016 0.524735
-0.669625 0.0488569
-0.241104 0.292252
-0.111201 0.243028
-0.371047 -0.114156
-0.141207 0.833211
-0.330211 0.943357
0.547937 -0.644534
-0.538522 -0.251229
-0.157556 0.0409678
0.939937 0.0767286
0.495364 0.841484
-0.235315 0.694457
-0.741134 -0.20996
0.686576 0.614513
0.205201 0.538358
0.13533 -0.648949
-0.715263 -0.410913
0.00445521 -0.377472
-0.254607 0.914584
-0.409358 -0.363052
-0.225802 0.720378
-0.212591 0.934807
-0.055649 0.396714
0.356649 0.853148
-0.0299341 -0.854867
-0.177133 -0.410571
-0.074311 -0.950909
-0.993375 -0.0194386
0.273481 -0.454679
-0.595313 -0.514694
0.156685 0.0606251
-0.161599 -0.608332
-0.777543 -0.192812
-0.653979 -0.181289
0.056901 -0.910308
-0.324764 0.230298
0.213302 0.113053
0.161712 0.813184
-0.570455 -0.155979
0.555384 0.311909
-0.421825 -0.33011
0.287985 0.82685
0.0139462 -0.585727
-0.592273 -0.59075
-0.32302 0.696872
-0.35958 -0.330088
-0.408126 -0.459643
0.567405 0.070185
0.0969504 -0.404629
0.74971 0.0236665
-0.13345 -0.727705
-0.502418 -0.392974
0.741457 0.498942
0.54082 0.729324
0.0993224 0.791761
0.425361 -0.221267
0.914013 -0.0200585
0.149477 0.313008
0.369254 -0.783548
-0.4817 0.756209
0.360054 0.0976328
-0.973428 -0.104431
-0.181154 0.802349
0.429468 -0.593425
0.219012 0.157492
-0.67341 -0.63344
-0.0658374 0.903339
-0.348296 -0.323212
0.567131 0.184966
0.875128 -0.0407201
0.529377 -0.00865581
0.713479 0.638127
0.970737 0.227101
-0.0197887 -0.542989
0.751807 0.539863
0.29054 -0.00759968
0.362249 0.100174
0.296092 -0.652056
0.54553 0.175148
-0.664148 0.475869
-0.381803 -0.0537796
0.142798 -0.0281504
0.0169102 0.885192
0.489929 0.589957
-0.335683 0.42948
-0.321505 -0.170101
0.566686 0.17847
-0.476262 0.683199
0.291058 -0.0204876
0.281861 -0.107923
0.133685 0.264688
0.126249 0.960052
-0.445004 0.143088
-0.207562 -0.0628326
-0.156085 -0.689614
-0.579172 -0.782555
0.477475 -0.0941431
0.779252 0.101908
0.127696 0.446845
-0.399137 -0.0329606
-0.198585 0.722392
0.258326 -0.154376
0.124391 -0.570774
-0.457348 0.228021
-0.526792 0.703887
0.389413 -0.465348
-0.249661 0.682266
-0.00693726 -0.300067
0.566388 0.659941
-0.0212467 0.540974
0.0525196 0.921376
0.807801 0.502297
-0.453652 -0.064456
-0.295357 0.14832
-0.104987 0.846841
-0.237729 0.939431
0.736946 0.138706
0.371031 -0.257009
-0.880211 0.197457
-0.491236 -0.297759
-0.289229 -0.856434
-0.375887 0.553475
-0.061447 -0.0148394
0.019563 -0.301477
-0.614067 0.545668
-0.126905 -0.0213473
0.69629 -0.374824
0.400358 -0.67437
-0.107131 -0.657564
0.240484 0.450963
0.306614 0.948638
-0.637325 -0.235145
-0.243549 -0.412963
0.65281 0.183516
0.0892795 -0.349429
0.750656 -0.258569
0.616394 0.328689
-0.539825 0.0272468
-0.583414 0.5247
-0.126481 0.486096
-0.103525 0.870105
-0.707608 0.56243
-0.397082 0.180495
-0.318015 -0.35672
-0.394621 0.0258654
0.526276 0.727449
-0.0917866 0.825472
0.7358 -0.406418
0.484228 0.835668
0.905846 0.377813
-0.813438 -0.542721
-0.0943542 0.034502
-0.264223 0.775755
-0.224641 0.941125
0.312228 0.766933
-0.727884 0.219065
-0.533931 0.415008
-0.552139 -0.736023
0.810326 0.412689
0.527835 -0.0554679
0.639818 0.393937
-0.0100639 0.365455
0.320208 -0.502918
-0.0993766 0.405203
0.0530226 0.0619743
0.576549 -0.136959
-0.550189 0.654445
-0.522273 0.366494
-0.45049 0.67865
-0.484745 0.674484
-0.0809838 0.72469
0.893789 -0.0615948
-0.481585 -0.656224
-0.796145 0.0526242
0.741326 -0.417905
-0.165821 0.667334
-0.0614513 -0.0485948
-0.475446 0.563112
-0.136734 -0.65424
-0.771807 0.232784
0.924411 0.00605048
-0.554137 -0.330442
0.267678 -0.53912
0.981038 0.160495
-0.17819 -0.367237
-0.195262 -0.580397
0.427089 0.873733
-0.644215 -0.521905
-0.4078 0.812759
-0.296852 -0.0987007
-0.444488 -0.211534
0.00889888 0.91639
-0.312212 0.282326
-0.556058 -0.548499
-0.0197307 0.315932
0.266861 -0.0779382
-0.510431 0.0207018
-0.525405 -0.514105
-0.553902 -0.100438
-0.801334 0.0833264
0.449401 0.0684777
0.24529 0.348843
0.305909 -0.328824
0.858227 0.155816
0.277439 -0.341025
-0.699855 0.299791
-0.573272 0.317408
-0.648469 -0.513352
-0.245028 0.86167
0.393161 -0.275516
-0.264297 0.695822
0.367705 -0.849874
-0.717024 0.53591
0.487631 0.447745
0.821174 0.502066
0.520087 0.575531
0.0699124 -0.326368
-0.20637 0.492872
0.773976 0.231956
0.331936 -0.481157
0.837561 -0.45114
-0.268524 0.457816
0.570382 -0.124703
0.602219 0.760481
0.241399 0.448958
0.0838722 -0.197698
0.56916 -0.394098
-0.151421 0.778408
0.500967 0.224705
0.0875764 0.625401
0.392992 0.00129004
-0.0597222 0.597777
-0.536486 -0.704479
-0.701963 0.293608
0.731003 -0.397984
-0.434721 -0.306726
-0.842685 -0.363179
0.39509 0.880978
0.509224 -0.520767
0.143254 -0.552977
-0.147058 0.151897
-0.768516 -0.116552
0.0558536 0.522415
-0.792708 -0.419698
0.158367 0.524475
-0.861148 0.252544
0.226752 0.390428
0.846363 -0.0641572
-0.275364 0.858398
-0.651471 -0.0222379
-0.122441 -0.45284
0.297157 0.122154
0.509345 0.115339
0.162506 -0.467513
-0.859216 -0.412803
0.737596 -0.222571
0.313007 0.919638
0.130553 0.678431
-0.130459 0.643286
-0.106392 -0.886522
-0.556768 -0.418548
-0.161043 -0.399568
0.728412 -0.488128
-0.717183 -0.403276
0.363501 0.270754
-0.26316 0.133054
0.330335 0.837103
0.606319 0.346334
-0.0519851 -0.472145
0.625601 0.703181
-0.546608 0.071054
0.00458454 0.296004
-0.755348 -0.326594
0.532003 0.429244
-0.0838262 0.916389
-0.45118 0.797168
0.92006 0.143533
-0.0951565 -0.109262
-0.309761 -0.913627
0.305968 0.351957
-0.300025 0.842526
-0.578239 -0.4767
0.669996 0.213854
-0.154627 -0.817568
-0.77964 -0.416991
0.79405 0.473303
0.224319 -0.0852931
-0.0550059 -0.574507
0.2216 -0.676769
-0.557752 0.729226
-0.105695 -0.231752
0.753719 -0.343214
-0.224952 -0.809893
-0.490537 -0.572129
0.140547 -0.620566
0.246815 0.844029
-0.152471 0.258161
-0.778169 -0.457059
-0.61918 -0.026379
0.278631 0.476589
0.157241 0.245395
0.313372 0.391339
-0.274768 -0.161177
-0.726946 -0.590673
-0.115456 -0.609479
-0.932441 0.305074
-0.377848 -0.509249
0.479382 0.389693
0.56645 -0.185527
0.0549917 -0.861861
-0.851177 -0.102815
0.445764 -0.875304
0.169245 -0.908512
0.0477303 0.638131
-0.119098 -0.521445
-0.438057 0.46046
-0.524057 -0.773906
0.707844 -0.111921
-0.379024 0.309903
-0.541921 -0.538481
-0.319425 -0.0953234
-0.2714 -0.0225986
-0.424217 0.120833
-0.750217 -0.242959
-0.42909 0.470471
0.353453 0.430184
-0.146441 0.930253
-0.0564359 -0.980977
-0.164556 0.164574
-0.531486 0.834562
-0.221458 0.200523
0.820468 -0.195236
0.0307333 0.1929
-0.168621 0.95364
-0.77756 -0.105688
-0.13746 -0.939921
0.257283 -0.0382425
-0.0375802 0.488567
0.425351 -0.501426
0.472357 -0.767426
0.345076 0.332522
0.735896 0.660912
0.591198 -0.217687
-0.882492 0.280224
0.291364 -0.483681
-0.745317 0.485613
-0.468103 -0.00765322
-0.0280545 0.60838
-0.307861 0.795411
-0.40443 0.60961
-0.841909 0.348517
0.21218 -0.158409
-0.237717 0.597947
0.227844 -0.328995
0.408649 -0.0720755
-0.674764 0.478443
-0.160321 -0.261847
-0.718823 0.0399286
-0.55278 0.548493
0.865581 -0.439321
-0.047493 -0.45788
-0.524079 0.24225
-0.137754 -0.466022
0.808117 -0.188067
0.0188418 0.112589
0.30646 -0.461429
-0.581948 0.567873
0.766638 0.391798
0.674869 -0.481377
0.608948 -0.742144
-0.735611 -0.576611
0.500696 -0.102474
0.0954695 -0.509172
0.478421 -0.479742
-0.320473 0.228945
-0.600008 0.663342
0.245622 0.272934
-0.615537 0.64748
-0.911951 0.0773186
0.341941 -0.466541
-0.53135 -0.654076
-0.575174 0.602615
-0.124449 0.0536603
-0.184248 -0.642292
-0.392027 0.427683
0.185991 0.728222
0.454073 -0.87619
0.0205124 0.421488
-0.506843 -0.590513
0.0230133 -0.341338
0.16992 -0.0975266
0.165838 0.316607
0.200672 -0.100888
0.562683 -0.477044
0.464711 -0.443216
0.617062 0.598312
-0.657735 0.295923
-0.682219 -0.168568
0.866897 -0.34119
0.139271 0.47402
0.201157 -0.51763
-0.129781 0.630775
-0.665267 -0.438757
0.0423737 0.723022
-0.301912 -0.372497
-0.00428614 0.0371343
0.514598 0.542087
-0.514312 -0.42069
0.233567 -0.021073
-0.690376 0.143448
0.0820348 0.92613
-0.574969 0.509265
0.707016 0.410828
-0.935569 -0.218852
0.0771051 0.134742
-0.42655 0.747761
0.551197 0.820031
-0.599872 -0.50493
0.554202 0.664429
0.914658 -0.124255
0.534751 -0.703559
-0.265199 0.420082
-0.374749 -0.917682
0.947014 0.227824
-0.774048 0.273542
-0.690004 -0.169891
0.683237 0.463749
-0.567289 0.775396
0.240318 -0.347752
0.27533 0.900718
-0.0805519 -0.0838481
0.73013 -0.046913
0.520034 0.716636
-0.759119 -0.157744
-0.514896 0.155985
0.646112 0.306036
0.0275385 -0.553048
-0.156112 0.621011
-0.42179 0.517984
0.416239 0.391811
0.440722 -0.781323
-0.808665 0.0683638
-0.838649 -0.472562
0.721769 0.562275
-0.105565 -0.645573
-0.517916 0.1997
0.32874 -0.494291
0.429926 0.496366
0.976212 0.20127
-0.168123 0.800462
0.2962 0.630722
0.155646 -0.573695
0.081309 -0.965106
-0.213077 0.18963
-0.292865 0.190716
0.636526 -0.315089
0.254435 0.41849
0.322009 0.556536
-0.00284859 0.862971
0.243583 0.460996
-0.865262 -0.475447
-0.365034 0.693407
0.624517 0.182629
-0.590054 0.339639
0.187499 0.206117
-0.771493 -0.323453
0.528228 0.183359
-0.00257303 0.596105
-0.83312 0.349947
0.738446 -0.299401
0.588604 0.705965
0.801639 0.472138
-0.0995204 0.540873
0.479372 0.146401
-0.720019 -0.105157
-0.468674 -0.012413
0.161447 -0.277457
-0.89924 -0.150677
-0.260767 0.900641
0.935664 -0.260444
-0.406752 -0.511791
-0.0451773 -0.719677
0.591243 -0.588836
-0.992102 -0.0802649
-0.393368 -0.396605
0.371126 0.560186
-0.357842 0.798117
0.447984 0.202236
-0.771252 0.0348187
0.238644 0.240234
-0.0638291 0.108749
0.58206 0.539397
-0.398092 0.0993415
0.767838 0.236211
-0.737968 -0.459714
0.0266536 0.0598412
-0.47586 -0.0731262
0.864467 -0.419558
0.542156 -0.325054
-0.158555 -0.644821
0.573268 -0.45941
-0.314221 0.877364
0.352555 0.292
0.208832 -0.573248
-0.77384 0.0639002
-0.708332 -0.655283
-0.840806 -0.338239
0.857134 -0.0555136
-0.109977 0.0992769
0.0336209 -0.189934
0.952481 0.254126
0.281859 0.939015
0.562729 -0.4991
0.354308 -0.0783637
-0.80223 -0.393693
-0.433254 0.699481
-0.65431 -0.192264
-0.365631 -0.713659
0.805978 0.0773098
-0.0369425 0.692013
-0.601548 0.374496
-0.417171 0.838611
-0.739385 -0.652349
0.559248 -0.0203919
-0.589177 0.806883
0.863108 -0.164703
-0.0656565 -0.622547
0.401959 -0.109583
-0.267431 0.73911
-0.831116 0.481917
-0.758071 -0.550629
-0.478987 0.724708
-0.305181 0.22876
0.0418181 -0.125887
-0.642471 0.00870677
0.209977 -0.124265
0.879408 -0.368594
0.359011 -0.330954
-0.7042 -0.23663
-0.889821 -0.28963
-0.569036 -0.760375
-0.196182 0.693963
-0.214007 -0.578989
0.501473 -0.00368781
0.456617 0.889048
0.460669 -0.450536
0.42479 0.770727
0.410668 -0.225992
0.0599676 0.750905
0.842607 -0.104835
0.163357 -0.841709
-0.582828 -0.745361
0.565388 0.630617
-0.0874186 0.719865
-0.674313 0.480174
-0.772554 -0.471674
-0.11821 0.187863
-0.850062 0.398097
0.122268 0.134499
0.641923 0.130604
0.309513 -0.459634
0.830906 0.467237
0.0822808 0.0859119
-0.0333052 -0.0187497
-0.104211 -0.595728
0.603907 0.444074
-0.683647 0.18861
0.16023 0.848303
-0.101797 0.761883
-0.114197 0.690276
-0.29634 0.764747
-0.163074 -0.914734
-0.0282293 -0.804629
-0.163307 -0.354325
-0.816822 -0.458035
0.339992 0.773056
-0.470162 -0.452335
-0.478932 0.190281
-0.0925885 0.861271
0.109095 0.0975436
-0.861496 -0.497299
-0.465332 0.0221531
0.195579 -0.0471929
-0.57284 -0.620139
0.14283 0.46158
0.791578 -0.52991
0.0928634 -0.708839
0.42757 0.667246
0.135592 -0.704816
-0.714237 0.574831
-0.567322 -0.19933
0.176027 -0.738387
0.228553 -0.351374
0.426001 -0.213496
0.00316323 0.329876
0.167412 0.118936
-0.0526746 0.910506
0.53409 -0.552708
-0.155124 0.444354
-0.68142 0.198109
-0.602758 0.37733
0.597568 0.0632005
0.425282 -0.0291299
-0.137502 -0.39644
0.872346 0.0915212
0.202929 0.2187
-0.383597 -0.650588
-0.0234077 -0.95794
0.435511 0.563316
-0.612178 -0.545353
-0.139401 -0.611797
0.129449 0.83509
-0.33347 0.928622
0.10583 0.294275
-0.627002 -0.463891
0.608041 0.529445
0.110901 0.00775248
0.124485 0.33955
-0.00522496 0.0139969
0.115873 -0.936755
0.564261 -0.0714735
0.745832 -0.586747
0.336206 -0.729467
0.461444 0.653523
-0.373987 0.907813
-0.548862 0.683172
-0.161879 0.0182778
0.763703 0.000385716
-0.372466 -0.805137
-0.349557 0.270084
0.299153 -0.439232
-0.198144 0.68561
-0.589332 -0.713412
0.433691 -0.548417
-0.708484 0.667103
-0.101508 0.784714
-0.591409 -0.0998409
0.405253 0.012457
0.197004 -0.553662
-0.144358 0.369057
0.304267 -0.154993
0.508091 0.639456
-0.00121068 0.63806
0.130211 0.355339
-0.508662 0.820124
0.173313 0.747905
0.348586 0.249009
0.69095 0.176418
0.859439 -0.0141273
-0.371559 -0.87076
-0.608092 -0.0859902
-0.0803768 -0.974589
0.160685 0.15217
-0.678304 0.530752
0.773967 -0.571009
0.810252 0.217167
-0.624366 0.658802
0.0512695 0.426836
-0.371109 0.695205
-0.616992 -0.210694
0.812958 0.0741214
0.514092 -0.708408
-0.0519349 0.332409
0.564098 -0.755971
0.116903 -0.508315
-0.433965 -0.591196
-0.5549 0.0205018
-0.38794 0.485415
0.544171 0.564509
-0.839911 -0.214911
-0.157165 0.0453319
0.450596 -0.615231
0.0932821 -0.904066
-0.269976 0.0932513
-0.306981 -0.0128428
0.0677688 -0.997421
0.0705257 -0.718437
-0.519308 -0.583976
-0.200599 -0.000514012
-0.266031 0.64465
0.528983 0.0810037
-0.811978 -0.549731
-0.414473 0.588658
0.653957 0.724134
-0.197932 -0.66059
-0.820258 -0.0119175
-0.0113013 0.398556
0.591439 -0.0558634
-0.132421 0.0577946
0.49231 0.435559
-0.881714 0.404647
-0.909829 0.219739
-0.442425 0.0368228
0.0247043 0.309825
-0.861663 -0.4947
-0.109423 0.733249
-0.777278 -0.054492
0.657086 0.660707
0.396289 -0.837694
-0.256992 0.438737
0.657858 -0.30202
-0.373951 -0.834749
0.159862 0.40057
0.218692 0.787498
0.638931 0.464582
-0.520591 -0.226165
0.232954 0.69088
-0.0221534 -0.16438
0.588497 0.581976
-0.461454 -0.867799
-0.836811 -0.0825142
-0.381698 0.894483
0.0641351 -0.150563
0.498895 -0.43673
-0.254853 -0.75463
0.255206 0.393398
0.743972 0.27599
0.367874 -0.840266
-0.49523 -0.0291532
0.102952 -0.109395
-0.437706 0.6464
0.417394 0.51106
-0.71695 0.170165
0.128509 0.92367
0.392899 -0.657765
-0.259468 0.912629
0.33627 -0.488122
-0.562201 0.540563
0.775934 0.240884
-0.14176 0.493544
-0.859158 0.0889914
-0.47808 0.473672
-0.201948 0.706631
0.0986904 -0.426234
0.201154 0.873613
-0.69233 0.42079
0.62658 0.407568
0.597534 0.443887
-0.660959 0.343264
0.361191 0.446348
0.0641575 0.505317
-0.506534 -0.423356
0.265014 0.0753444
-0.0873117 -0.990606
-0.00496509 0.303262
0.0918134 -0.148641
-0.853373 0.089065
-0.0760294 0.456093
-0.730079 0.49471
-0.218 -0.122383
-0.152853 -0.771903
0.436408 0.896685
-0.858754 -0.270578
-0.350598 0.395828
-0.762602 -0.625126
0.0812281 0.707454
0.857736 -0.321674
0.790383 -0.4668
0.486961 -0.865939
0.709592 0.384163
-0.120815 -0.263705
0.409453 -0.865671
0.276563 0.297638
0.290974 -0.109264
0.395775 0.615969
0.40602 0.599492
-0.930524 -0.110077
-0.21698 -0.534869
-0.197015 -0.168834
0.225266 0.0573324
-0.436897 -0.176549
0.482938 0.195552
0.535247 0.466399
-0.986513 0.0558569
-0.677029 -0.698026
0.741817 0.140281
-0.554077 0.0453257
-0.909836 0.149197
0.74231 -0.258503
0.366621 0.531554
0.303285 -0.117433
0.553129 -0.0566192
-0.424624 -0.528809
-0.808015 -0.139787
-0.0744265 -0.499548
-0.74519 0.107796
0.282776 -0.455653
0.189602 -0.708816
-0.97179 -0.0899972
0.426282 -0.317617
0.226487 -0.301382
-0.918284 0.290836
0.101604 -0.573807
0.927722 -0.254257
-0.466329 0.712107
0.16135 -0.292055
-0.467353 0.255068
-0.0372751 -0.901502
-0.249722 0.0211931
-0.215284 0.473645
0.241421 -0.393322
-0.891641 -0.00318233
-0.411412 0.711867
-0.373735 -0.390498
-0.821169 -0.416871
0.724288 -0.0445278
-0.627066 0.184718
0.0704589 -0.660641
-0.322639 0.358055
0.820002 -0.22789
0.431658 -0.722962
0.886246 -0.0418987
-0.407043 -0.300783
-0.360198 0.778564
0.296073 0.0122688
-0.2504 0.757735
-0.835962 0.38128
-0.887974 -0.113429
0.72805 0.485018
-0.291817 -0.252099
-0.369822 -0.729058
0.640863 0.439228
0.345806 0.100555
-0.600904 0.708133
-0.548445 -0.333126
0.409757 0.388521
0.511017 0.401749
-0.145776 -0.303311
0.490712 -0.683025
0.279458 -0.958939
-0.613837 -0.692061
-0.0958005 -0.294533
0.205889 -0.155008
0.230471 -0.408723
-0.676288 0.730382
-0.360608 -0.561317
0.200386 0.0633619
0.399932 0.771232
-0.226785 -0.205787
-0.731577 -0.0254954
0.276267 -0.357534
-0.553614 -0.565529
-0.0642524 -0.978066
-0.2721 -0.48099
-0.251039 0.725046
-0.639557 0.232727
-0.902238 -0.351481
0.37989 0.00952414
-0.445428 0.507945
-0.864391 0.297545
-0.164812 0.840415
0.0563325 -0.321217
0.368969 -0.4398
-0.864465 0.451876
-0.689464 0.0549288
-0.396441 -0.878476
-0.55003 -0.198792
-0.181089 0.525768
-0.408114 -0.35805
0.732796 -0.658685
-0.876876 0.385685
0.351651 -0.451959
-0.981559 0.17238
-0.880831 0.288725
-0.31026 -0.860609
-0.855936 -0.405214
0.987604 0.0197235
-0.200919 0.554647
-0.284471 0.885071
-0.469335 0.713007
-0.486819 -0.741518
0.109435 0.114923
-0.233311 0.397873
-0.656299 -0.0309231
-0.797163 0.55996
0.418451 -0.464608
-0.177669 -0.897231
0.40822 -0.745172
-0.381664 -0.213427
0.520303 0.0929265
0.235078 0.469914
-0.00890709 0.773576
0.3998 -0.139691
0.718552 0.202061
-0.110627 0.483485
0.608333 0.127324
-0.824812 0.512859
0.223789 0.334137
-0.719104 -0.478292
-0.276431 -0.766261
0.939963 0.335293
0.371467 -0.650844
-0.183802 0.860021
0.793817 -0.179335
0.86809 -0.333288
0.631531 0.770672
-0.288358 -0.186232
-0.183052 0.599221
0.697034 -0.227839
0.12292 -0.570706
-0.0696008 -0.480287
0.390607 0.814878
0.368791 -0.0505269
0.432751 -0.384271
0.756104 -0.00708927
-0.693317 -0.314072
0.145779 0.178295
0.292373 -0.561031
0.601818 0.24948
-0.216241 0.86275
0.013689 -0.0633605
0.472145 0.45487
0.269111 -0.550191
0.552907 -0.336919
0.055369 -0.876958
0.833701 0.0400517
-0.695526 -0.0580946
-0.304041 -0.306691
-0.694786 -0.0941531
0.658418 0.276783
0.610146 0.384275
-0.712301 -0.351651
0.470733 0.0936944
-0.355924 -0.522268
0.11178 0.285166
0.793045 0.561212
-0.692303 0.703651
-0.274628 0.380303
-0.283836 -0.339918
0.502113 -0.101591
0.611157 -0.160605
0.746875 -0.646564
0.359594 0.58571
0.697357 -0.160689
0.818856 0.115235
0.0473342 0.158273
-0.18205 -0.280289
-0.481887 0.737916
0.371502 0.742683
0.208029 -0.976519
0.564089 -0.22029
-0.508684 0.78909
0.450595 0.333789
-0.829239 -0.0550939
0.823582 -0.249914
0.440892 0.533292
-0.916592 0.268458
-0.121793 0.107956
-0.762499 -0.188725
-0.185345 0.560515
-0.532285 0.52682
-0.332105 -0.627919
-0.0361178 0.181214
-0.0198802 -0.119368
0.674613 0.0488717
0.320173 -0.636105
-0.746243 0.62879
-0.042605 0.404392
0.432587 -0.550366
0.106219 0.875204
-0.034191 0.898867
-0.109062 -0.599111
-0.673578 0.50695
-0.152695 0.287402
-0.928078 0.273139
-0.792653 0.0159385
0.610577 0.67636
0.271016 -0.309713
0.259321 0.58923
0.531726 -0.552641
0.365275 0.249197
0.499788 0.6681
0.448399 -0.531775
0.635156 -0.105181
0.30314 0.790962
-0.446068 -0.0753841
-0.59531 -0.305628
0.270765 0.417939
-0.599125 0.783489
0.585772 -0.378292
0.675212 0.593664
-0.410178 -0.487127
-0.443769 -0.225794
-0.371137 -0.604386
0.732096 0.472188
0.701215 -0.206351
0.0529627 0.428544
-0.153502 -0.280477
-0.301519 -0.0317867
0.292826 -0.747286
0.489775 -0.684535
0.322019 0.482066
-0.562621 -0.32831
-0.447889 0.337894
0.305118 -0.919171
-0.0127875 -0.55291
-0.229764 -0.92898
0.320146 0.531452
0.407888 -0.346334
0.872399 0.254915
-0.632392 0.761059
0.505795 0.862477
0.616313 0.459275
-0.37519 -0.833738
-0.78038 0.0982371
-0.326746 0.620786
0.270656 -0.505626
0.0141615 -0.695111
0.191335 -0.612929
-0.228452 0.313348
-0.744997 0.210112
-0.309405 -0.0291736
-0.406706 0.0474437
-0.789616 0.234899
-0.607578 -0.018077
-0.410291 0.575228
-0.930075 0.00630085
-0.689665 0.196355
-0.455936 0.626874
0.0709185 0.36541
-0.620814 -0.666888
0.399821 0.621888
0.665447 0.126861
0.659093 -0.691303
0.840353 0.349207
-0.422361 0.207553
-0.298709 0.655518
-0.376587 -0.894679
-0.648208 -0.615949
0.182591 0.327464
-0.226316 -0.272864
0.718267 -0.0417791
0.36502 0.0740315
-0.0437731 -0.666852
-0.53162 -0.315131
0.23114 0.951647
-0.464307 -0.016518
-0.277369 -0.542408
-0.152666 0.715775
-0.484379 0.557987
0.0643375 -0.584796
0.588429 -0.666961
-0.0305268 -0.290788
0.557307 -0.490976
-0.211375 -0.556429
-0.230759 0.0292019
-0.518632 -0.251076
-0.674526 0.125433
0.674437 -0.385666
0.456698 -0.0416344
0.343975 0.619814
-0.0878385 -0.435767
-0.746131 -0.343967
0.153385 0.607934
0.856345 -0.344772
0.241807 0.718314
-0.557962 0.62865
0.0656849 -0.243027
-0.235845 -0.207991
-0.787487 0.238608
-0.0654205 -0.550423
-0.619184 -0.741453
-0.452989 0.312616
0.276095 -0.183776
-0.242296 0.512328
0.421773 -0.845085
0.591606 0.373731
0.375972 0.63298
0.744957 -0.321651
-0.611306 -0.0408283
0.888881 -0.290005
-0.735953 -0.409032
0.0784612 -0.556041
-0.523981 0.313355
0.592123 0.19164
-0.317787 -0.875447
0.275926 -0.839556
0.499321 0.290729
-0.424255 0.156224
-0.982381 -0.159297
0.646592 -0.58828
-0.0142104 0.590812
0.764748 -0.622367
-0.441074 -0.473264
0.24751 -0.874727
-0.114727 -0.357844
0.507544 -0.697204
0.494361 0.19226
-0.447126 -0.650029
0.686631 0.0423099
-0.45244 0.706555
-0.835502 0.0794526
0.364964 0.0893683
-0.426211 0.622231
-0.64671 -0.252651
0.0221599 0.933101
0.122786 0.65323
-0.606315 0.36391
0.291431 -0.163636
0.195352 -0.0800303
0.331412 0.776289
-0.769074 0.217406
0.166162 -0.0912172
-0.390709 -0.602106
0.755762 -0.0550059
-0.143689 0.804697
-0.399371 0.41181
-0.858322 0.162223
-0.31531 0.557996
0.706148 -0.563213
-0.363869 -0.871054
-0.185622 0.323437
-0.611281 -0.730607
0.857972 0.103789
0.192321 -0.721596
-0.123525 0.970577
-0.814045 -0.560863
0.849318 0.0704253
0.0384162 0.717383
0.691044 0.440471
-0.256271 0.405275
-0.565749 -0.219922
0.572033 0.620548
0.122441 0.119522
0.383066 -0.562665
-0.0770153 0.0999765
0.410057 0.60333
-0.770107 0.307121
-0.816219 0.357624
-0.404283 0.543434
-0.410524 0.239168
0.229675 0.754449
-0.0635647 0.0895492
-0.457638 -0.0818673
0.584544 -0.498035
0.333296 -0.712322
0.47529 -0.0391305
0.57176 -0.227487
-0.28811 0.188123
-0.2183 -0.123118
0.442739 0.238852
0.212385 -0.943975
-0.344884 -0.338805
0.466921 0.082528
-0.0974819 -0.219906
-0.129086 0.602476
0.315632 0.00314359
0.532703 0.45032
-0.173224 -0.56553
0.742928 -0.29652
-0.0403173 0.767307
0.360147 -0.793415
0.320761 0.377351
-0.570148 0.657633
0.316086 -0.667757
0.293939 -0.926827
0.697721 -0.642097
0.513163 0.56636
0.257187 -0.662604
-0.369803 -0.154677
-0.679396 -0.175896
-0.770158 -0.503487
-0.367547 0.63782
0.652218 -0.52769
-0.105222 0.15756
-0.639492 -0.649882
-0.653803 -0.41786
0.382663 -0.54559
0.255303 0.814373
-0.0695604 0.454078
0.0822874 0.123458
0.237788 -0.128562
-0.107412 -0.162785
-0.223763 -0.0623116
0.150468 0.665926
0.315039 -0.0838166
0.831137 -0.253306
-0.215351 0.710204
-0.0154935 0.534677
-0.189869 0.390567
0.76748 0.0964105
0.298672 0.926873
-0.609425 0.488876
-0.115652 0.185359
-0.0423945 0.769579
-0.583813 -0.521667
-0.252013 -0.593027
-0.701502 0.212305
-0.492404 -0.31742
0.36347 -0.9297
0.717061 0.539988
-0.81332 -0.326253
-0.0986862 0.214257
-0.504844 0.776341
0.72554 0.216561
0.385174 0.717929
-0.19587 -0.1664
-0.271931 -0.545956
-0.0586046 0.032339
-0.10052 -0.0716225
-0.570595 -0.594078
0.385254 0.257237
0.00623412 -0.560549
-0.406139 -0.618043
-0.563962 -0.157632
0.406209 0.549345
0.0770751 0.800103
-0.251442 -0.803839
-0.679057 -0.303798
0.145904 0.14909
-0.207579 -0.755002
-0.235135 -0.49301
-0.27113 -0.49585
-0.266917 0.533272
-0.206667 0.217713
0.112086 -0.953847
0.651625 0.757926
-0.359785 0.856078
-0.793559 0.508935
0.113343 0.978747
-0.901909 0.373066
-0.501808 -0.358475
0.693134 0.438016
0.0833503 0.541782
-0.451217 0.673091
-0.0735361 0.589081
-0.132225 -0.183859
-0.669808 0.707315
-0.190488 0.533711
-0.707113 0.44104
-0.609892 -0.550865
-0.193755 -0.377251
0.837964 0.2274
-0.620721 -0.776217
0.649271 -0.172807
-0.770146 0.530254
-0.0182267 0.629163
0.047733 0.0219039
-0.192622 0.554258
0.542371 0.00324484
-0.486667 -0.640608
-0.165404 -0.493314
0.103345 0.535436
-0.193414 -0.178238
0.0622612 -0.721346
0.0536731 0.16391
0.154902 0.597178
0.620446 0.699406
0.324509 -0.382721
-0.255525 -0.843718
-0.525747 -0.737645
0.0680011 0.320322
0.733472 0.606692
-0.00121307 0.53402
-0.56456 -0.307397
0.46559 0.185849
-0.470801 -0.0655906
-0.86184 -0.127234
0.406018 -0.759497
-0.0375653 0.374728
0.363908 0.677797
0.672109 -0.117501
-0.329704 0.521998
-0.219399 -0.242546
0.335138 -0.298782
0.574207 0.0803169
-0.686024 0.254827
-0.45619 0.175261
-0.735453 -0.111771
0.813611 -0.173266
0.301306 -0.112132
-0.0786134 0.144467
0.153017 -0.664766
0.246372 0.889912
0.7832 -0.0271994
0.187792 0.661552
0.377407 -0.153685
-0.403942 -0.123551
-0.116327 0.514374
-0.421063 0.0539959
-0.409546 -0.0422846
-0.197289 -0.680365
-0.0575523 -0.977986
-0.381711 -0.031618
0.272058 -0.436616
-0.467792 0.510812
-0.88349 -0.0378224
0.0140958 0.83494
-0.514677 -0.167106
0.562104 -0.371977
0.662098 -0.32568
-0.0825618 -0.325763
-0.239145 0.89917
0.31415 0.398806
-0.702456 0.28866
-0.0184294 -0.789412
0.689332 0.692201
0.576315 -0.345293
-0.759433 -0.537807
0.445574 0.478234
0.551227 -0.364562
0.1378 0.692563
0.214267 0.606548
-0.183747 -0.657489
0.757834 -0.414256
-0.196526 0.758264
-0.135308 -0.910669
-0.00668581 -0.0284972
-0.00721977 0.13358
-0.766817 -0.518773
-0.828426 0.101248
-0.340652 -0.474243
0.204544 -0.751091
-0.73999 0.131783
0.624057 -0.0306284
0.36169 -0.686844
0.762909 0.563175
-0.0826037 0.197635
-0.543593 -0.0408483
0.135027 0.0374714
-0.440299 -0.48832
-0.108009 0.567255
-0.303048 0.517599
-0.716328 0.692924
0.454168 -0.621793
-0.241832 0.955942
-0.222714 0.530515
0.894758 -0.373771
-0.324746 -0.010712
-0.639304 0.0162304
0.703441 0.0511282
-0.452707 0.343742
-0.228298 0.246241
-0.711031 0.451755
-0.121818 -0.930636
-0.260462 0.620612
0.136668 -0.58637
-0.133587 -0.758513
-0.297463 -0.179614
-0.0715793 -0.307854
0.594091 0.289681
0.00622702 -0.0551118
0.581972 -0.21627
-0.83827 0.0472485
0.505462 0.439464
0.936972 -0.330276
-0.130595 0.329233
0.0433484 0.583802
0.779886 0.266204
-0.748508 -0.296405
0.711576 0.524687
0.57671 0.735293
-0.921238 0.197196
0.929537 0.0485858
0.224852 -0.0483405
-0.847918 0.054658
-0.0306612 -0.19381
-0.450772 0.233379
0.795077 -0.190402
0.709435 0.641645
0.225782 -0.159735
0.0746941 0.239803
-0.382189 0.256978
0.51434 -0.419048
0.575407 0.356436
0.0431181 0.67033
-0.196236 0.388432
0.548585 0.288054
-0.00178785 0.889319
0.162283 -0.242753
0.16374 -0.435667
-0.0185721 0.577232
-0.613009 -0.395557
0.251468 0.784761
-0.617871 -0.414764
-0.385085 -0.411554
-0.515713 0.479724
-0.236844 -0.880984
-0.124269 0.878121
0.0258766 0.773773
0.570444 0.18771
-0.661923 -0.215208
0.414651 -0.45068
0.399043 0.683921
-0.0809576 -0.334877
-0.0503674 0.0847849
-0.398599 0.600486
0.728195 0.245286
-0.118253 0.959419
-0.500985 0.0370125
-0.840804 -0.395801
-0.218978 0.265703
0.928814 -0.296782
-0.0207487 -0.259759
-0.234568 -0.410036
-0.856756 -0.497958
-0.82853 0.17729
0.305195 0.201691
0.0392598 -0.577309
-0.487263 0.146477
-0.0802235 0.683095
0.887185 -0.0417273
-0.567755 0.538077
-0.201457 -0.0603756
-0.232418 0.771214
-0.185461 -0.0144757
0.532146 0.763825
0.383677 -0.851407
0.299751 -0.118665
-0.346783 0.65912
-0.75868 -0.178072
-0.434356 0.849831
0.0538526 0.015536
-0.339489 0.550353
-0.397262 -0.804792
-0.158806 0.87537
-0.851177 -0.47024
-0.487043 -0.184043
-0.390807 0.898259
-0.250363 -0.202884
0.504468 0.597838
-0.344379 0.0467894
0.539464 -0.0241235
-0.430931 0.331949
0.570612 -0.779293
-0.823097 -0.212441
-0.415937 -0.462901
-0.718357 0.59107
-0.172277 0.805306
-0.848989 0.0872246
-0.972445 -0.122125
0.725766 -0.485316
0.30964 0.0658513
0.633425 0.249935
-0.538104 -0.24312
0.792468 -0.200492
0.203783 -0.815144
0.662547 -0.0100299
-0.0834284 -0.880293
-0.137655 -0.6117
0.571618 0.508728
0.497608 -0.0857772
0.6296 0.594009
-0.541148 0.265356
0.533056 0.346071
-0.6289 0.718075
-0.361945 -0.693199
-0.123858 -0.505303
-0.0824459 -0.836641
0.82565 0.299765
-0.510568 0.203041
0.126296 0.00626819
-0.459336 0.133263
0.0738846 0.00493995
-0.35041 0.259295
0.136257 -0.840732
0.711737 -0.0882403
-0.073823 0.861948
0.242436 0.204853
-0.830932 -0.0243068
-0.361107 -0.270011
0.369355 -0.855985
0.335127 0.40409
0.721205 -0.0802432
-0.278472 0.892539
0.0870835 0.173808
0.810424 0.284789
0.419529 -0.0892434
0.264874 0.662332
-0.312189 -0.937979
-0.224733 -0.733183
0.551031 0.41328
0.140356 0.814452
0.127415 -0.591423
0.541592 0.202918
-0.521976 -0.126363
0.445518 0.678788
0.544751 -0.236392
0.395661 -0.375255
0.453257 0.843659
0.404399 -0.1175
0.50793 -0.299366
-0.0918558 -0.0184708
-0.933334 -0.103761
0.537741 -0.657168
-0.168825 0.43357
-0.271889 -0.698488
0.0207918 0.641157
0.164528 -0.941642
0.00185185 0.169142
-0.373527 0.833704
-0.885932 0.0343991
0.443466 0.527197
0.090062 -0.648499
-0.0758159 0.110266
0.327584 0.914433
-0.140116 0.530309
-0.121663 0.309334
0.905982 -0.0434779
-0.875423 -0.24677
0.888137 0.250452
-0.789885 0.478443
-0.0771303 0.853649
-0.483323 -0.651584
-0.0791662 -0.188691
0.675681 -0.663429
-0.0253309 -0.0563305
-0.602917 0.082282
0.274332 -0.863817
0.266372 -0.423582
0.13143 0.357116
-0.175266 0.0622721
0.42654 0.5505
-0.308118 0.812631
-0.321967 -0.183822
0.920502 -0.0639145
-0.224442 -0.758905
-0.407286 0.486218
0.914017 0.364897
0.0967565 0.00636108
0.718245 -0.480991
0.00617528 -0.941736
-0.034626 0.76657
-0.404875 0.255994
-0.235009 0.0299403
0.151605 0.476053
-0.175055 0.801912
0.436429 0.675372
-0.534637 0.378754
-0.623737 -0.278073
-0.409903 0.903575
-0.572054 -0.477981
0.143243 -0.0387023
0.984055 -0.0582312
0.134896 -0.0160447
0.00317467 -0.0321128
0.717965 -0.60973
-0.710728 0.107666
-0.00913469 -0.38085
0.283853 0.897644
0.312264 0.358478
0.512412 -0.373658
0.61798 0.195589
0.141381 -0.196025
-0.663208 -0.104131
-0.592321 0.255631
0.903648 -0.161208
0.141315 -0.161138
0.958364 0.106971
0.876503 -0.294822
0.618583 -0.784988
0.637676 -0.554446
0.103986 0.856359
0.461991 -0.385655
0.00929353 0.988365
0.0876363 0.287871
-0.619396 0.0282862
0.107804 -0.301774
0.389987 0.624045
0.807767 -0.0395733
0.748822 0.353773
-0.643309 -0.116271
-0.202415 0.0342789
0.617289 -0.109529
0.00783865 0.700664
-0.957426 0.0611919
-0.21455 -0.241674
0.356022 -0.499183
-0.0694786 -0.927573
0.470131 -0.718939
0.469998 -0.875046
-0.146462 0.153906
0.339343 0.453905
0.272608 -0.318352
0.266897 -0.487542
0.924126 -0.0300777
-0.191088 0.929218
0.676049 -0.257366
0.751843 -0.436248
0.020594 0.955894
0.205538 -0.349709
-0.102095 0.85205
0.521186 0.444279
-0.173137 0.295983
0.567413 -0.726975
0.218451 -0.358732
0.147056 0.813818
0.455956 0.0146421
-0.452779 0.405422
-0.405585 -0.838639
-0.078787 -0.455282
0.62068 0.536549
0.0233797 0.0667887
0.0156676 -0.235184
0.329694 -0.0635042
-0.0144278 0.0833697
-0.0362105 -0.896087
-0.107825 0.731182
-0.476761 -0.792856
-0.211005 -0.750345
0.152559 -0.704301
0.213481 0.705585
0.000715322 -0.0741451
-0.322504 0.323017
0.326522 0.169388
-0.134136 0.187585
-0.132554 -0.883924
0.225872 -0.641272
-0.954578 -0.107238
0.732763 0.165966
-0.628669 -0.303802
-0.145199 0.540037
0.355083 -0.434893
0.357434 0.661321
0.337754 0.639322
0.904134 0.245052
-0.859825 0.466151
0.48136 -0.116864
-0.397854 0.119083
-0.206134 0.542657
-0.561308 0.463475
-0.384853 0.713067
0.250487 0.231763
0.353255 0.0887537
-0.2601 -0.754305
0.194196 0.192129
-0.393915 0.337087
-0.557155 -0.324853
0.492798 -0.0589335
0.104218 -0.862722
-0.263565 -0.290234
0.692923 0.575427
0.217001 0.080633
0.0403202 0.26602
-0.601624 0.385207
0.707444 0.182646
0.327006 0.832211
0.524713 -0.306033
-0.55606 -0.00575202
0.921319 -0.326057
0.438092 0.0829061
-0.259133 0.0535028
-0.643334 0.0568844
-0.117554 -0.194393
0.238578 -0.640391
-0.477394 -0.452401
0.0256947 0.662387
-0.854173 0.0375538
0.180524 -0.517555
0.316057 -0.786876
-0.00841333 0.461197
0.919751 0.0711122
0.124848 0.654009
0.0154392 -0.963332
0.631486 -0.5682
0.733409 -0.400656
0.110391 -0.949194
-0.301015 0.545352
-0.468515 0.186772
-0.178101 -0.98081
-0.444067 0.221786
-0.229598 -0.537977
0.733637 0.363159
0.415643 -0.0777735
0.750026 -0.560383
0.748286 0.470548
-0.261608 -0.286947
-0.264677 -0.177676
0.907004 0.172249
-0.526343 -0.263829
0.917604 0.266947
0.324755 -0.623625
0.66669 -0.607461
0.360377 0.163739
0.332424 0.459906
-0.807618 -0.370188
0.514876 0.558186
0.0102086 0.504083
-0.412824 0.184802
0.406904 0.227523
0.575207 -0.00475505
-0.410163 0.0474671
-0.109999 0.786722
-0.273733 0.0287309
-0.485487 0.257451
0.0518743 0.233701
-0.647976 -0.218135
-0.0394234 0.200235
0.210156 0.624427
0.0226078 -0.590172
0.381819 0.450483
0.508189 -0.257373
-0.456964 -0.246383
-0.409445 0.0672352
-0.0831735 0.0692453
-0.409487 0.622544
-0.0946522 -0.615816
0.901277 0.109364
0.808203 -0.587065
-0.21829 0.674481
-0.528097 -0.208634
0.17791 -0.69527
-0.313037 -0.116493
-0.255236 -0.0752626
-0.760454 0.420405
0.436662 0.333253
-0.523982 -0.532134
0.0796356 -0.15099
0.136352 0.431669
0.114214 0.536933
0.47712 -0.602632
0.741322 -0.0984005
-0.56763 0.510006
-0.87508 -0.482131
-0.532458 -0.00264359
-0.73783 -0.579284
-0.194642 0.150951
0.295315 0.555511
-0.954173 0.203149
-0.227443 -0.816175
0.93427 0.11566
-0.845045 0.310476
0.429058 -0.679515
0.308117 -0.419847
-0.181682 -0.0890734
-0.17563 -0.191201
-0.4584 -0.467975
0.779486 0.0561278
-0.0780332 -0.0637039
-0.208389 0.740379
-0.326013 0.0589061
0.454703 0.832374
-0.26198 0.89327
0.2435 -0.532324
0.810555 0.324065
-0.432303 -0.581498
-0.144899 0.243188
-0.0456798 -0.300217
-0.273649 0.316661
0.160535 0.742266
-0.597114 -0.761201
-0.609375 0.6903
-0.502859 0.133834
-0.118488 0.602083
0.254739 -0.0517025
0.334252 0.680344
-0.654386 0.107051
-0.204087 0.553258
-0.320857 -0.816485
-0.345941 -0.0696346
-0.511337 -0.699624
0.206824 -0.37026
-0.137288 0.982967
0.399005 0.630745
0.531783 0.593899
-0.552617 -0.266355
0.142443 0.870412
0.922846 0.291446
-0.319225 0.762155
0.00126061 -0.574116
0.437135 -0.300286
-0.174893 -0.947144
-0.0978145 0.607312
0.0985859 0.132154
0.569087 0.801226
-0.170915 -0.80647
0.5683 -0.691588
0.167491 -0.720961
0.286764 0.222097
0.104152 -0.967322
-0.215997 0.438179
0.578705 0.0604405
-0.116336 0.730438
0.0322407 0.253393
-0.60562 0.470627
0.675578 -0.723741
0.457784 -0.299159
-0.338236 -0.689971
-0.316389 -0.288427
0.538109 0.732045
-0.876686 -0.0278658
-0.840431 -0.399439
-0.517187 0.311528
-0.597267 0.0146647
-0.237554 0.679827
0.0233679 -0.512462
-0.635244 -0.47208
0.406888 0.779908
0.497083 -0.793575
-0.619888 0.138075
-0.359831 0.323176
-0.566105 -0.11903
0.481151 -0.244753
-0.452957 0.07261
0.718063 0.164741
-0.300457 0.73044
-0.733951 0.0475946
0.778666 -0.525739
0.0616779 0.948475
-0.559118 0.298265
-0.376204 -0.63375
0.20499 0.370455
0.493916 -0.150006
0.36387 0.458942
-0.02038 -0.889786
0.769588 0.127129
0.337589 -0.126183
-0.658123 0.354844
0.113768 -0.924789
-0.80217 0.502517
-0.890478 -0.111459
-0.483784 0.69928
-0.0767753 -0.0601434
0.428548 -0.261061
-0.524525 -0.755182
-0.442642 0.372819
-0.561783 -0.0501984
-0.644071 -0.378587
0.55599 -0.397657
-0.0503105 0.851676
-0.415317 0.689241
0.0916232 -0.526357
0.295684 -0.438124
0.267529 0.35659
0.648817 0.439323
-0.653388 0.362731
-0.154284 0.768598
-0.622383 -0.615065
0.93629 0.103202
-0.0794225 -0.728472
0.567789 -0.590314
0.347461 -0.024109
-0.266446 -0.561333
0.457924 -0.603204
-0.241991 0.72256
0.0458622 0.332614
-0.640668 0.476748
0.065042 -0.037302
0.139366 0.472488
0.157938 -0.19935
-0.391114 -0.382242
0.449852 -0.271311
0.918786 0.246038
0.191237 -0.707894
0.216868 0.109923
-0.0909284 -0.718639
-0.59137 -0.77256
-0.420829 0.736102
-0.15052 0.5503
0.358427 -0.239859
-0.232326 0.734814
0.042115 0.364083
0.532325 0.643078
0.358285 -0.142932
0.133454 0.571395
-0.554048 -0.699466
0.822177 0.400851
-0.0404953 -0.74523
0.279426 0.189108
0.339884 0.646399
0.384445 0.146825
0.709112 0.632523
-0.604891 -0.58154
0.658237 0.123716
-0.634237 -0.715615
-0.966008 -0.0503495
0.874046 0.411539
-0.587909 -0.62795
0.350792 -0.294846
-0.711373 -0.252535
-0.213029 0.23845
0.412237 -0.166532
0.0194605 -0.661716
-0.780999 -0.265137
0.208892 0.897628
0.845607 0.0999602
-0.361623 -0.375368
0.362699 -0.0556838
-0.433028 -0.249645
0.0374561 0.0626117
0.435036 -0.168997
0.477265 0.666861
-0.0896731 0.0549951
0.159881 0.869376
-0.325931 0.441554
-0.72339 0.502048
0.834764 -0.142896
0.32736 0.484946
0.84447 0.120692
-0.744473 -0.391593
-0.44311 0.199642
-0.770932 -0.0381811
-0.0301678 -0.244307
-0.257762 0.645902
-0.558722 0.0388402
-0.675488 -0.135444
0.394985 0.523421
-0.770183 0.299081
-0.728989 0.16773
0.521653 -0.624485
-0.834049 0.345791
-0.50335 -0.104105
-0.50242 -0.397542
0.536044 0.63294
-0.628382 0.48401
0.560605 -0.633208
-0.340448 0.843958
0.467678 -0.393047
