-0.722086 0.564605
0.265196 -0.844257
0.308986 0.903424
0.0661719 -0.57519
-0.49703 -0.175317
-0.476542 -0.500305
-0.601834 -0.0507948
0.843638 -0.490413
-0.162681 -0.780542
-0.29446 -0.234298
0.00570432 0.127546
0.12368 -0.349192
-0.321606 0.230757
0.279299 0.227557
0.198021 0.979649
0.380376 -0.606833
-0.223237 0.750203
-0.78919 -0.121375
0.692301 -0.119593
0.0723612 -0.535986
0.0905736 -0.720098
0.491307 -0.398555
-0.319476 0.425734
0.784904 -0.437778
0.250838 -0.0826765
0.621795 0.373318
-0.227365 -0.374859
-0.549265 0.767164
0.251318 0.0317859
0.624065 0.261238
0.479854 -0.0895571
0.562737 -0.765202
-0.500366 -0.127669
0.0394171 -0.611272
-0.353832 -0.622365
0.70702 0.178128
0.601789 -0.274751
-0.175109 -0.948761
-0.0383784 -0.531809
-0.48653 0.635033
0.417808 0.716448
0.483815 -0.453903
-0.440377 0.797038
0.375075 -0.297131
-0.229364 -0.545667
-0.830193 -0.51696
0.511574 -0.628965
0.588771 -0.30481
0.249838 -0.57967
0.701101 -0.438949
0.14801 0.678663
0.85461 -0.468929
0.281867 -0.261173
-0.728602 0.331993
-0.15264 0.772203
-0.31316 0.829417
0.0999988 0.661085
-0.0710602 0.427181
-0.645625 0.373647
0.343222 -0.227609
0.225585 0.228654
0.0462942 -0.702354
0.910741 -0.394085
-0.614308 0.55414
-0.587423 0.636164
0.0603238 0.539
0.0268335 0.764047
-0.0436939 -0.387918
0.0955517 -0.341093
-0.0125427 -0.404901
0.259695 -0.0841923
-0.227092 -0.0309576
0.0261937 0.418956
-0.0971529 -0.887896
0.793353 -0.164789
0.0488816 -0.798166
0.202334 0.229219
0.635862 0.340426
0.0743148 0.253739
0.287976 -0.615216
0.0265454 -0.756713
0.124755 0.190722
0.283039 0.959105
0.6651 0.669027
0.941832 0.332794
0.838325 0.409574
0.0571198 -0.0299823
0.326492 0.698065
-0.313923 0.254133
0.405186 -0.865362
-0.566956 -0.194053
-0.727659 0.223478
0.671847 0.485808
0.0333773 -0.727801
0.550972 -0.0269254
0.545857 -0.528216
-0.596272 -0.626314
-0.00259809 -0.188186
0.814306 -0.412486
0.455523 -0.815948
-0.0384738 -0.988916
0.945412 -0.0977911
-0.816506 0.0140659
0.195103 -0.354828
0.834647 0.438536
0.00990536 0.805983
0.103706 0.786591
-0.341414 0.764236
0.0667582 0.569491
-0.182553 -0.202078
-0.275249 -0.384571
0.703168 -0.127437
-0.507139 -0.15117
0.642189 0.553951
-0.57381 -0.377128
-0.925915 0.294957
0.334028 -0.474106
0.65904 0.0133829
-0.478423 -0.340667
0.0922303 0.90815
-0.817162 0.0878762
-0.234975 0.65324
0.346988 0.769212
0.762707 0.200251
-0.214203 -0.606713
-0.532605 -0.624714
0.235268 0.540153
-0.54433 -0.559295
-0.404144 0.753258
0.254502 0.82199
-0.382467 -0.880133
-0.0368802 0.807323
0.621815 0.381821
0.366265 -0.355453
0.688757 0.460151
-0.215206 0.254876
-0.632843 -0.419762
-0.196959 0.792315
-0.210342 0.855291
0.212192 0.533495
0.9919 0.0223065
-0.445597 0.792991
-0.399745 0.168539
0.854803 -0.47744
-0.275084 -0.830181
-0.136651 -0.320109
0.0941235 -0.61235
0.839801 -0.487633
0.267135 0.889132
-0.850594 -0.264851
0.450829 -0.306662
0.670064 -0.678717
-0.626433 -0.325154
-0.0603831 0.398887
-0.928767 0.0443913
0.396569 -0.55353
-0.179652 0.680957
-0.170703 -0.38895
0.54758 0.653992
-0.775721 0.0369645
-0.147463 -0.903542
0.0739753 0.415614
0.510859 0.487389
-0.237793 0.28582
0.518531 -0.236501
-0.686162 -0.661564
0.379731 -0.832245
-0.358423 0.606306
-0.34036 -0.527714
-0.0436424 0.779088
0.349179 0.171184
-0.197662 -0.262256
-0.143599 0.585643
0.483808 0.311954
0.599112 -0.26152
-0.0740952 0.760316
0.0600078 -0.809411
0.384141 0.582978
-0.661685 -0.66724
0.188364 0.69443
-0.66785 0.333971
-0.717688 0.561127
-0.227205 0.438982
-0.549921 -0.653411
-0.522468 0.843725
0.621712 0.714867
0.640557 0.0217764
0.135077 -0.874663
0.407248 0.357529
-0.16855 -0.914946
-0.210485 0.0697017
-0.259618 -0.958679
-0.453056 0.0749881
0.772842 0.517588
-0.233904 0.211775
-0.30269 -0.458412
0.6087 0.662253
0.214289 0.0747575
0.130396 -0.663862
-0.778318 0.293765
-0.29182 -0.184262
-0.747297 -0.142064
-0.498826 0.588403
0.422197 -0.355014
0.333262 0.604583
-0.770656 -0.125771
-0.647337 -0.447079
0.23236 -0.423869
0.215315 0.154045
0.464871 0.841203
0.106461 0.685857
-0.230708 0.879513
0.43122 -0.413814
0.232709 -0.538607
0.790821 0.183708
0.0896167 -0.499437
0.407456 -0.678192
0.100559 0.545935
-0.338482 -0.288878
-0.15112 -0.29478
-0.168667 -0.868224
-0.364075 0.260387
-0.514226 0.226339
-0.362009 0.316142
0.411347 0.603025
0.742125 0.068173
-0.455199 0.415943
-0.0436788 -0.550908
-0.300853 -0.412228
0.650331 -0.359703
0.303857 -0.770491
-0.317017 0.772883
0.8031 0.0303146
0.406198 -0.6066
-0.490957 -0.614336
-0.584437 0.420653
-0.116969 -0.590316
-0.392381 -0.804943
0.382673 0.0802328
-0.0990755 -0.231829
-0.317684 -0.294437
-0.761981 -0.345958
0.0335266 0.00120317
-0.0401294 0.551025
0.506383 -0.63162
-0.231114 0.357418
0.592009 -0.562908
-0.312732 0.745321
0.366745 0.866321
-0.396314 -0.00861966
-0.410008 -0.812927
0.343858 0.886528
-0.17119 -0.60433
-0.89113 -0.273517
0.783433 -0.353825
0.432348 -0.214927
0.678556 -0.30167
-0.665133 -0.228046
0.297412 -0.922321
-0.74787 -0.504806
0.810326 -0.023937
-0.436702 0.863217
-0.792128 -0.496832
0.0467571 -0.797236
0.245197 -0.845754
-0.406277 -0.312608
0.341913 0.594693
0.590185 -0.668709
-0.478582 -0.802484
-0.489728 -0.415511
-0.471217 -0.612253
0.437516 0.589183
0.744672 0.156477
-0.831765 -0.0952714
-0.908398 -0.0861517
-0.334943 0.0214743
0.681473 0.214343
-0.675628 0.598229
-0.762674 0.236611
-0.324252 0.197086
-0.414154 0.274789
-0.0267143 -0.129395
0.291826 -0.69897
-0.720996 0.250692
0.690595 -0.0209867
0.216425 0.10901
-0.655548 -0.459373
0.0890257 0.463332
0.703952 -0.367008
-0.83574 0.198688
0.391226 -0.534325
0.926187 -0.30796
0.10117 -0.942789
-0.562232 -0.132153
-0.463471 0.0658095
-0.952651 0.20561
0.920575 -0.191988
-0.413866 0.111716
0.0911211 -0.87859
-0.0453173 0.95012
0.84986 -0.198368
-0.471051 0.331597
-0.705459 -0.251221
0.285626 0.735244
-0.441033 0.532401
0.699927 -0.404948
-0.359947 -0.284832
0.717626 0.591985
0.192507 0.580083
-0.671511 -0.44226
-0.67638 -0.468043
-0.225082 -0.0905456
0.034772 0.749939
-0.0764656 0.114297
0.0845143 -0.0439406
0.100513 -0.768976
0.860332 -0.383439
-0.393987 0.133562
0.195813 -0.670356
0.780868 -0.171037
-0.104929 0.379903
-0.62568 0.700521
-0.0140758 -0.948279
-0.0992815 0.682604
0.699445 0.676326
-0.665327 -0.6504
0.754227 -0.387051
-0.0864308 0.420233
0.119049 0.391143
0.353735 0.707811
0.0500328 0.352372
0.96941 0.0846735
0.292356 0.274504
-0.404464 -0.546129
0.770925 0.566477
0.707965 0.336174
-0.627334 0.0140703
-0.177064 0.636579
0.421055 -0.258421
0.273871 0.700827
-0.169498 0.0773745
0.0191732 -0.901962
0.59693 -0.00761467
-0.186792 -0.027841
-0.23592 -0.381167
-0.391978 0.739013
-0.569954 -0.751329
0.555573 0.181165
0.287944 -0.826916
-0.346747 -0.760579
-0.366315 0.877497
-0.257323 0.82841
0.336099 0.834511
0.725903 0.253329
0.17525 0.265973
0.324029 0.373033
0.717046 0.273796
0.888405 -0.316686
0.21104 -0.107164
-0.0299796 0.684216
0.373999 0.668682
-0.756159 0.113175
0.80738 -0.404582
-0.630859 -0.358524
0.132354 0.84373
-0.343313 -0.382502
0.729593 0.0766088
-0.555195 0.789478
-0.448981 -0.0642698
-0.222597 0.59282
-0.504832 -0.651958
-0.0793921 0.661087
-0.417266 0.727376
0.0267831 -0.462392
-0.205939 -0.464436
0.071573 -0.105142
-0.744325 -0.546252
-0.279495 -0.493315
0.41922 -0.592524
-0.0195687 0.499827
-0.269517 -0.0244216
-0.721465 -0.607701
0.315776 -0.656748
-0.0814503 -0.97587
-0.373673 0.452027
0.207209 0.0313032
-0.0710191 0.00569971
-0.140303 -0.522686
-0.904638 -0.0421465
0.602717 0.322806
-0.434712 0.0448203
0.925429 0.258769
0.00938447 0.290384
-0.645653 -0.542667
0.295884 -0.0728762
0.468589 0.804918
0.0315533 -0.689167
0.880915 0.0386594
-0.0646262 -0.757916
0.762339 -0.403196
0.0727525 -0.301846
0.781699 0.579122
0.0351543 0.523126
0.744118 0.505995
-0.147038 0.851534
0.384819 -0.158792
0.716221 0.497885
0.558153 -0.818275
-0.206701 -0.546639
-0.619069 0.270679
-0.362541 0.722906
0.530551 0.564808
-0.205335 0.197744
-0.198537 -0.312313
0.247615 -0.230534
0.185784 0.740226
-0.804085 -0.147556
0.523689 -0.195175
0.631002 0.608311
-0.194753 -0.0183306
0.15112 0.613566
0.359922 0.568424
-0.507802 0.224465
-0.0434125 -0.0595839
-0.345172 0.0841331
0.0548164 -0.284921
-0.353734 -0.812899
0.64075 -0.706871
0.239427 0.073135
0.320898 0.651229
0.744034 0.611784
-0.512548 -0.353965
-0.245284 -0.760424
-0.611605 0.406636
-0.800991 -0.425252
0.169646 0.944866
-0.625027 0.631336
0.505614 0.355306
-0.682851 0.584528
0.791578 -0.347392
0.451363 -0.803457
-0.558155 -0.63474
-0.509095 -0.506913
-0.623659 -0.336825
0.805642 0.150938
-0.704342 -0.509753
0.230463 0.293066
0.0758506 -0.436056
-0.084682 -0.914937
-0.214396 -0.371564
0.440811 0.344492
0.754704 0.564672
-0.0881969 0.687021
-0.104973 0.434401
0.766402 -0.265086
-0.470637 -0.0204602
0.812681 -0.343529
-0.104269 0.36228
-0.460853 -0.590442
0.100522 0.929144
-0.564399 -0.596196
0.351807 -0.841894
0.86536 0.156372
-0.56805 -0.517423
0.133635 -0.863658
0.472378 0.247281
0.437802 0.829662
-0.269235 0.326342
-0.481504 0.459561
0.648962 0.475784
0.389212 -0.417403
0.618386 0.474551
-0.00158542 -0.897656
-0.422929 0.468942
-0.0872559 0.621792
0.704282 0.321918
-0.864636 0.392368
-0.426969 -0.83602
-0.667966 0.120307
0.086556 0.533798
-0.439528 -0.229971
0.38541 0.390676
-0.858983 0.107662
0.246445 0.652021
0.61988 0.688923
0.216356 0.496348
0.0431722 -0.0310477
0.193464 -0.501321
-0.308519 -0.745189
0.402392 0.116164
0.153601 -0.967535
0.216291 -0.25726
0.454952 -0.0165984
-0.361141 -0.636939
0.323331 -0.601076
-0.223946 -0.917699
0.221306 0.596901
0.515916 0.756185
-0.367331 0.733973
-0.57698 -0.11954
-0.429818 -0.522012
-0.820298 0.210246
0.735126 0.0270015
0.18587 0.483877
-0.781848 0.286502
-0.278081 -0.398786
-0.273555 0.379898
-0.641877 0.319914
0.556887 0.182749
0.111898 -0.286005
0.934257 -0.0785877
-0.154307 0.705302
-0.268988 0.328302
0.40208 -0.526614
0.186304 -0.805226
0.39516 0.479737
0.520082 0.395057
0.75895 -0.156206
0.224864 -0.242218
0.129539 -0.37755
-0.443666 0.341098
-0.661158 -0.136235
0.847893 -0.161512
0.831548 0.516993
0.135318 0.0468751
0.764918 -0.559271
-0.174121 0.0969473
0.0807221 0.421052
-0.632453 -0.615138
-0.263457 0.0650234
-0.619359 0.159288
0.397134 -0.666417
0.221898 0.716999
-0.419073 -0.792215
0.259703 -0.0622609
-0.515659 0.457449
0.542924 -0.25193
0.763022 0.578488
0.673698 -0.668601
0.385597 -0.207573
0.814779 0.5146
0.888243 -0.178745
0.712987 0.0211802
-0.100463 0.422084
-0.0591046 0.789952
0.842612 0.196679
-0.501563 0.685753
-0.204562 0.911144
-0.336463 -0.662971
-0.69607 -0.687893
-0.728641 0.326939
0.0925382 -0.00230206
0.538084 -0.272384
-0.0289116 0.313766
-0.22833 0.865384
-0.0548598 -0.427807
0.61643 0.0269517
0.642141 -0.534557
0.0816708 -0.0707855
-0.269574 -0.322538
0.343459 -0.173973
0.5629 -0.59903
-0.50181 -0.155146
0.186793 -0.346858
0.358274 0.3076
0.431418 -0.516294
-0.716983 0.178101
0.780026 -0.498382
0.598333 -0.169312
0.159224 0.385725
-0.317297 0.382741
-0.664907 -0.689415
-0.453256 -0.402091
-0.520616 0.496336
-0.243766 -0.665142
-0.0788098 -0.108567
-0.272685 -0.738317
0.570835 -0.440756
-0.222183 -0.438235
-0.829662 0.188777
0.394809 0.795209
-0.287236 0.492618
0.330945 0.726899
0.487614 0.0758978
-0.323004 0.183799
-0.346134 0.304072
0.605092 0.641632
0.0703454 0.0906255
-0.847367 -0.164693
0.0136873 0.723573
-0.457757 -0.122891
0.527992 -0.786308
-0.42098 0.241269
-0.850842 0.12464
-0.29614 0.0692457
0.710247 -0.660903
-0.0823958 0.795807
-0.0811193 0.456246
-0.646756 0.17358
-0.470745 -0.284568
-0.931842 -0.0871921
-0.560444 -0.811
0.799243 -0.0756539
-0.687416 0.571109
-0.315681 0.644885
-0.049225 -0.796388
-0.908844 -0.19544
0.619447 0.447854
-0.43589 0.872287
0.731234 0.204391
-0.881746 -0.0985922
-0.862732 0.424025
0.569387 0.678189
0.091816 0.834787
0.771784 0.0382439
-0.892094 0.152546
0.183847 -0.699235
0.176934 0.30903
0.786125 -0.397376
-0.192081 0.721119
0.172898 0.466978
0.135435 0.115168
-0.636519 -0.567556
-0.200743 -0.414111
0.230821 -0.941473
-0.12314 -0.840462
-0.337265 -0.438452
0.331319 0.21064
0.562177 -0.684432
-0.417994 0.384676
0.585497 0.724234
-0.712504 0.589055
0.959222 -0.11229
-0.191934 -0.721424
0.717526 0.626196
0.00385104 0.00566102
0.543829 0.109607
0.504327 0.11286
-0.797621 0.106526
-0.720903 -0.439884
-0.474006 0.206041
-0.502284 -0.248504
-0.277875 0.0562996
0.538087 -0.611322
0.570156 -0.0504772
0.168325 0.467057
0.287661 0.212117
0.710326 0.28361
0.179968 0.224028
0.875076 -0.0575877
0.0606998 -0.502796
-0.349535 -0.14931
-0.760193 0.472103
-0.733687 0.24697
-0.361057 0.871813
0.103418 0.157556
-0.506172 0.700729
0.400529 -0.755151
-0.710783 0.559048
0.508493 0.658728
0.571568 -0.230617
-0.582702 -0.0279093
0.178577 -0.0905397
0.540717 0.525073
-0.13537 0.221997
-0.150376 0.29932
-0.0136648 0.325707
0.786289 -0.519709
-0.814986 0.0634258
-0.556114 -0.214722
-0.692394 0.566321
-0.809093 -0.24813
-0.813002 0.281919
-0.571867 -0.218959
0.835804 0.377141
0.15366 0.824596
0.0771309 0.0218271
0.817217 0.24587
-0.2828 0.942992
0.400354 0.0943029
-0.155928 0.780518
-0.0384981 -0.599526
0.00340116 0.733515
0.218165 0.774109
0.858347 0.0119154
-0.851033 -0.20166
-0.62257 0.0741854
0.194091 0.216145
-0.932099 0.243292
0.0980388 -0.825914
-0.574399 0.443726
-0.973095 -0.206322
-0.133257 -0.649192
-0.638801 0.414365
-0.000790788 -0.118952
-0.400058 -0.53403
0.060168 -0.163413
-0.565895 -0.259285
0.229947 0.0503487
0.231241 -0.849227
-0.185212 -0.0470385
-0.51867 0.245608
-0.123276 0.0742372
0.711806 -0.237684
-0.0288009 0.933952
-0.685048 0.498219
-0.215243 -0.777105
0.817479 0.514688
-0.649593 -0.0529373
-0.654263 0.264172
0.479367 -0.179139
-0.0771286 0.283985
-0.854112 0.14044
0.312269 -0.873542
-0.470688 -0.535558
-0.742104 -0.215022
0.374084 -0.186791
0.331249 0.929932
-0.566869 -0.136695
0.0872176 0.369648
0.57502 -0.679646
-0.732927 0.275432
-0.722576 -0.215957
0.72893 -0.0296594
0.238908 0.0456755
-0.283904 0.593169
-0.979425 -0.117781
-0.135236 -0.77134
-0.983119 0.163059
-0.725928 -0.00674952
0.235053 0.232028
-0.0455409 0.210455
0.222271 0.029306
-0.534324 0.4404
-0.532747 -0.524123
-0.460882 0.625299
0.145761 0.681332
0.839804 0.297671
-0.40183 0.775378
0.0953143 -0.196614
-0.592178 0.0740786
-0.180665 0.332038
0.0385728 -0.998876
0.227081 -0.0109212
-0.422117 -0.227599
-0.373072 0.595524
-0.811662 -0.209468
0.0145558 -0.789162
0.599157 0.449524
0.276554 0.258345
-0.018014 -0.851951
0.163909 0.666189
-0.0896081 0.977273
-0.0781864 -0.509613
-0.298829 0.708061
0.699068 -0.242729
-0.32536 -0.829394
0.140232 -0.506414
-0.313856 0.590033
-0.394225 -0.793683
-0.173572 0.936152
-0.0969532 -0.0793683
-0.582726 -0.69268
-0.439787 0.410734
-0.860405 -0.0288728
-0.692224 0.144377
0.493484 -0.0919131
0.179403 0.804172
0.456033 -0.165164
0.445207 -0.861759
-0.506852 0.0368475
0.832516 0.282175
0.403276 0.127751
-0.647562 -0.652433
-0.41912 -0.448296
-0.113641 0.537876
-0.394772 0.868149
-0.124852 -0.936339
-0.0272356 0.977686
-0.106633 -0.312996
-0.67386 -0.552887
0.405115 0.029951
0.423699 -0.632873
0.189946 -0.436729
0.439261 0.771778
0.766303 0.23231
-0.694318 0.417158
0.160136 -0.270581
0.638357 -0.23499
0.36133 -0.574532
0.0612159 -0.755292
-0.34816 0.0356887
0.283016 0.0264065
0.448457 0.107386
-0.22676 0.466711
0.843203 0.155423
0.781328 -0.56645
-0.201365 -0.0144307
-0.0950183 0.857338
-0.559577 -0.11642
0.64631 -0.132286
0.63935 0.413189
-0.268852 -0.55631
0.5384 -0.797803
-0.598235 0.514129
0.273126 0.780535
0.134162 -0.363157
0.0998821 0.818654
0.708317 -0.565169
0.436523 0.278444
0.463367 0.00940823
0.209814 0.274512
0.508608 0.802939
-0.487072 -0.648292
0.65077 -0.0648109
0.276457 -0.321975
0.0587593 -0.97397
-0.491072 0.844441
0.484105 -0.451203
0.392467 0.155833
0.33509 -0.394109
-0.43998 0.250999
0.753887 -0.316421
-0.803369 0.0525845
0.787588 -0.457464
0.732157 0.209552
-0.30007 -0.910736
0.192941 -0.391504
0.535567 -0.756735
-0.15876 0.667173
-0.534261 -0.739453
0.0828376 -0.378466
0.507598 0.390327
0.198426 -0.280631
-0.285494 0.950484
-0.0151759 0.952826
0.203378 0.34238
0.381003 -0.724473
-0.132328 0.289715
0.51068 -0.236345
0.385584 -0.292859
0.560637 0.81306
0.389286 0.666648
-0.949849 0.273101
-0.111471 0.0384605
0.489425 -0.709285
0.244015 -0.194936
-0.793098 -0.0376763
-0.00909296 -0.998484
0.592427 -0.0673653
-0.018125 0.211335
0.139256 0.463813
0.540216 -0.369425
-0.171975 -0.0325306
-0.270851 0.386483
-0.654369 0.180471
-0.454653 0.192862
0.41832 -0.66038
-0.66057 -0.407035
-0.405509 -0.361762
0.181831 0.0441759
0.457301 0.502932
0.806342 0.52959
0.71894 -0.351053
0.916735 -0.0252324
0.719507 -0.626095
0.314082 0.400736
-0.114476 -0.276594
0.160702 0.151371
-0.0626874 0.46192
-0.298621 -0.615106
-0.204823 -0.828665
-0.180607 0.285653
-0.156289 -0.725862
0.549398 -0.791065
0.560543 -0.134065
0.258116 -0.904389
0.122885 -0.283009
-0.0868099 -0.937657
-0.119964 -0.853529
-0.491209 -0.699743
0.781963 -0.0483855
-0.257553 -0.854666
0.464975 -0.679344
0.717144 -0.556205
-0.087534 0.330654
0.427995 -0.624418
-0.0196589 -0.0472875
-0.406063 -0.1431
0.48178 0.41404
-0.0566977 -0.630334
-0.0601235 0.268347
0.347423 0.63974
-0.274279 0.158264
0.526008 -0.793374
-0.24767 -0.288344
0.0366568 -0.703153
-0.209245 0.763829
-0.229882 0.639422
-0.0818915 0.362458
-0.01426 0.446917
0.109422 -0.751385
-0.278882 -0.151441
-0.152468 0.661107
0.239282 -0.275398
-0.617658 -0.132517
-0.764548 0.122634
0.621292 0.657808
0.70159 -0.391507
-0.700533 -0.23559
-0.317651 -0.813184
-0.0216577 0.433841
0.269619 -0.613454
0.628259 -0.394696
-0.130851 -0.322043
-0.190486 0.399757
0.137743 -0.961602
0.294428 0.0842605
-0.559208 -0.197751
-0.572257 0.0543864
-0.0830471 -0.641132
0.135395 0.0149648
0.235548 -0.38562
0.224807 -0.310683
-0.303247 -0.815049
-0.629257 -0.073217
-0.523214 -0.332097
0.439257 -0.763824
-0.295887 0.564241
-0.850277 -0.144278
0.115512 -0.0458362
0.890373 -0.234006
0.787367 -0.304263
0.0540651 0.023131
-0.354072 0.60831
0.633981 -0.383834
-0.229266 -0.104067
-0.106347 0.95894
0.561667 0.299365
0.181029 0.290688
-0.872219 -0.102377
0.462195 0.682762
-0.317134 0.0896294
-0.990021 -0.0906035
-0.0991012 -0.879323
0.0609264 -0.193814
0.627681 -0.527289
-0.651216 0.577484
0.0630845 -0.908917
-0.306109 0.595968
0.308075 -0.0035969
0.266236 0.409868
0.363467 0.658673
0.641837 -0.118065
-0.479488 -0.133328
0.361297 0.0431834
0.0946538 -0.229785
0.200237 0.366234
0.270467 0.441813
0.784828 0.26256
-0.141104 -0.935308
-0.842032 -0.375284
-0.612239 -0.490032
-0.917831 0.329928
-0.491409 0.356332
-0.854699 0.200214
0.629985 0.0375301
0.768666 -0.175632
0.404558 0.124704
-0.866888 0.42872
0.700119 0.317154
-0.38389 -0.54632
-0.683553 -0.642371
0.541299 0.727926
-0.883609 -0.0431989
-0.196957 -0.40103
0.460497 0.147941
0.287647 -0.401657
0.272932 0.763156
0.535343 0.0860143
0.709001 0.304633
0.69856 -0.0273413
0.209218 0.174028
-0.0201459 0.978579
0.311503 -0.246943
-0.00638237 -0.824705
0.688746 0.697598
0.342444 -0.53293
0.139602 0.8524
-0.97842 -0.178408
0.321173 0.792961
0.443534 -0.0965632
-0.464305 0.150486
0.713674 -0.552688
0.622922 0.507367
0.0546019 0.957861
-0.350454 0.224844
0.00782125 0.484407
0.253816 0.674698
-0.310685 -0.635753
