-0.722086 0.564605
0.265196 -0.844257
0.308986 0.903424
0.0661719 -0.57519
-0.49703 -0.175317
-0.476542 -0.500305
-0.601834 -0.0507948
0.843638 -0.490413
-0.162681 -0.780542
-0.29446 -0.234298
0.00570432 0.127546
0.12368 -0.349192
-0.321606 0.230757
0.279299 0.227557
0.198021 0.979649
0.380376 -0.606833
-0.223237 0.750203
-0.78919 -0.121375
0.692301 -0.119593
0.0723612 -0.535986
0.0905736 -0.720098
0.491307 -0.398555
-0.319476 0.425734
0.784904 -0.437778
0.250838 -0.0826765
0.621795 0.373318
-0.227365 -0.374859
-0.549265 0.767164
0.251318 0.0317859
0.624065 0.261238
0.479854 -0.0895571
0.562737 -0.765202
-0.500366 -0.127669
0.0394171 -0.611272
-0.353832 -0.622365
0.70702 0.178128
0.601789 -0.274751
-0.175109 -0.948761
-0.0383784 -0.531809
-0.48653 0.635033
0.417808 0.716448
0.483815 -0.453903
-0.440377 0.797038
0.375075 -0.297131
-0.229364 -0.545667
-0.830193 -0.51696
0.511574 -0.628965
0.588771 -0.30481
0.249838 -0.57967
0.701101 -0.438949
0.14801 0.678663
0.85461 -0.468929
0.281867 -0.261173
-0.728602 0.331993
-0.15264 0.772203
-0.31316 0.829417
0.0999988 0.661085
-0.0710602 0.427181
-0.645625 0.373647
0.343222 -0.227609
0.225585 0.228654
0.0462942 -0.702354
0.910741 -0.394085
-0.614308 0.55414
-0.587423 0.636164
0.0603238 0.539
0.0268335 0.764047
-0.0436939 -0.387918
0.0955517 -0.341093
-0.0125427 -0.404901
0.259695 -0.0841923
-0.227092 -0.0309576
0.0261937 0.418956
-0.0971529 -0.887896
0.793353 -0.164789
0.0488816 -0.798166
0.202334 0.229219
0.635862 0.340426
0.0743148 0.253739
0.287976 -0.615216
0.0265454 -0.756713
0.124755 0.190722
0.283039 0.959105
0.6651 0.669027
0.941832 0.332794
0.838325 0.409574
0.0571198 -0.0299823
0.326492 0.698065
-0.313923 0.254133
0.405186 -0.865362
-0.566956 -0.194053
-0.727659 0.223478
0.671847 0.485808
0.0333773 -0.727801
0.550972 -0.0269254
0.545857 -0.528216
-0.596272 -0.626314
-0.00259809 -0.188186
0.814306 -0.412486
0.455523 -0.815948
-0.0384738 -0.988916
0.945412 -0.0977911
-0.816506 0.0140659
0.195103 -0.354828
0.834647 0.438536
0.00990536 0.805983
0.103706 0.786591
-0.341414 0.764236
0.0667582 0.569491
-0.182553 -0.202078
-0.275249 -0.384571
0.703168 -0.127437
-0.507139 -0.15117
0.642189 0.553951
-0.57381 -0.377128
-0.925915 0.294957
0.334028 -0.474106
0.65904 0.0133829
-0.478423 -0.340667
0.0922303 0.90815
-0.817162 0.0878762
-0.234975 0.65324
0.346988 0.769212
0.762707 0.200251
-0.214203 -0.606713
-0.532605 -0.624714
0.235268 0.540153
-0.54433 -0.559295
-0.404144 0.753258
0.254502 0.82199
-0.382467 -0.880133
-0.0368802 0.807323
0.621815 0.381821
0.366265 -0.355453
0.688757 0.460151
-0.215206 0.254876
-0.632843 -0.419762
-0.196959 0.792315
-0.210342 0.855291
0.212192 0.533495
0.9919 0.0223065
-0.445597 0.792991
-0.399745 0.168539
0.854803 -0.47744
-0.275084 -0.830181
-0.136651 -0.320109
0.0941235 -0.61235
0.839801 -0.487633
0.267135 0.889132
-0.850594 -0.264851
0.450829 -0.306662
0.670064 -0.678717
-0.626433 -0.325154
-0.0603831 0.398887
-0.928767 0.0443913
0.396569 -0.55353
-0.179652 0.680957
-0.170703 -0.38895
0.54758 0.653992
-0.775721 0.0369645
-0.147463 -0.903542
0.0739753 0.415614
0.510859 0.487389
-0.237793 0.28582
0.518531 -0.236501
-0.686162 -0.661564
0.379731 -0.832245
-0.358423 0.606306
-0.34036 -0.527714
-0.0436424 0.779088
0.349179 0.171184
-0.197662 -0.262256
-0.143599 0.585643
0.483808 0.311954
0.599112 -0.26152
-0.0740952 0.760316
0.0600078 -0.809411
0.384141 0.582978
-0.661685 -0.66724
0.188364 0.69443
-0.66785 0.333971
-0.717688 0.561127
-0.227205 0.438982
-0.549921 -0.653411
-0.522468 0.843725
0.621712 0.714867
0.640557 0.0217764
0.135077 -0.874663
0.407248 0.357529
-0.16855 -0.914946
-0.210485 0.0697017
-0.259618 -0.958679
-0.453056 0.0749881
0.772842 0.517588
-0.233904 0.211775
-0.30269 -0.458412
0.6087 0.662253
0.214289 0.0747575
0.130396 -0.663862
-0.778318 0.293765
-0.29182 -0.184262
-0.747297 -0.142064
-0.498826 0.588403
0.422197 -0.355014
0.333262 0.604583
-0.770656 -0.125771
-0.647337 -0.447079
0.23236 -0.423869
0.215315 0.154045
0.464871 0.841203
0.106461 0.685857
-0.230708 0.879513
0.43122 -0.413814
0.232709 -0.538607
0.790821 0.183708
0.0896167 -0.499437
0.407456 -0.678192
0.100559 0.545935
-0.338482 -0.288878
-0.15112 -0.29478
-0.168667 -0.868224
-0.364075 0.260387
-0.514226 0.226339
-0.362009 0.316142
0.411347 0.603025
0.742125 0.068173
-0.455199 0.415943
-0.0436788 -0.550908
-0.300853 -0.412228
0.650331 -0.359703
0.303857 -0.770491
-0.317017 0.772883
0.8031 0.0303146
0.406198 -0.6066
-0.490957 -0.614336
-0.584437 0.420653
-0.116969 -0.590316
-0.392381 -0.804943
0.382673 0.0802328
-0.0990755 -0.231829
-0.317684 -0.294437
-0.761981 -0.345958
0.0335266 0.00120317
-0.0401294 0.551025
0.506383 -0.63162
-0.231114 0.357418
0.592009 -0.562908
-0.312732 0.745321
0.366745 0.866321
-0.396314 -0.00861966
-0.410008 -0.812927
0.343858 0.886528
-0.17119 -0.60433
-0.89113 -0.273517
0.783433 -0.353825
0.432348 -0.214927
0.678556 -0.30167
-0.665133 -0.228046
0.297412 -0.922321
-0.74787 -0.504806
0.810326 -0.023937
-0.436702 0.863217
-0.792128 -0.496832
0.0467571 -0.797236
0.245197 -0.845754
-0.406277 -0.312608
0.341913 0.594693
0.590185 -0.668709
-0.478582 -0.802484
-0.489728 -0.415511
-0.471217 -0.612253
0.437516 0.589183
0.744672 0.156477
-0.831765 -0.0952714
-0.908398 -0.0861517
-0.334943 0.0214743
0.681473 0.214343
-0.675628 0.598229
-0.762674 0.236611
-0.324252 0.197086
-0.414154 0.274789
-0.0267143 -0.129395
0.291826 -0.69897
-0.720996 0.250692
0.690595 -0.0209867
0.216425 0.10901
-0.655548 -0.459373
0.0890257 0.463332
0.703952 -0.367008
-0.83574 0.198688
0.391226 -0.534325
0.926187 -0.30796
0.10117 -0.942789
-0.562232 -0.132153
-0.463471 0.0658095
-0.952651 0.20561
0.920575 -0.191988
-0.413866 0.111716
0.0911211 -0.87859
-0.0453173 0.95012
0.84986 -0.198368
-0.471051 0.331597
-0.705459 -0.251221
0.285626 0.735244
-0.441033 0.532401
0.699927 -0.404948
-0.359947 -0.284832
0.717626 0.591985
0.192507 0.580083
-0.671511 -0.44226
-0.67638 -0.468043
-0.225082 -0.0905456
0.034772 0.749939
-0.0764656 0.114297
0.0845143 -0.0439406
0.100513 -0.768976
0.860332 -0.383439
-0.393987 0.133562
0.195813 -0.670356
0.780868 -0.171037
-0.104929 0.379903
-0.62568 0.700521
-0.0140758 -0.948279
-0.0992815 0.682604
0.699445 0.676326
-0.665327 -0.6504
0.754227 -0.387051
-0.0864308 0.420233
0.119049 0.391143
0.353735 0.707811
0.0500328 0.352372
0.96941 0.0846735
0.292356 0.274504
-0.404464 -0.546129
0.770925 0.566477
0.707965 0.336174
-0.627334 0.0140703
-0.177064 0.636579
0.421055 -0.258421
0.273871 0.700827
-0.169498 0.0773745
0.0191732 -0.901962
0.59693 -0.00761467
-0.186792 -0.027841
-0.23592 -0.381167
-0.391978 0.739013
-0.569954 -0.751329
0.555573 0.181165
0.287944 -0.826916
-0.346747 -0.760579
-0.366315 0.877497
-0.257323 0.82841
0.336099 0.834511
0.725903 0.253329
0.17525 0.265973
0.324029 0.373033
0.717046 0.273796
0.888405 -0.316686
0.21104 -0.107164
-0.0299796 0.684216
0.373999 0.668682
-0.756159 0.113175
0.80738 -0.404582
-0.630859 -0.358524
0.132354 0.84373
-0.343313 -0.382502
0.729593 0.0766088
-0.555195 0.789478
-0.448981 -0.0642698
-0.222597 0.59282
-0.504832 -0.651958
-0.0793921 0.661087
-0.417266 0.727376
0.0267831 -0.462392
-0.205939 -0.464436
0.071573 -0.105142
-0.744325 -0.546252
-0.279495 -0.493315
0.41922 -0.592524
-0.0195687 0.499827
-0.269517 -0.0244216
-0.721465 -0.607701
0.315776 -0.656748
-0.0814503 -0.97587
-0.373673 0.452027
0.207209 0.0313032
-0.0710191 0.00569971
-0.140303 -0.522686
-0.904638 -0.0421465
0.602717 0.322806
-0.434712 0.0448203
0.925429 0.258769
0.00938447 0.290384
-0.645653 -0.542667
0.295884 -0.0728762
0.468589 0.804918
0.0315533 -0.689167
0.880915 0.0386594
-0.0646262 -0.757916
0.762339 -0.403196
0.0727525 -0.301846
0.781699 0.579122
0.0351543 0.523126
0.744118 0.505995
-0.147038 0.851534
0.384819 -0.158792
0.716221 0.497885
0.558153 -0.818275
-0.206701 -0.546639
-0.619069 0.270679
-0.362541 0.722906
0.530551 0.564808
-0.205335 0.197744
-0.198537 -0.312313
0.247615 -0.230534
0.185784 0.740226
-0.804085 -0.147556
0.523689 -0.195175
0.631002 0.608311
-0.194753 -0.0183306
0.15112 0.613566
0.359922 0.568424
-0.507802 0.224465
-0.0434125 -0.0595839
-0.345172 0.0841331
0.0548164 -0.284921
-0.353734 -0.812899
0.64075 -0.706871
0.239427 0.073135
0.320898 0.651229
0.744034 0.611784
-0.512548 -0.353965
-0.245284 -0.760424
-0.611605 0.406636
-0.800991 -0.425252
0.169646 0.944866
-0.625027 0.631336
0.505614 0.355306
-0.682851 0.584528
0.791578 -0.347392
0.451363 -0.803457
-0.558155 -0.63474
-0.509095 -0.506913
-0.623659 -0.336825
0.805642 0.150938
-0.704342 -0.509753
0.230463 0.293066
0.0758506 -0.436056
-0.084682 -0.914937
-0.214396 -0.371564
0.440811 0.344492
0.754704 0.564672
-0.0881969 0.687021
-0.104973 0.434401
0.766402 -0.265086
-0.470637 -0.0204602
0.812681 -0.343529
-0.104269 0.36228
-0.460853 -0.590442
0.100522 0.929144
-0.564399 -0.596196
0.351807 -0.841894
0.86536 0.156372
-0.56805 -0.517423
0.133635 -0.863658
0.472378 0.247281
0.437802 0.829662
-0.269235 0.326342
-0.481504 0.459561
0.648962 0.475784
0.389212 -0.417403
0.618386 0.474551
-0.00158542 -0.897656
-0.422929 0.468942
-0.0872559 0.621792
0.704282 0.321918
-0.864636 0.392368
-0.426969 -0.83602
-0.667966 0.120307
0.086556 0.533798
-0.439528 -0.229971
0.38541 0.390676
-0.858983 0.107662
0.246445 0.652021
0.61988 0.688923
0.216356 0.496348
0.0431722 -0.0310477
0.193464 -0.501321
-0.308519 -0.745189
0.402392 0.116164
0.153601 -0.967535
0.216291 -0.25726
0.454952 -0.0165984
-0.361141 -0.636939
0.323331 -0.601076
-0.223946 -0.917699
0.221306 0.596901
0.515916 0.756185
-0.367331 0.733973
-0.57698 -0.11954
