-0.722086 0.564605
0.265196 -0.844257
0.308986 0.903424
0.0661719 -0.57519
-0.49703 -0.175317
-0.476542 -0.500305
-0.601834 -0.0507948
0.843638 -0.490413
-0.162681 -0.780542
-0.29446 -0.234298
0.00570432 0.127546
0.12368 -0.349192
-0.321606 0.230757
0.279299 0.227557
0.198021 0.979649
0.380376 -0.606833
-0.223237 0.750203
-0.78919 -0.121375
0.692301 -0.119593
0.0723612 -0.535986
0.0905736 -0.720098
0.491307 -0.398555
-0.319476 0.425734
0.784904 -0.437778
0.250838 -0.0826765
0.621795 0.373318
-0.227365 -0.374859
-0.549265 0.767164
0.251318 0.0317859
0.624065 0.261238
0.479854 -0.0895571
0.562737 -0.765202
-0.500366 -0.127669
0.0394171 -0.611272
-0.353832 -0.622365
0.70702 0.178128
0.601789 -0.274751
-0.175109 -0.948761
-0.0383784 -0.531809
-0.48653 0.635033
0.417808 0.716448
0.483815 -0.453903
-0.440377 0.797038
0.375075 -0.297131
-0.229364 -0.545667
-0.830193 -0.51696
0.511574 -0.628965
0.588771 -0.30481
0.249838 -0.57967
0.701101 -0.438949
0.14801 0.678663
0.85461 -0.468929
0.281867 -0.261173
-0.728602 0.331993
-0.15264 0.772203
-0.31316 0.829417
0.0999988 0.661085
-0.0710602 0.427181
-0.645625 0.373647
0.343222 -0.227609
0.225585 0.228654
0.0462942 -0.702354
0.910741 -0.394085
-0.614308 0.55414
-0.587423 0.636164
0.0603238 0.539
0.0268335 0.764047
-0.0436939 -0.387918
0.0955517 -0.341093
-0.0125427 -0.404901
0.259695 -0.0841923
-0.227092 -0.0309576
0.0261937 0.418956
-0.0971529 -0.887896
0.793353 -0.164789
0.0488816 -0.798166
0.202334 0.229219
0.635862 0.340426
0.0743148 0.253739
0.287976 -0.615216
0.0265454 -0.756713
0.124755 0.190722
0.283039 0.959105
0.6651 0.669027
0.941832 0.332794
0.838325 0.409574
0.0571198 -0.0299823
0.326492 0.698065
-0.313923 0.254133
0.405186 -0.865362
-0.566956 -0.194053
-0.727659 0.223478
0.671847 0.485808
0.0333773 -0.727801
0.550972 -0.0269254
0.545857 -0.528216
-0.596272 -0.626314
-0.00259809 -0.188186
0.814306 -0.412486
0.455523 -0.815948
